timestamp,time_s,cpu_run_util,mem_run_util,cpu_req_util,mem_req_util,running_p1,running_p2,running_p3,running_p4,unsched_p1,unsched_p2,unsched_p3,unsched_p4,deletions_cum_p1,deletions_cum_p2,deletions_cum_p3,deletions_cum_p4
2026/02/03/13:45:12,2.229194,0.134187,0.166383,0.149125,0.191853,9,3,3,2,2,1,0,0,0,0,0,0
2026/02/03/13:45:13,3.229300,0.241687,0.289871,0.250188,0.295427,18,7,3,2,0,1,0,0,0,0,0,0
2026/02/03/13:45:14,4.229415,0.360438,0.381153,0.360438,0.381153,22,11,8,2,0,0,0,0,0,0,0,0
2026/02/03/13:45:15,5.229518,0.465875,0.457472,0.465875,0.457472,24,13,12,4,0,0,0,0,0,0,0,0
2026/02/03/13:45:16,6.229620,0.554500,0.551763,0.554500,0.551763,28,14,15,7,0,0,0,0,0,0,0,0
2026/02/03/13:45:17,7.229715,0.676562,0.661071,0.687187,0.667422,35,16,15,10,1,0,0,0,0,0,0,0
2026/02/03/13:45:18,8.229803,0.796375,0.709535,0.819688,0.713497,38,19,16,13,0,0,1,0,0,0,0,0
2026/02/03/13:45:19,9.229899,0.862125,0.730690,0.885437,0.734652,38,20,17,16,0,0,1,0,0,0,0,0
2026/02/03/13:45:20,10.230043,0.892813,0.764408,0.916125,0.768369,42,20,17,16,0,0,1,0,0,0,0,0
2026/02/03/13:45:21,11.230191,0.897250,0.769057,0.920562,0.773019,43,20,17,16,0,0,1,0,0,0,0,0
2026/02/03/13:45:22,12.230277,0.906125,0.778356,0.929438,0.782317,45,20,17,16,0,0,1,0,0,0,0,0
2026/02/03/13:45:23,13.230430,0.906125,0.778356,0.929438,0.782317,45,20,17,16,0,0,1,0,0,0,0,0
2026/02/03/13:45:24,14.230582,0.926000,0.794089,0.999375,0.815628,45,23,17,16,2,0,2,0,0,0,0,0
2026/02/03/13:45:25,15.230731,0.933688,0.797998,1.014750,0.823445,45,24,17,16,2,1,2,0,0,0,0,0
2026/02/03/13:45:26,16.230824,0.945000,0.809188,1.026063,0.834635,46,26,17,16,2,1,2,0,0,0,0,0
2026/02/03/13:45:27,17.230919,0.951375,0.817452,1.032437,0.842900,46,28,17,16,2,1,2,0,0,0,0,0
2026/02/03/13:45:28,18.230996,0.951375,0.817452,1.032437,0.842900,46,28,17,16,2,1,2,0,0,0,0,0
2026/02/03/13:45:29,19.231160,0.951375,0.817452,1.032437,0.842900,46,28,17,16,2,1,2,0,0,0,0,0
2026/02/03/13:45:30,20.231251,0.919875,0.787013,0.993250,0.808553,40,29,17,16,2,0,2,0,6,0,0,0
2026/02/03/13:45:31,21.231386,0.919875,0.787013,0.993250,0.808553,40,29,17,16,2,0,2,0,6,0,0,0
2026/02/03/13:45:32,22.231470,0.919875,0.787013,0.993250,0.808553,40,29,17,16,2,0,2,0,6,0,0,0
2026/02/03/13:45:33,23.231591,0.919875,0.787013,0.993250,0.808553,40,29,17,16,2,0,2,0,6,0,0,0
2026/02/03/13:45:34,24.231721,0.919875,0.787013,0.993250,0.808553,40,29,17,16,2,0,2,0,6,0,0,0
2026/02/03/13:45:35,25.231851,0.919875,0.787013,0.993250,0.808553,40,29,17,16,2,0,2,0,6,0,0,0
2026/02/03/13:45:36,26.232010,0.919875,0.787013,0.993250,0.808553,40,29,17,16,2,0,2,0,6,0,0,0
2026/02/03/13:45:37,27.232178,0.919875,0.787013,0.993250,0.808553,40,29,17,16,2,0,2,0,6,0,0,0
2026/02/03/13:45:38,28.232330,0.919875,0.787013,0.993250,0.808553,40,29,17,16,2,0,2,0,6,0,0,0
2026/02/03/13:45:39,29.232422,0.919875,0.787013,0.993250,0.808553,40,29,17,16,2,0,2,0,6,0,0,0
2026/02/03/13:45:40,30.232511,0.919875,0.787013,0.993250,0.808553,40,29,17,16,2,0,2,0,6,0,0,0
2026/02/03/13:45:41,31.232662,0.919875,0.787013,0.993250,0.808553,40,29,17,16,2,0,2,0,6,0,0,0
2026/02/03/13:45:42,32.232765,0.919875,0.787013,0.993250,0.808553,40,29,17,16,2,0,2,0,6,0,0,0
2026/02/03/13:45:43,33.232846,0.919875,0.787013,0.993250,0.808553,40,29,17,16,2,0,2,0,6,0,0,0
2026/02/03/13:45:44,34.232944,0.919875,0.787013,0.993250,0.808553,40,29,17,16,2,0,2,0,6,0,0,0
2026/02/03/13:45:45,35.233095,0.919875,0.787013,0.993250,0.808553,40,29,17,16,2,0,2,0,6,0,0,0
2026/02/03/13:45:46,36.233191,0.919875,0.787013,0.993250,0.808553,40,29,17,16,2,0,2,0,6,0,0,0
2026/02/03/13:45:47,37.233295,0.919875,0.787013,0.993250,0.808553,40,29,17,16,2,0,2,0,6,0,0,0
2026/02/03/13:45:48,38.233416,0.919875,0.787013,0.993250,0.808553,40,29,17,16,2,0,2,0,6,0,0,0
2026/02/03/13:45:49,39.233516,0.919875,0.787013,0.993250,0.808553,40,29,17,16,2,0,2,0,6,0,0,0
2026/02/03/13:45:50,40.233608,0.919875,0.787013,0.993250,0.808553,40,29,17,16,2,0,2,0,6,0,0,0
2026/02/03/13:45:51,41.233712,0.919875,0.787013,0.993250,0.808553,40,29,17,16,2,0,2,0,6,0,0,0
2026/02/03/13:45:52,42.233858,0.919875,0.787013,0.993250,0.808553,40,29,17,16,2,0,2,0,6,0,0,0
2026/02/03/13:45:53,43.233922,0.919875,0.787013,0.993250,0.808553,40,29,17,16,2,0,2,0,6,0,0,0
2026/02/03/13:45:54,44.234033,0.919875,0.787013,0.993250,0.808553,40,29,17,16,2,0,2,0,6,0,0,0
2026/02/03/13:45:55,45.234145,0.919875,0.787013,0.993250,0.808553,40,29,17,16,2,0,2,0,6,0,0,0
2026/02/03/13:45:56,46.234226,0.919875,0.787013,0.993250,0.808553,40,29,17,16,2,0,2,0,6,0,0,0
2026/02/03/13:45:57,47.234314,0.919875,0.787013,0.993250,0.808553,40,29,17,16,2,0,2,0,6,0,0,0
2026/02/03/13:45:58,48.234414,0.919875,0.787013,0.993250,0.808553,40,29,17,16,2,0,2,0,6,0,0,0
2026/02/03/13:45:59,49.234518,0.919875,0.787013,0.993250,0.808553,40,29,17,16,2,0,2,0,6,0,0,0
2026/02/03/13:46:00,50.234612,0.919875,0.787013,0.993250,0.808553,40,29,17,16,2,0,2,0,6,0,0,0
2026/02/03/13:46:01,51.234716,0.919875,0.787013,0.993250,0.808553,40,29,17,16,2,0,2,0,6,0,0,0
2026/02/03/13:46:02,52.234817,0.919875,0.787013,0.993250,0.808553,40,29,17,16,2,0,2,0,6,0,0,0
2026/02/03/13:46:03,53.234904,0.919875,0.787013,0.993250,0.808553,40,29,17,16,2,0,2,0,6,0,0,0
2026/02/03/13:46:04,54.235006,0.919875,0.787013,0.993250,0.808553,40,29,17,16,2,0,2,0,6,0,0,0
2026/02/03/13:46:05,55.235096,0.919875,0.787013,0.993250,0.808553,40,29,17,16,2,0,2,0,6,0,0,0
2026/02/03/13:46:06,56.235209,0.919875,0.787013,0.993250,0.808553,40,29,17,16,2,0,2,0,6,0,0,0
2026/02/03/13:46:07,57.235303,0.919875,0.787013,0.993250,0.808553,40,29,17,16,2,0,2,0,6,0,0,0
2026/02/03/13:46:08,58.235425,0.919875,0.787013,0.993250,0.808553,40,29,17,16,2,0,2,0,6,0,0,0
2026/02/03/13:46:09,59.235570,0.919875,0.787013,0.993250,0.808553,40,29,17,16,2,0,2,0,6,0,0,0
2026/02/03/13:46:10,60.235646,0.919875,0.787013,0.993250,0.808553,40,29,17,16,2,0,2,0,6,0,0,0
2026/02/03/13:46:11,61.235769,0.919875,0.787013,0.993250,0.808553,40,29,17,16,2,0,2,0,6,0,0,0
2026/02/03/13:46:12,62.235851,0.916188,0.783301,0.989563,0.804840,40,28,17,16,2,0,2,0,6,1,0,0
2026/02/03/13:46:13,63.235954,0.916188,0.783301,0.989563,0.804840,40,28,17,16,2,0,2,0,6,1,0,0
2026/02/03/13:46:14,64.236051,0.916188,0.783301,0.989563,0.804840,40,28,17,16,2,0,2,0,6,1,0,0
2026/02/03/13:46:15,65.236145,0.916188,0.783301,0.989563,0.804840,40,28,17,16,2,0,2,0,6,1,0,0
2026/02/03/13:46:16,66.271644,0.916188,0.783301,0.989563,0.804840,40,28,17,16,2,0,2,0,6,1,0,0
2026/02/03/13:46:17,67.271756,0.916188,0.783301,0.989563,0.804840,40,28,17,16,2,0,2,0,6,1,0,0
2026/02/03/13:46:20,70.974195,0.916188,0.783301,0.989563,0.804840,40,28,17,16,2,0,2,0,6,1,0,0
2026/02/03/13:46:24,74.086126,0.916188,0.783301,0.989563,0.804840,40,28,17,16,2,0,2,0,6,1,0,0
2026/02/03/13:46:27,77.785184,0.916188,0.783301,0.989563,0.804840,40,28,17,16,2,0,2,0,6,1,0,0
2026/02/03/13:46:29,79.488864,0.916188,0.783301,0.989563,0.804840,40,28,17,16,2,0,2,0,6,1,0,0
2026/02/03/13:46:30,80.625070,0.960313,0.798776,0.989563,0.804840,41,28,19,16,1,0,0,0,10,1,0,0
2026/02/03/13:46:31,81.625216,0.960313,0.798776,0.989563,0.804840,41,28,19,16,1,0,0,0,10,1,0,0
2026/02/03/13:46:32,82.625314,0.960313,0.798776,0.989563,0.804840,41,28,19,16,1,0,0,0,10,1,0,0
2026/02/03/13:46:33,83.625445,0.960313,0.798776,0.989563,0.804840,41,28,19,16,1,0,0,0,10,1,0,0
2026/02/03/13:46:34,84.625535,0.960313,0.798776,0.989563,0.804840,41,28,19,16,1,0,0,0,10,1,0,0
2026/02/03/13:46:35,85.625695,0.960313,0.798776,0.989563,0.804840,41,28,19,16,1,0,0,0,10,1,0,0
2026/02/03/13:46:36,86.625785,0.960313,0.798776,0.989563,0.804840,41,28,19,16,1,0,0,0,10,1,0,0
2026/02/03/13:46:37,87.628415,0.960313,0.798776,0.989563,0.804840,41,28,19,16,1,0,0,0,10,1,0,0
2026/02/03/13:46:38,88.628482,0.960313,0.798776,0.989563,0.804840,41,28,19,16,1,0,0,0,10,1,0,0
2026/02/03/13:46:39,89.628579,0.960313,0.798776,0.989563,0.804840,41,28,19,16,1,0,0,0,10,1,0,0
2026/02/03/13:46:40,90.628674,0.960313,0.798776,0.989563,0.804840,41,28,19,16,1,0,0,0,10,1,0,0
2026/02/03/13:46:41,91.628836,0.960313,0.798776,0.989563,0.804840,41,28,19,16,1,0,0,0,10,1,0,0
2026/02/03/13:46:42,92.629000,0.960313,0.798776,0.989563,0.804840,41,28,19,16,1,0,0,0,10,1,0,0
2026/02/03/13:46:43,93.629099,0.960313,0.798776,0.989563,0.804840,41,28,19,16,1,0,0,0,10,1,0,0
2026/02/03/13:46:44,94.629187,0.960313,0.798776,0.989563,0.804840,41,28,19,16,1,0,0,0,10,1,0,0
2026/02/03/13:46:45,95.629282,0.960313,0.798776,0.989563,0.804840,41,28,19,16,1,0,0,0,10,1,0,0
2026/02/03/13:46:46,96.629399,0.960313,0.798776,0.989563,0.804840,41,28,19,16,1,0,0,0,10,1,0,0
2026/02/03/13:46:47,97.629564,0.960313,0.798776,0.989563,0.804840,41,28,19,16,1,0,0,0,10,1,0,0
2026/02/03/13:46:48,98.629723,0.960313,0.798776,0.989563,0.804840,41,28,19,16,1,0,0,0,10,1,0,0
2026/02/03/13:46:49,99.629879,0.955875,0.795431,0.985125,0.801495,40,28,19,16,1,0,0,0,11,1,0,0
2026/02/03/13:46:50,100.630036,0.955875,0.795431,0.985125,0.801495,40,28,19,16,1,0,0,0,11,1,0,0
2026/02/03/13:46:51,101.630207,0.955875,0.795431,0.985125,0.801495,40,28,19,16,1,0,0,0,11,1,0,0
2026/02/03/13:46:52,102.630310,0.955875,0.795431,0.985125,0.801495,40,28,19,16,1,0,0,0,11,1,0,0
2026/02/03/13:46:53,103.630472,0.955875,0.795431,1.004500,0.821868,40,28,19,16,1,0,1,0,11,1,0,0
2026/02/03/13:46:54,104.630572,0.955875,0.795431,1.004500,0.821868,40,28,19,16,1,0,1,0,11,1,0,0
2026/02/03/13:46:55,105.630734,0.955875,0.795431,1.004500,0.821868,40,28,19,16,1,0,1,0,11,1,0,0
2026/02/03/13:46:56,106.630898,0.955875,0.795431,1.004500,0.821868,40,28,19,16,1,0,1,0,11,1,0,0
2026/02/03/13:46:57,107.631055,0.955875,0.795431,1.004500,0.821868,40,28,19,16,1,0,1,0,11,1,0,0
2026/02/03/13:46:58,108.631211,0.955875,0.795431,1.004500,0.821868,40,28,19,16,1,0,1,0,11,1,0,0
2026/02/03/13:46:59,109.631402,0.955875,0.795431,1.004500,0.821868,40,28,19,16,1,0,1,0,11,1,0,0
2026/02/03/13:47:00,110.631498,0.955875,0.795431,1.004500,0.821868,40,28,19,16,1,0,1,0,11,1,0,0
2026/02/03/13:47:01,111.631596,0.955875,0.795431,1.004500,0.821868,40,28,19,16,1,0,1,0,11,1,0,0
2026/02/03/13:47:02,112.631757,0.955875,0.795431,1.004500,0.821868,40,28,19,16,1,0,1,0,11,1,0,0
2026/02/03/13:47:03,113.631920,0.955875,0.795431,1.004500,0.821868,40,28,19,16,1,0,1,0,11,1,0,0
2026/02/03/13:47:04,114.632093,0.962250,0.807462,1.051562,0.844701,42,28,19,16,1,0,4,0,11,1,0,0
2026/02/03/13:47:05,115.632243,0.962250,0.807462,1.051562,0.844701,42,28,19,16,1,0,4,0,11,1,0,0
2026/02/03/13:47:06,116.632337,0.962250,0.807462,1.010875,0.833899,42,28,19,16,1,0,1,0,11,1,0,0
2026/02/03/13:47:07,117.632409,0.955875,0.795431,1.004500,0.821868,40,28,19,16,1,0,1,0,13,1,0,0
2026/02/03/13:47:08,118.632494,0.955875,0.795431,1.004500,0.821868,40,28,19,16,1,0,1,0,13,1,0,0
2026/02/03/13:47:09,119.632600,0.955875,0.795431,1.004500,0.821868,40,28,19,16,1,0,1,0,13,1,0,0
2026/02/03/13:47:10,120.632761,0.955875,0.795431,1.004500,0.821868,40,28,19,16,1,0,1,0,13,1,0,0
2026/02/03/13:47:11,121.632921,0.955875,0.795431,1.004500,0.821868,40,28,19,16,1,0,1,0,13,1,0,0
2026/02/03/13:47:12,122.633084,0.955875,0.795431,1.004500,0.821868,40,28,19,16,1,0,1,0,13,1,0,0
2026/02/03/13:47:13,123.633254,0.955875,0.795431,1.004500,0.821868,40,28,19,16,1,0,1,0,13,1,0,0
2026/02/03/13:47:14,124.633424,0.955875,0.795431,1.004500,0.821868,40,28,19,16,1,0,1,0,13,1,0,0
2026/02/03/13:47:15,125.633614,0.955875,0.795431,1.004500,0.821868,40,28,19,16,1,0,1,0,13,1,0,0
2026/02/03/13:47:16,126.633711,0.955875,0.795431,1.004500,0.821868,40,28,19,16,1,0,1,0,13,1,0,0
2026/02/03/13:47:17,127.633812,0.955875,0.795431,1.004500,0.821868,40,28,19,16,1,0,1,0,13,1,0,0
2026/02/03/13:47:18,128.633885,0.959562,0.805891,0.988812,0.811955,40,29,19,16,1,0,0,0,13,1,0,0
2026/02/03/13:47:19,129.634095,0.959562,0.805891,0.988812,0.811955,40,29,19,16,1,0,0,0,13,1,0,0
2026/02/03/13:47:20,130.634242,0.959562,0.805891,0.988812,0.811955,40,29,19,16,1,0,0,0,13,1,0,0
2026/02/03/13:47:21,131.671554,0.959562,0.805891,0.988812,0.811955,40,29,19,16,1,0,0,0,13,1,0,0
2026/02/03/13:47:25,135.073998,0.959562,0.805891,0.988812,0.811955,40,29,19,16,1,0,0,0,13,1,0,0
2026/02/03/13:47:28,138.187297,0.959562,0.805891,0.988812,0.811955,40,29,19,16,1,0,0,0,13,1,0,0
2026/02/03/13:47:31,141.875035,0.959562,0.805891,0.988812,0.811955,40,29,19,16,1,0,0,0,13,1,0,0
2026/02/03/13:47:33,143.026270,0.959562,0.805891,0.988812,0.811955,40,29,19,16,1,0,0,0,13,1,0,0
2026/02/03/13:47:34,144.026409,0.959562,0.805891,0.988812,0.811955,40,29,19,16,1,0,0,0,13,1,0,0
2026/02/03/13:47:35,145.026571,0.959562,0.805891,0.988812,0.811955,40,29,19,16,1,0,0,0,13,1,0,0
2026/02/03/13:47:36,146.026681,0.959562,0.805891,0.988812,0.811955,40,29,19,16,1,0,0,0,13,1,0,0
2026/02/03/13:47:37,147.026769,0.959562,0.805891,0.988812,0.811955,40,29,19,16,1,0,0,0,13,1,0,0
2026/02/03/13:47:38,148.026894,0.959562,0.805891,0.988812,0.811955,40,29,19,16,1,0,0,0,13,1,0,0
2026/02/03/13:47:39,149.026975,0.959562,0.805891,0.988812,0.811955,40,29,19,16,1,0,0,0,13,1,0,0
2026/02/03/13:47:40,150.027166,0.959562,0.805891,0.988812,0.811955,40,29,19,16,1,0,0,0,13,1,0,0
2026/02/03/13:47:41,151.027210,0.959562,0.805891,0.988812,0.811955,40,29,19,16,1,0,0,0,13,1,0,0
2026/02/03/13:47:42,152.027333,0.959562,0.805891,0.988812,0.811955,40,29,19,16,1,0,0,0,13,1,0,0
2026/02/03/13:47:43,153.027448,0.959562,0.805891,0.988812,0.811955,40,29,19,16,1,0,0,0,13,1,0,0
2026/02/03/13:47:44,154.027542,0.959562,0.805891,0.988812,0.811955,40,29,19,16,1,0,0,0,13,1,0,0
2026/02/03/13:47:45,155.028478,0.959562,0.805891,0.988812,0.811955,40,29,19,16,1,0,0,0,13,1,0,0
2026/02/03/13:47:46,156.028592,0.959562,0.805891,0.988812,0.811955,40,29,19,16,1,0,0,0,13,1,0,0
2026/02/03/13:47:47,157.028689,0.959562,0.805891,0.988812,0.811955,40,29,19,16,1,0,0,0,13,1,0,0
2026/02/03/13:47:48,158.028769,0.959562,0.805891,0.988812,0.811955,40,29,19,16,1,0,0,0,13,1,0,0
2026/02/03/13:47:49,159.028876,0.959562,0.805891,0.988812,0.811955,40,29,19,16,1,0,0,0,13,1,0,0
2026/02/03/13:47:50,160.029022,0.959562,0.805891,0.988812,0.811955,40,29,19,16,1,0,0,0,13,1,0,0
2026/02/03/13:47:51,161.029122,0.959562,0.805891,0.988812,0.811955,40,29,19,16,1,0,0,0,13,1,0,0
2026/02/03/13:47:52,162.029271,0.959562,0.805891,0.988812,0.811955,40,29,19,16,1,0,0,0,13,1,0,0
2026/02/03/13:47:53,163.029381,0.956750,0.821968,0.986000,0.828032,40,27,22,16,1,0,0,0,13,3,0,0
2026/02/03/13:47:54,164.386182,0.956750,0.821968,0.986000,0.828032,40,27,22,16,1,0,0,0,13,3,0,0
2026/02/03/13:47:57,167.877167,0.956750,0.821968,0.986000,0.828032,40,27,22,16,1,0,0,0,13,3,0,0
2026/02/03/13:48:01,171.084129,0.956750,0.821968,0.986000,0.828032,40,27,22,16,1,0,0,0,13,3,0,0
2026/02/03/13:48:04,174.389776,0.944187,0.798074,0.973437,0.804138,40,27,19,16,1,0,0,0,13,3,3,0
2026/02/03/13:48:05,175.389946,0.952688,0.801534,0.981938,0.807597,40,27,19,17,1,0,0,0,13,3,3,0
2026/02/03/13:48:06,176.390096,0.952688,0.801534,0.981938,0.807597,40,27,19,17,1,0,0,0,13,3,3,0
2026/02/03/13:48:07,177.390246,0.943125,0.789136,0.972375,0.795200,40,24,19,17,1,0,0,0,13,6,3,0
2026/02/03/13:48:08,178.390428,0.943125,0.789136,0.972375,0.795200,40,24,19,17,1,0,0,0,13,6,3,0
2026/02/03/13:48:09,179.390530,0.934625,0.785677,0.963875,0.791741,40,24,19,16,1,0,0,0,13,6,3,1
2026/02/03/13:48:10,180.390639,0.934625,0.785677,0.963875,0.791741,40,24,19,16,1,0,0,0,13,6,3,1
2026/02/03/13:48:11,181.390789,0.934625,0.785677,0.963875,0.791741,40,24,19,16,1,0,0,0,13,6,3,1
2026/02/03/13:48:12,182.390892,0.934625,0.785677,0.963875,0.791741,40,24,19,16,1,0,0,0,13,6,3,1
2026/02/03/13:48:13,183.390976,0.934625,0.785677,0.963875,0.791741,40,24,19,16,1,0,0,0,13,6,3,1
2026/02/03/13:48:14,184.391108,0.934625,0.785677,0.963875,0.791741,40,24,19,16,1,0,0,0,13,6,3,1
2026/02/03/13:48:15,185.391268,0.946500,0.834305,0.979375,0.866278,43,24,19,16,2,0,0,0,13,6,3,1
2026/02/03/13:48:16,186.391384,0.946500,0.834305,0.979375,0.866278,43,24,19,16,2,0,0,0,13,6,3,1
2026/02/03/13:48:17,187.391524,0.946500,0.834305,0.979375,0.866278,43,24,19,16,2,0,0,0,13,6,3,1
2026/02/03/13:48:18,188.391671,0.946500,0.834305,0.979375,0.866278,43,24,19,16,2,0,0,0,13,6,3,1
2026/02/03/13:48:19,189.391769,0.946500,0.834305,0.979375,0.866278,43,24,19,16,2,0,0,0,13,6,3,1
2026/02/03/13:48:20,190.391869,0.946500,0.834305,0.979375,0.866278,43,24,19,16,2,0,0,0,13,6,3,1
2026/02/03/13:48:21,191.391972,0.946500,0.834305,1.058188,0.898140,43,24,19,16,5,0,2,0,13,6,3,1
2026/02/03/13:48:22,192.392062,0.946500,0.834305,1.058188,0.898140,43,24,19,16,5,0,2,0,13,6,3,1
2026/02/03/13:48:23,193.392211,0.946500,0.834305,1.058188,0.898140,43,24,19,16,5,0,2,0,13,6,3,1
2026/02/03/13:48:24,194.392376,0.946500,0.834305,1.058188,0.898140,43,24,19,16,5,0,2,0,13,6,3,1
2026/02/03/13:48:25,195.392507,0.946500,0.834305,0.989500,0.861504,43,24,19,16,1,0,2,0,13,6,3,1
2026/02/03/13:48:26,196.392596,0.942875,0.808395,0.985875,0.835594,42,24,19,16,1,0,2,0,14,6,3,1
2026/02/03/13:48:27,197.392704,0.942875,0.808395,0.985875,0.835594,42,24,19,16,1,0,2,0,14,6,3,1
2026/02/03/13:48:28,198.392809,0.942875,0.808395,0.985875,0.835594,42,24,19,16,1,0,2,0,14,6,3,1
2026/02/03/13:48:29,199.392958,0.942875,0.808395,0.985875,0.835594,42,24,19,16,1,0,2,0,14,6,3,1
2026/02/03/13:48:30,200.393107,0.942875,0.808395,0.985875,0.835594,42,24,19,16,1,0,2,0,14,6,3,1
2026/02/03/13:48:31,201.393203,0.942875,0.808395,0.985875,0.835594,42,24,19,16,1,0,2,0,14,6,3,1
2026/02/03/13:48:32,202.393301,0.942875,0.808395,0.985875,0.835594,42,24,19,16,1,0,2,0,14,6,3,1
2026/02/03/13:48:33,203.393424,0.942875,0.808395,0.985875,0.835594,42,24,19,16,1,0,2,0,14,6,3,1
2026/02/03/13:48:34,204.393566,0.942875,0.808395,0.985875,0.835594,42,24,19,16,1,0,2,0,14,6,3,1
2026/02/03/13:48:35,205.393713,0.942875,0.808395,0.985875,0.835594,42,24,19,16,1,0,2,0,14,6,3,1
2026/02/03/13:48:36,206.393809,0.942875,0.808395,0.985875,0.835594,42,24,19,16,1,0,2,0,14,6,3,1
2026/02/03/13:48:37,207.393905,0.942875,0.808395,0.985875,0.835594,42,24,19,16,1,0,2,0,14,6,3,1
2026/02/03/13:48:38,208.394066,0.942875,0.808395,0.985875,0.835594,42,24,19,16,1,0,2,0,14,6,3,1
2026/02/03/13:48:39,209.394165,0.941500,0.796244,0.977625,0.812876,40,24,20,16,1,0,1,0,16,6,3,1
2026/02/03/13:48:40,210.394253,0.941500,0.796244,0.977625,0.812876,40,24,20,16,1,0,1,0,16,6,3,1
2026/02/03/13:48:41,211.394340,0.941500,0.796244,0.977625,0.812876,40,24,20,16,1,0,1,0,16,6,3,1
2026/02/03/13:48:42,212.394419,0.941500,0.796244,0.977625,0.812876,40,24,20,16,1,0,1,0,16,6,3,1
2026/02/03/13:48:43,213.394526,0.941500,0.796244,0.977625,0.812876,40,24,20,16,1,0,1,0,16,6,3,1
2026/02/03/13:48:44,214.394695,0.941500,0.796244,0.977625,0.812876,40,24,20,16,1,0,1,0,16,6,3,1
2026/02/03/13:48:45,215.394843,0.941500,0.796244,0.977625,0.812876,40,24,20,16,1,0,1,0,16,6,3,1
2026/02/03/13:48:46,216.395030,0.941500,0.796244,0.977625,0.812876,40,24,20,16,1,0,1,0,16,6,3,1
2026/02/03/13:48:47,217.395184,0.941500,0.796244,0.977625,0.812876,40,24,20,16,1,0,1,0,16,6,3,1
2026/02/03/13:48:48,218.395335,0.941500,0.796244,0.977625,0.812876,40,24,20,16,1,0,1,0,16,6,3,1
2026/02/03/13:48:49,219.395494,0.941500,0.796244,0.977625,0.812876,40,24,20,16,1,0,1,0,16,6,3,1
2026/02/03/13:48:50,220.395647,0.941500,0.796244,0.977625,0.812876,40,24,20,16,1,0,1,0,16,6,3,1
2026/02/03/13:48:51,221.395801,0.941500,0.796244,0.977625,0.812876,40,24,20,16,1,0,1,0,16,6,3,1
2026/02/03/13:48:52,222.395947,0.941500,0.796244,0.977625,0.812876,40,24,20,16,1,0,1,0,16,6,3,1
2026/02/03/13:48:53,223.396100,0.941500,0.796244,0.977625,0.812876,40,24,20,16,1,0,1,0,16,6,3,1
2026/02/03/13:48:54,224.396259,0.941500,0.796244,0.977625,0.812876,40,24,20,16,1,0,1,0,16,6,3,1
2026/02/03/13:48:55,225.396511,0.941500,0.796244,0.977625,0.812876,40,24,20,16,1,0,1,0,16,6,3,1
2026/02/03/13:48:56,226.396554,0.941500,0.796244,0.977625,0.812876,40,24,20,16,1,0,1,0,16,6,3,1
2026/02/03/13:48:57,227.396659,0.941500,0.796244,0.977625,0.812876,40,24,20,16,1,0,1,0,16,6,3,1
2026/02/03/13:48:58,228.396775,0.941500,0.796244,0.977625,0.812876,40,24,20,16,1,0,1,0,16,6,3,1
2026/02/03/13:48:59,229.396881,0.941500,0.796244,0.977625,0.812876,40,24,20,16,1,0,1,0,16,6,3,1
2026/02/03/13:49:00,230.396971,0.941500,0.796244,0.977625,0.812876,40,24,20,16,1,0,1,0,16,6,3,1
2026/02/03/13:49:01,231.397067,0.941500,0.796244,0.977625,0.812876,40,24,20,16,1,0,1,0,16,6,3,1
2026/02/03/13:49:02,232.397165,0.941500,0.796244,0.977625,0.812876,40,24,20,16,1,0,1,0,16,6,3,1
2026/02/03/13:49:03,233.397267,0.941500,0.796244,0.977625,0.812876,40,24,20,16,1,0,1,0,16,6,3,1
2026/02/03/13:49:04,234.397420,0.941500,0.796244,0.977625,0.812876,40,24,20,16,1,0,1,0,16,6,3,1
2026/02/03/13:49:05,235.397518,0.941500,0.796244,0.977625,0.812876,40,24,20,16,1,0,1,0,16,6,3,1
2026/02/03/13:49:06,236.397628,0.941500,0.796244,0.977625,0.812876,40,24,20,16,1,0,1,0,16,6,3,1
2026/02/03/13:49:07,237.397725,0.941500,0.796244,0.977625,0.812876,40,24,20,16,1,0,1,0,16,6,3,1
2026/02/03/13:49:08,238.397821,0.941500,0.796244,0.977625,0.812876,40,24,20,16,1,0,1,0,16,6,3,1
2026/02/03/13:49:09,239.397916,0.941500,0.796244,0.977625,0.812876,40,24,20,16,1,0,1,0,16,6,3,1
2026/02/03/13:49:10,240.398018,0.941500,0.796244,0.977625,0.812876,40,24,20,16,1,0,1,0,16,6,3,1
2026/02/03/13:49:11,241.398119,0.941500,0.796244,0.977625,0.812876,40,24,20,16,1,0,1,0,16,6,3,1
2026/02/03/13:49:12,242.398210,0.941500,0.796244,0.977625,0.812876,40,24,20,16,1,0,1,0,16,6,3,1
2026/02/03/13:49:13,243.398306,0.941500,0.796244,0.977625,0.812876,40,24,20,16,1,0,1,0,16,6,3,1
2026/02/03/13:49:14,244.398460,0.941500,0.796244,0.977625,0.812876,40,24,20,16,1,0,1,0,16,6,3,1
2026/02/03/13:49:15,245.398557,0.941500,0.796244,0.977625,0.812876,40,24,20,16,1,0,1,0,16,6,3,1
2026/02/03/13:49:16,246.398661,0.941500,0.796244,0.977625,0.812876,40,24,20,16,1,0,1,0,16,6,3,1
2026/02/03/13:49:17,247.398755,0.941500,0.796244,0.977625,0.812876,40,24,20,16,1,0,1,0,16,6,3,1
2026/02/03/13:49:18,248.398856,0.941500,0.796244,0.977625,0.812876,40,24,20,16,1,0,1,0,16,6,3,1
2026/02/03/13:49:19,249.399034,0.941500,0.796244,0.977625,0.812876,40,24,20,16,1,0,1,0,16,6,3,1
2026/02/03/13:49:20,250.399135,0.941500,0.796244,0.977625,0.812876,40,24,20,16,1,0,1,0,16,6,3,1
2026/02/03/13:49:21,251.399229,0.941500,0.796244,0.977625,0.812876,40,24,20,16,1,0,1,0,16,6,3,1
2026/02/03/13:49:22,252.399339,0.941500,0.796244,0.977625,0.812876,40,24,20,16,1,0,1,0,16,6,3,1
2026/02/03/13:49:23,253.399418,0.941500,0.796244,0.977625,0.812876,40,24,20,16,1,0,1,0,16,6,3,1
2026/02/03/13:49:24,254.399579,0.941500,0.796244,0.977625,0.812876,40,24,20,16,1,0,1,0,16,6,3,1
2026/02/03/13:49:25,255.399679,0.941500,0.796244,0.977625,0.812876,40,24,20,16,1,0,1,0,16,6,3,1
2026/02/03/13:49:26,256.399791,0.941500,0.796244,0.977625,0.812876,40,24,20,16,1,0,1,0,16,6,3,1
2026/02/03/13:49:27,257.399948,0.941500,0.796244,0.977625,0.812876,40,24,20,16,1,0,1,0,16,6,3,1
2026/02/03/13:49:28,258.400033,0.941500,0.796244,0.977625,0.812876,40,24,20,16,1,0,1,0,16,6,3,1
2026/02/03/13:49:29,259.400126,0.941500,0.796244,0.977625,0.812876,40,24,20,16,1,0,1,0,16,6,3,1
2026/02/03/13:49:30,260.812372,0.941500,0.796244,0.977625,0.812876,40,24,20,16,1,0,1,0,16,6,3,1
2026/02/03/13:49:31,261.812520,0.977625,0.812876,0.977625,0.812876,41,24,21,16,0,0,0,0,21,6,3,1
2026/02/03/13:49:32,262.812696,0.977625,0.812876,0.977625,0.812876,41,24,21,16,0,0,0,0,21,6,3,1
2026/02/03/13:49:33,263.812860,0.977625,0.812876,0.977625,0.812876,41,24,21,16,0,0,0,0,21,6,3,1
2026/02/03/13:49:34,264.813029,0.977625,0.812876,0.977625,0.812876,41,24,21,16,0,0,0,0,21,6,3,1
2026/02/03/13:49:35,265.813204,0.977625,0.812876,0.977625,0.812876,41,24,21,16,0,0,0,0,21,6,3,1
2026/02/03/13:49:36,266.813355,0.977625,0.812876,0.977625,0.812876,41,24,21,16,0,0,0,0,21,6,3,1
2026/02/03/13:49:37,267.813525,0.977625,0.812876,0.977625,0.812876,41,24,21,16,0,0,0,0,21,6,3,1
2026/02/03/13:49:38,268.813646,0.977625,0.812876,0.977625,0.812876,41,24,21,16,0,0,0,0,21,6,3,1
2026/02/03/13:49:39,269.813775,0.977625,0.812876,0.977625,0.812876,41,24,21,16,0,0,0,0,21,6,3,1
2026/02/03/13:49:40,270.813845,0.977625,0.812876,0.977625,0.812876,41,24,21,16,0,0,0,0,21,6,3,1
2026/02/03/13:49:41,271.813954,0.977625,0.812876,0.977625,0.812876,41,24,21,16,0,0,0,0,21,6,3,1
2026/02/03/13:49:42,272.814136,0.977625,0.812876,0.977625,0.812876,41,24,21,16,0,0,0,0,21,6,3,1
2026/02/03/13:49:43,273.814297,0.977625,0.812876,0.977625,0.812876,41,24,21,16,0,0,0,0,21,6,3,1
2026/02/03/13:49:44,274.814480,0.977625,0.812876,0.977625,0.812876,41,24,21,16,0,0,0,0,21,6,3,1
2026/02/03/13:49:45,275.814638,0.977625,0.812876,0.977625,0.812876,41,24,21,16,0,0,0,0,21,6,3,1
2026/02/03/13:49:46,276.814745,0.977625,0.812876,0.977625,0.812876,41,24,21,16,0,0,0,0,21,6,3,1
2026/02/03/13:49:47,277.814842,0.977625,0.812876,0.977625,0.812876,41,24,21,16,0,0,0,0,21,6,3,1
2026/02/03/13:49:48,278.814976,0.977625,0.812876,0.977625,0.812876,41,24,21,16,0,0,0,0,21,6,3,1
2026/02/03/13:49:49,279.815063,0.977625,0.812876,0.977625,0.812876,41,24,21,16,0,0,0,0,21,6,3,1
2026/02/03/13:49:50,280.815239,0.977625,0.812876,0.977625,0.812876,41,24,21,16,0,0,0,0,21,6,3,1
2026/02/03/13:49:51,281.815409,0.977625,0.812876,0.977625,0.812876,41,24,21,16,0,0,0,0,21,6,3,1
2026/02/03/13:49:52,282.815571,0.977625,0.812876,0.977625,0.812876,41,24,21,16,0,0,0,0,21,6,3,1
2026/02/03/13:49:53,283.815735,0.977625,0.812876,0.977625,0.812876,41,24,21,16,0,0,0,0,21,6,3,1
2026/02/03/13:49:54,284.815892,0.977625,0.812876,0.977625,0.812876,41,24,21,16,0,0,0,0,21,6,3,1
2026/02/03/13:49:55,285.816072,0.977625,0.812876,0.977625,0.812876,41,24,21,16,0,0,0,0,21,6,3,1
2026/02/03/13:49:56,286.816158,0.977625,0.812876,0.977625,0.812876,41,24,21,16,0,0,0,0,21,6,3,1
2026/02/03/13:49:57,287.816315,0.977625,0.812876,0.977625,0.812876,41,24,21,16,0,0,0,0,21,6,3,1
2026/02/03/13:49:58,288.816499,0.977625,0.812876,0.977625,0.812876,41,24,21,16,0,0,0,0,21,6,3,1
2026/02/03/13:49:59,289.816601,0.977625,0.812876,0.977625,0.812876,41,24,21,16,0,0,0,0,21,6,3,1
2026/02/03/13:50:00,290.816750,0.977625,0.812876,0.977625,0.812876,41,24,21,16,0,0,0,0,21,6,3,1
2026/02/03/13:50:01,291.816839,0.977625,0.812876,0.977625,0.812876,41,24,21,16,0,0,0,0,21,6,3,1
2026/02/03/13:50:02,292.816975,0.977625,0.812876,0.977625,0.812876,41,24,21,16,0,0,0,0,21,6,3,1
2026/02/03/13:50:03,293.817160,0.977625,0.812876,0.977625,0.812876,41,24,21,16,0,0,0,0,21,6,3,1
2026/02/03/13:50:04,294.817307,0.977625,0.812876,0.977625,0.812876,41,24,21,16,0,0,0,0,21,6,3,1
2026/02/03/13:50:05,295.817589,0.977625,0.812876,0.977625,0.812876,41,24,21,16,0,0,0,0,21,6,3,1
2026/02/03/13:50:06,296.817689,0.977625,0.812876,0.977625,0.812876,41,24,21,16,0,0,0,0,21,6,3,1
2026/02/03/13:50:07,297.817791,0.977625,0.812876,0.977625,0.812876,41,24,21,16,0,0,0,0,21,6,3,1
2026/02/03/13:50:08,298.817954,0.977625,0.812876,0.977625,0.812876,41,24,21,16,0,0,0,0,21,6,3,1
2026/02/03/13:50:09,299.818115,0.977625,0.812876,0.977625,0.812876,41,24,21,16,0,0,0,0,21,6,3,1
2026/02/03/13:50:10,300.818278,0.977625,0.812876,0.977625,0.812876,41,24,21,16,0,0,0,0,21,6,3,1
2026/02/03/13:50:11,301.818438,0.977625,0.812876,0.977625,0.812876,41,24,21,16,0,0,0,0,21,6,3,1
2026/02/03/13:50:12,302.818525,0.977625,0.812876,0.977625,0.812876,41,24,21,16,0,0,0,0,21,6,3,1
2026/02/03/13:50:13,303.818638,0.977625,0.812876,0.977625,0.812876,41,24,21,16,0,0,0,0,21,6,3,1
2026/02/03/13:50:14,304.818796,0.977625,0.812876,0.977625,0.812876,41,24,21,16,0,0,0,0,21,6,3,1
2026/02/03/13:50:15,305.818898,0.977625,0.812876,0.977625,0.812876,41,24,21,16,0,0,0,0,21,6,3,1
2026/02/03/13:50:16,306.818980,0.977625,0.812876,0.977625,0.812876,41,24,21,16,0,0,0,0,21,6,3,1
2026/02/03/13:50:17,307.819085,0.977625,0.812876,0.977625,0.812876,41,24,21,16,0,0,0,0,21,6,3,1
2026/02/03/13:50:18,308.819252,0.977625,0.812876,0.977625,0.812876,41,24,21,16,0,0,0,0,21,6,3,1
2026/02/03/13:50:19,309.819427,0.977625,0.812876,0.977625,0.812876,41,24,21,16,0,0,0,0,21,6,3,1
2026/02/03/13:50:20,310.819588,0.977625,0.812876,0.977625,0.812876,41,24,21,16,0,0,0,0,21,6,3,1
2026/02/03/13:50:21,311.819752,0.977625,0.812876,0.977625,0.812876,41,24,21,16,0,0,0,0,21,6,3,1
2026/02/03/13:50:22,312.819925,0.957750,0.797142,0.957750,0.797142,41,21,21,16,0,0,0,0,21,9,3,1
2026/02/03/13:50:23,313.820043,0.957750,0.797142,0.957750,0.797142,41,21,21,16,0,0,0,0,21,9,3,1
2026/02/03/13:50:24,314.820158,0.957750,0.797142,0.957750,0.797142,41,21,21,16,0,0,0,0,21,9,3,1
2026/02/03/13:50:25,315.820252,0.957750,0.797142,0.957750,0.797142,41,21,21,16,0,0,0,0,21,9,3,1
2026/02/03/13:50:26,316.820412,0.957750,0.797142,0.957750,0.797142,41,21,21,16,0,0,0,0,21,9,3,1
2026/02/03/13:50:27,317.820573,0.957750,0.797142,0.957750,0.797142,41,21,21,16,0,0,0,0,21,9,3,1
2026/02/03/13:50:28,318.820737,0.957750,0.797142,0.957750,0.797142,41,21,21,16,0,0,0,0,21,9,3,1
2026/02/03/13:50:29,319.820896,0.957750,0.797142,0.957750,0.797142,41,21,21,16,0,0,0,0,21,9,3,1
2026/02/03/13:50:30,320.821056,0.957750,0.797142,0.957750,0.797142,41,21,21,16,0,0,0,0,21,9,3,1
2026/02/03/13:50:31,321.821213,0.957750,0.797142,0.957750,0.797142,41,21,21,16,0,0,0,0,21,9,3,1
2026/02/03/13:50:32,322.821323,0.957750,0.797142,0.957750,0.797142,41,21,21,16,0,0,0,0,21,9,3,1
2026/02/03/13:50:33,323.821442,0.957750,0.797142,0.957750,0.797142,41,21,21,16,0,0,0,0,21,9,3,1
2026/02/03/13:50:34,324.821543,0.957750,0.797142,0.957750,0.797142,41,21,21,16,0,0,0,0,21,9,3,1
2026/02/03/13:50:35,325.821652,0.957750,0.797142,0.957750,0.797142,41,21,21,16,0,0,0,0,21,9,3,1
2026/02/03/13:50:36,326.821750,0.957750,0.797142,0.957750,0.797142,41,21,21,16,0,0,0,0,21,9,3,1
2026/02/03/13:50:37,327.821872,0.957750,0.797142,0.957750,0.797142,41,21,21,16,0,0,0,0,21,9,3,1
2026/02/03/13:50:38,328.822029,0.957750,0.797142,0.957750,0.797142,41,21,21,16,0,0,0,0,21,9,3,1
2026/02/03/13:50:39,329.822134,0.957750,0.797142,0.957750,0.797142,41,21,21,16,0,0,0,0,21,9,3,1
2026/02/03/13:50:40,330.822268,0.957750,0.797142,0.957750,0.797142,41,21,21,16,0,0,0,0,21,9,3,1
2026/02/03/13:50:41,331.822443,0.957750,0.797142,0.957750,0.797142,41,21,21,16,0,0,0,0,21,9,3,1
2026/02/03/13:50:42,332.822549,0.957750,0.797142,0.957750,0.797142,41,21,21,16,0,0,0,0,21,9,3,1
2026/02/03/13:50:43,333.822645,0.957750,0.797142,0.957750,0.797142,41,21,21,16,0,0,0,0,21,9,3,1
2026/02/03/13:50:44,334.822790,0.957750,0.797142,0.957750,0.797142,41,21,21,16,0,0,0,0,21,9,3,1
2026/02/03/13:50:45,335.822903,0.957750,0.797142,0.957750,0.797142,41,21,21,16,0,0,0,0,21,9,3,1
2026/02/03/13:50:46,336.823006,0.957750,0.797142,0.957750,0.797142,41,21,21,16,0,0,0,0,21,9,3,1
2026/02/03/13:50:47,337.823183,0.957750,0.797142,0.957750,0.797142,41,21,21,16,0,0,0,0,21,9,3,1
2026/02/03/13:50:48,338.823361,0.957750,0.797142,0.957750,0.797142,41,21,21,16,0,0,0,0,21,9,3,1
2026/02/03/13:50:49,339.823527,0.957750,0.797142,0.957750,0.797142,41,21,21,16,0,0,0,0,21,9,3,1
2026/02/03/13:50:50,340.823618,0.957750,0.797142,0.957750,0.797142,41,21,21,16,0,0,0,0,21,9,3,1
2026/02/03/13:50:51,341.823716,0.957750,0.797142,0.957750,0.797142,41,21,21,16,0,0,0,0,21,9,3,1
2026/02/03/13:50:52,342.823849,0.957750,0.797142,0.957750,0.797142,41,21,21,16,0,0,0,0,21,9,3,1
2026/02/03/13:50:53,343.824019,0.957750,0.797142,0.957750,0.797142,41,21,21,16,0,0,0,0,21,9,3,1
2026/02/03/13:50:54,344.824164,0.957750,0.797142,0.957750,0.797142,41,21,21,16,0,0,0,0,21,9,3,1
2026/02/03/13:50:55,345.824266,0.957750,0.797142,0.957750,0.797142,41,21,21,16,0,0,0,0,21,9,3,1
2026/02/03/13:50:56,346.824377,0.957750,0.797142,0.957750,0.797142,41,21,21,16,0,0,0,0,21,9,3,1
2026/02/03/13:50:57,347.824511,0.957750,0.797142,0.957750,0.797142,41,21,21,16,0,0,0,0,21,9,3,1
2026/02/03/13:50:58,348.824661,0.968313,0.810750,0.968313,0.810750,43,22,21,16,0,0,0,0,21,9,3,1
2026/02/03/13:50:59,349.824822,0.968313,0.810750,0.968313,0.810750,43,22,21,16,0,0,0,0,21,9,3,1
2026/02/03/13:51:00,350.824982,0.968313,0.810750,0.968313,0.810750,43,22,21,16,0,0,0,0,21,9,3,1
2026/02/03/13:51:01,351.825143,0.968313,0.810750,0.968313,0.810750,43,22,21,16,0,0,0,0,21,9,3,1
2026/02/03/13:51:02,352.825252,0.968313,0.810750,0.968313,0.810750,43,22,21,16,0,0,0,0,21,9,3,1
2026/02/03/13:51:03,353.825389,0.968313,0.810750,0.968313,0.810750,43,22,21,16,0,0,0,0,21,9,3,1
2026/02/03/13:51:04,354.825459,0.968313,0.810750,0.968313,0.810750,43,22,21,16,0,0,0,0,21,9,3,1
2026/02/03/13:51:05,355.825565,0.968313,0.810750,0.968313,0.810750,43,22,21,16,0,0,0,0,21,9,3,1
2026/02/03/13:51:06,356.825710,0.968313,0.810750,0.968313,0.810750,43,22,21,16,0,0,0,0,21,9,3,1
2026/02/03/13:51:07,357.825895,0.968313,0.810750,0.968313,0.810750,43,22,21,16,0,0,0,0,21,9,3,1
2026/02/03/13:51:08,358.826055,0.968313,0.810750,0.968313,0.810750,43,22,21,16,0,0,0,0,21,9,3,1
2026/02/03/13:51:09,359.826162,0.968313,0.810750,0.968313,0.810750,43,22,21,16,0,0,0,0,21,9,3,1
2026/02/03/13:51:10,360.826332,0.968313,0.810750,0.968313,0.810750,43,22,21,16,0,0,0,0,21,9,3,1
2026/02/03/13:51:11,361.826511,0.968313,0.810750,0.968313,0.810750,43,22,21,16,0,0,0,0,21,9,3,1
2026/02/03/13:51:12,362.826662,0.968313,0.810750,0.968313,0.810750,43,22,21,16,0,0,0,0,21,9,3,1
2026/02/03/13:51:13,363.826825,0.968313,0.810750,0.968313,0.810750,43,22,21,16,0,0,0,0,21,9,3,1
2026/02/03/13:51:14,364.826947,0.968313,0.810750,0.968313,0.810750,43,22,21,16,0,0,0,0,21,9,3,1
2026/02/03/13:51:15,365.827120,0.968313,0.810750,0.968313,0.810750,43,22,21,16,0,0,0,0,21,9,3,1
2026/02/03/13:51:16,366.827207,0.968313,0.810750,0.968313,0.810750,43,22,21,16,0,0,0,0,21,9,3,1
2026/02/03/13:51:17,367.827382,0.968313,0.810750,0.968313,0.810750,43,22,21,16,0,0,0,0,21,9,3,1
2026/02/03/13:51:18,368.827522,0.961812,0.801986,0.961812,0.801986,41,22,21,16,0,0,0,0,23,9,3,1
2026/02/03/13:51:19,369.827685,0.961812,0.801986,0.961812,0.801986,41,22,21,16,0,0,0,0,23,9,3,1
2026/02/03/13:51:20,370.827858,0.961812,0.801986,0.961812,0.801986,41,22,21,16,0,0,0,0,23,9,3,1
2026/02/03/13:51:21,371.827938,0.961812,0.801986,0.961812,0.801986,41,22,21,16,0,0,0,0,23,9,3,1
2026/02/03/13:51:22,372.828005,0.961812,0.801986,0.961812,0.801986,41,22,21,16,0,0,0,0,23,9,3,1
2026/02/03/13:51:23,373.828212,0.961812,0.801986,0.961812,0.801986,41,22,21,16,0,0,0,0,23,9,3,1
2026/02/03/13:51:24,374.828255,0.961812,0.801986,0.961812,0.801986,41,22,21,16,0,0,0,0,23,9,3,1
2026/02/03/13:51:25,375.828367,0.961812,0.801986,0.961812,0.801986,41,22,21,16,0,0,0,0,23,9,3,1
2026/02/03/13:51:26,376.828424,0.961812,0.801986,0.961812,0.801986,41,22,21,16,0,0,0,0,23,9,3,1
2026/02/03/13:51:27,377.828533,0.961812,0.801986,0.961812,0.801986,41,22,21,16,0,0,0,0,23,9,3,1
2026/02/03/13:51:28,378.828620,0.961812,0.801986,0.961812,0.801986,41,22,21,16,0,0,0,0,23,9,3,1
2026/02/03/13:51:29,379.828776,0.961812,0.801986,0.961812,0.801986,41,22,21,16,0,0,0,0,23,9,3,1
2026/02/03/13:51:30,380.828924,0.961812,0.801986,0.961812,0.801986,41,22,21,16,0,0,0,0,23,9,3,1
2026/02/03/13:51:31,381.829014,0.961812,0.801986,0.961812,0.801986,41,22,21,16,0,0,0,0,23,9,3,1
2026/02/03/13:51:32,382.829125,0.961812,0.801986,0.961812,0.801986,41,22,21,16,0,0,0,0,23,9,3,1
2026/02/03/13:51:33,383.829288,0.961812,0.801986,0.961812,0.801986,41,22,21,16,0,0,0,0,23,9,3,1
2026/02/03/13:51:34,384.829438,0.961812,0.801986,0.961812,0.801986,41,22,21,16,0,0,0,0,23,9,3,1
2026/02/03/13:51:35,385.829551,0.961812,0.801986,0.961812,0.801986,41,22,21,16,0,0,0,0,23,9,3,1
2026/02/03/13:51:36,386.829639,0.961812,0.801986,0.961812,0.801986,41,22,21,16,0,0,0,0,23,9,3,1
2026/02/03/13:51:37,387.829799,0.961812,0.801986,0.961812,0.801986,41,22,21,16,0,0,0,0,23,9,3,1
2026/02/03/13:51:38,388.829967,0.961812,0.801986,0.961812,0.801986,41,22,21,16,0,0,0,0,23,9,3,1
2026/02/03/13:51:39,389.830146,0.961812,0.801986,0.961812,0.801986,41,22,21,16,0,0,0,0,23,9,3,1
2026/02/03/13:51:40,390.830304,0.961812,0.801986,0.961812,0.801986,41,22,21,16,0,0,0,0,23,9,3,1
2026/02/03/13:51:41,391.830425,0.961812,0.801986,0.961812,0.801986,41,22,21,16,0,0,0,0,23,9,3,1
2026/02/03/13:51:42,392.830584,0.961812,0.801986,0.961812,0.801986,41,22,21,16,0,0,0,0,23,9,3,1
2026/02/03/13:51:43,393.830666,0.961812,0.801986,0.961812,0.801986,41,22,21,16,0,0,0,0,23,9,3,1
2026/02/03/13:51:44,394.830827,0.961812,0.801986,0.961812,0.801986,41,22,21,16,0,0,0,0,23,9,3,1
2026/02/03/13:51:45,395.830993,0.961812,0.801986,0.961812,0.801986,41,22,21,16,0,0,0,0,23,9,3,1
2026/02/03/13:51:46,396.831158,0.961812,0.801986,0.961812,0.801986,41,22,21,16,0,0,0,0,23,9,3,1
2026/02/03/13:51:47,397.831263,0.961812,0.801986,0.961812,0.801986,41,22,21,16,0,0,0,0,23,9,3,1
2026/02/03/13:51:48,398.831391,0.961812,0.801986,0.961812,0.801986,41,22,21,16,0,0,0,0,23,9,3,1
2026/02/03/13:51:49,399.831550,0.961812,0.801986,0.961812,0.801986,41,22,21,16,0,0,0,0,23,9,3,1
2026/02/03/13:51:50,400.831741,0.961812,0.801986,0.961812,0.801986,41,22,21,16,0,0,0,0,23,9,3,1
2026/02/03/13:51:51,401.831896,0.961812,0.801986,0.961812,0.801986,41,22,21,16,0,0,0,0,23,9,3,1
2026/02/03/13:51:52,402.832057,0.961812,0.801986,0.961812,0.801986,41,22,21,16,0,0,0,0,23,9,3,1
2026/02/03/13:51:53,403.832200,0.961812,0.801986,0.961812,0.801986,41,22,21,16,0,0,0,0,23,9,3,1
2026/02/03/13:51:54,404.832320,0.961812,0.801986,0.961812,0.801986,41,22,21,16,0,0,0,0,23,9,3,1
2026/02/03/13:51:55,405.832478,0.961812,0.801986,0.961812,0.801986,41,22,21,16,0,0,0,0,23,9,3,1
2026/02/03/13:51:56,406.832601,0.961812,0.801986,0.961812,0.801986,41,22,21,16,0,0,0,0,23,9,3,1
2026/02/03/13:51:57,407.832695,0.961812,0.801986,0.961812,0.801986,41,22,21,16,0,0,0,0,23,9,3,1
2026/02/03/13:51:58,408.832792,0.961812,0.801986,0.961812,0.801986,41,22,21,16,0,0,0,0,23,9,3,1
2026/02/03/13:51:59,409.832969,0.961812,0.801986,0.961812,0.801986,41,22,21,16,0,0,0,0,23,9,3,1
2026/02/03/13:52:00,410.833128,0.961812,0.801986,0.961812,0.801986,41,22,21,16,0,0,0,0,23,9,3,1
2026/02/03/13:52:01,411.833288,0.961812,0.801986,0.961812,0.801986,41,22,21,16,0,0,0,0,23,9,3,1
2026/02/03/13:52:02,412.833455,0.961812,0.801986,0.961812,0.801986,41,22,21,16,0,0,0,0,23,9,3,1
2026/02/03/13:52:03,413.833569,0.961812,0.801986,0.961812,0.801986,41,22,21,16,0,0,0,0,23,9,3,1
2026/02/03/13:52:04,414.833729,0.961812,0.801986,0.961812,0.801986,41,22,21,16,0,0,0,0,23,9,3,1
2026/02/03/13:52:05,415.833891,0.961812,0.801986,0.961812,0.801986,41,22,21,16,0,0,0,0,23,9,3,1
2026/02/03/13:52:06,416.834039,0.956250,0.783299,0.956250,0.783299,40,22,21,16,0,0,0,0,24,9,3,1
2026/02/03/13:52:07,417.834135,0.956250,0.783299,0.956250,0.783299,40,22,21,16,0,0,0,0,24,9,3,1
2026/02/03/13:52:08,418.834245,0.956250,0.783299,0.956250,0.783299,40,22,21,16,0,0,0,0,24,9,3,1
2026/02/03/13:52:09,419.834419,0.956250,0.783299,0.956250,0.783299,40,22,21,16,0,0,0,0,24,9,3,1
2026/02/03/13:52:10,420.834578,0.956250,0.783299,0.956250,0.783299,40,22,21,16,0,0,0,0,24,9,3,1
2026/02/03/13:52:11,421.834732,0.956250,0.783299,0.956250,0.783299,40,22,21,16,0,0,0,0,24,9,3,1
2026/02/03/13:52:12,422.834916,0.956250,0.783299,0.956250,0.783299,40,22,21,16,0,0,0,0,24,9,3,1
2026/02/03/13:52:13,423.835101,0.915000,0.776166,0.915000,0.776166,38,22,21,16,0,0,0,0,26,9,3,1
2026/02/03/13:52:14,424.835210,0.915000,0.776166,0.915000,0.776166,38,22,21,16,0,0,0,0,26,9,3,1
2026/02/03/13:52:15,425.835386,0.915000,0.776166,0.915000,0.776166,38,22,21,16,0,0,0,0,26,9,3,1
2026/02/03/13:52:16,426.835521,0.915000,0.776166,0.915000,0.776166,38,22,21,16,0,0,0,0,26,9,3,1
2026/02/03/13:52:17,427.835701,0.915000,0.776166,0.915000,0.776166,38,22,21,16,0,0,0,0,26,9,3,1
2026/02/03/13:52:18,428.835854,0.915000,0.776166,0.915000,0.776166,38,22,21,16,0,0,0,0,26,9,3,1
2026/02/03/13:52:19,429.836011,0.915000,0.776166,0.915000,0.776166,38,22,21,16,0,0,0,0,26,9,3,1
2026/02/03/13:52:20,430.836119,0.915000,0.776166,0.915000,0.776166,38,22,21,16,0,0,0,0,26,9,3,1
2026/02/03/13:52:21,431.836229,0.915000,0.776166,0.915000,0.776166,38,22,21,16,0,0,0,0,26,9,3,1
2026/02/03/13:52:22,432.836400,0.915000,0.776166,0.915000,0.776166,38,22,21,16,0,0,0,0,26,9,3,1
2026/02/03/13:52:23,433.836500,0.915000,0.776166,0.915000,0.776166,38,22,21,16,0,0,0,0,26,9,3,1
2026/02/03/13:52:24,434.836658,0.915000,0.776166,0.915000,0.776166,38,22,21,16,0,0,0,0,26,9,3,1
2026/02/03/13:52:25,435.836818,0.915000,0.776166,0.915000,0.776166,38,22,21,16,0,0,0,0,26,9,3,1
2026/02/03/13:52:26,436.836908,0.915000,0.776166,0.915000,0.776166,38,22,21,16,0,0,0,0,26,9,3,1
2026/02/03/13:52:27,437.837009,0.915000,0.776166,0.915000,0.776166,38,22,21,16,0,0,0,0,26,9,3,1
2026/02/03/13:52:28,438.837166,0.915000,0.776166,0.915000,0.776166,38,22,21,16,0,0,0,0,26,9,3,1
2026/02/03/13:52:29,439.837329,0.915000,0.776166,0.915000,0.776166,38,22,21,16,0,0,0,0,26,9,3,1
2026/02/03/13:52:30,440.837488,0.915000,0.776166,0.915000,0.776166,38,22,21,16,0,0,0,0,26,9,3,1
2026/02/03/13:52:31,441.837659,0.915000,0.776166,0.915000,0.776166,38,22,21,16,0,0,0,0,26,9,3,1
2026/02/03/13:52:32,442.837816,0.915000,0.776166,0.915000,0.776166,38,22,21,16,0,0,0,0,26,9,3,1
2026/02/03/13:52:33,443.837976,0.915000,0.776166,0.915000,0.776166,38,22,21,16,0,0,0,0,26,9,3,1
2026/02/03/13:52:34,444.838132,0.915000,0.776166,0.915000,0.776166,38,22,21,16,0,0,0,0,26,9,3,1
2026/02/03/13:52:35,445.838294,0.915000,0.776166,0.915000,0.776166,38,22,21,16,0,0,0,0,26,9,3,1
2026/02/03/13:52:36,446.838418,0.915000,0.776166,0.915000,0.776166,38,22,21,16,0,0,0,0,26,9,3,1
2026/02/03/13:52:37,447.838582,0.915000,0.776166,0.915000,0.776166,38,22,21,16,0,0,0,0,26,9,3,1
2026/02/03/13:52:38,448.838725,0.915000,0.776166,0.915000,0.776166,38,22,21,16,0,0,0,0,26,9,3,1
2026/02/03/13:52:39,449.838920,0.915000,0.776166,0.915000,0.776166,38,22,21,16,0,0,0,0,26,9,3,1
2026/02/03/13:52:40,450.838955,0.915000,0.776166,0.915000,0.776166,38,22,21,16,0,0,0,0,26,9,3,1
2026/02/03/13:52:41,451.839061,0.915000,0.776166,0.915000,0.776166,38,22,21,16,0,0,0,0,26,9,3,1
2026/02/03/13:52:42,452.839178,0.915000,0.776166,0.915000,0.776166,38,22,21,16,0,0,0,0,26,9,3,1
2026/02/03/13:52:43,453.839271,0.915000,0.776166,0.915000,0.776166,38,22,21,16,0,0,0,0,26,9,3,1
2026/02/03/13:52:44,454.839437,0.915000,0.776166,0.915000,0.776166,38,22,21,16,0,0,0,0,26,9,3,1
2026/02/03/13:52:45,455.839538,0.915000,0.776166,0.915000,0.776166,38,22,21,16,0,0,0,0,26,9,3,1
2026/02/03/13:52:46,456.839672,0.915000,0.776166,0.915000,0.776166,38,22,21,16,0,0,0,0,26,9,3,1
2026/02/03/13:52:47,457.839844,0.915000,0.776166,0.915000,0.776166,38,22,21,16,0,0,0,0,26,9,3,1
2026/02/03/13:52:48,458.839995,0.915000,0.776166,0.915000,0.776166,38,22,21,16,0,0,0,0,26,9,3,1
2026/02/03/13:52:49,459.840152,0.933063,0.806951,0.933063,0.806951,40,25,21,16,0,0,0,0,26,9,3,1
2026/02/03/13:52:50,460.840322,0.933063,0.806951,0.933063,0.806951,40,25,21,16,0,0,0,0,26,9,3,1
2026/02/03/13:52:51,461.840495,0.933063,0.806951,0.933063,0.806951,40,25,21,16,0,0,0,0,26,9,3,1
2026/02/03/13:52:52,462.840607,0.933063,0.806951,0.933063,0.806951,40,25,21,16,0,0,0,0,26,9,3,1
2026/02/03/13:52:53,463.840721,0.941438,0.813939,1.035625,0.832514,42,25,21,16,0,3,0,2,26,9,3,1
2026/02/03/13:52:54,464.840837,0.941438,0.813939,1.035625,0.832514,42,25,21,16,0,3,0,2,26,9,3,1
2026/02/03/13:52:55,465.840964,0.941438,0.813939,1.035625,0.832514,42,25,21,16,0,3,0,2,26,9,3,1
2026/02/03/13:52:56,466.841070,0.941438,0.813939,1.035625,0.832514,42,25,21,16,0,3,0,2,26,9,3,1
2026/02/03/13:52:57,467.841176,0.941438,0.813939,1.035625,0.832514,42,25,21,16,0,3,0,2,26,9,3,1
2026/02/03/13:52:58,468.841315,0.937438,0.786946,1.017562,0.801729,40,23,21,16,0,2,0,2,28,12,3,1
2026/02/03/13:52:59,469.841441,0.937438,0.786946,1.017562,0.801729,40,23,21,16,0,2,0,2,28,12,3,1
2026/02/03/13:53:00,470.841566,0.937438,0.786946,1.017562,0.801729,40,23,21,16,0,2,0,2,28,12,3,1
2026/02/03/13:53:01,471.841677,0.937438,0.786946,1.017562,0.801729,40,23,21,16,0,2,0,2,28,12,3,1
2026/02/03/13:53:02,472.841790,0.937438,0.786946,1.017562,0.801729,40,23,21,16,0,2,0,2,28,12,3,1
2026/02/03/13:53:03,473.841906,0.937438,0.786946,1.017562,0.801729,40,23,21,16,0,2,0,2,28,12,3,1
2026/02/03/13:53:04,474.842018,0.937438,0.786946,1.017562,0.801729,40,23,21,16,0,2,0,2,28,12,3,1
2026/02/03/13:53:05,475.842127,0.937438,0.786946,1.017562,0.801729,40,23,21,16,0,2,0,2,28,12,3,1
2026/02/03/13:53:06,476.842219,0.934312,0.773306,1.000375,0.784296,38,24,20,16,0,1,0,2,30,12,4,1
2026/02/03/13:53:07,477.842327,0.934312,0.773306,1.000375,0.784296,38,24,20,16,0,1,0,2,30,12,4,1
2026/02/03/13:53:08,478.842500,0.934312,0.773306,1.000375,0.784296,38,24,20,16,0,1,0,2,30,12,4,1
2026/02/03/13:53:09,479.842630,0.934312,0.773306,1.000375,0.784296,38,24,20,16,0,1,0,2,30,12,4,1
2026/02/03/13:53:10,480.842772,0.934312,0.773306,1.000375,0.784296,38,24,20,16,0,1,0,2,30,12,4,1
2026/02/03/13:53:11,481.842887,0.934312,0.773306,1.000375,0.784296,38,24,20,16,0,1,0,2,30,12,4,1
2026/02/03/13:53:12,482.842990,0.934312,0.773306,1.000375,0.784296,38,24,20,16,0,1,0,2,30,12,4,1
2026/02/03/13:53:13,483.843089,0.934312,0.773306,1.000375,0.784296,38,24,20,16,0,1,0,2,30,12,4,1
2026/02/03/13:53:14,484.843232,0.934312,0.773306,1.000375,0.784296,38,24,20,16,0,1,0,2,30,12,4,1
2026/02/03/13:53:15,485.843457,0.934312,0.773306,1.000375,0.784296,38,24,20,16,0,1,0,2,30,12,4,1
2026/02/03/13:53:16,486.843552,0.934312,0.773306,1.000375,0.784296,38,24,20,16,0,1,0,2,30,12,4,1
2026/02/03/13:53:17,487.843756,0.934312,0.773306,1.000375,0.784296,38,24,20,16,0,1,0,2,30,12,4,1
2026/02/03/13:53:18,488.843858,0.934312,0.773306,1.000375,0.784296,38,24,20,16,0,1,0,2,30,12,4,1
2026/02/03/13:53:19,489.843967,0.934312,0.773306,1.000375,0.784296,38,24,20,16,0,1,0,2,30,12,4,1
2026/02/03/13:53:20,490.844093,0.934312,0.773306,1.000375,0.784296,38,24,20,16,0,1,0,2,30,12,4,1
2026/02/03/13:53:21,491.844221,0.934312,0.773306,1.000375,0.784296,38,24,20,16,0,1,0,2,30,12,4,1
2026/02/03/13:53:22,492.844326,0.934312,0.773306,1.000375,0.784296,38,24,20,16,0,1,0,2,30,12,4,1
2026/02/03/13:53:23,493.844484,0.934312,0.773306,1.000375,0.784296,38,24,20,16,0,1,0,2,30,12,4,1
2026/02/03/13:53:24,494.844656,0.934312,0.773306,1.000375,0.784296,38,24,20,16,0,1,0,2,30,12,4,1
2026/02/03/13:53:25,495.844823,0.934312,0.773306,1.000375,0.784296,38,24,20,16,0,1,0,2,30,12,4,1
2026/02/03/13:53:26,496.844977,0.934312,0.773306,1.000375,0.784296,38,24,20,16,0,1,0,2,30,12,4,1
2026/02/03/13:53:27,497.845094,0.934312,0.773306,1.000375,0.784296,38,24,20,16,0,1,0,2,30,12,4,1
2026/02/03/13:53:28,498.845198,0.934312,0.773306,1.000375,0.784296,38,24,20,16,0,1,0,2,30,12,4,1
2026/02/03/13:53:29,499.845393,0.934312,0.773306,1.000375,0.784296,38,24,20,16,0,1,0,2,30,12,4,1
2026/02/03/13:53:30,500.845528,0.934312,0.773306,1.000375,0.784296,38,24,20,16,0,1,0,2,30,12,4,1
2026/02/03/13:53:31,501.845690,0.934312,0.773306,1.000375,0.784296,38,24,20,16,0,1,0,2,30,12,4,1
2026/02/03/13:53:32,502.845814,0.934312,0.773306,1.000375,0.784296,38,24,20,16,0,1,0,2,30,12,4,1
2026/02/03/13:53:33,503.845917,0.934312,0.773306,1.000375,0.784296,38,24,20,16,0,1,0,2,30,12,4,1
2026/02/03/13:53:34,504.846037,0.934312,0.773306,1.000375,0.784296,38,24,20,16,0,1,0,2,30,12,4,1
2026/02/03/13:53:35,505.846127,0.934312,0.773306,1.000375,0.784296,38,24,20,16,0,1,0,2,30,12,4,1
2026/02/03/13:53:36,506.846221,0.906188,0.765721,0.958187,0.772919,38,22,20,16,0,0,0,2,30,14,4,1
2026/02/03/13:53:37,507.846403,0.906188,0.765721,0.958187,0.772919,38,22,20,16,0,0,0,2,30,14,4,1
2026/02/03/13:53:38,508.846564,0.906188,0.765721,0.958187,0.772919,38,22,20,16,0,0,0,2,30,14,4,1
2026/02/03/13:53:39,509.846680,0.906188,0.765721,0.958187,0.772919,38,22,20,16,0,0,0,2,30,14,4,1
2026/02/03/13:53:40,510.846793,0.906188,0.765721,0.958187,0.772919,38,22,20,16,0,0,0,2,30,14,4,1
2026/02/03/13:53:41,511.846896,0.906188,0.765721,0.958187,0.772919,38,22,20,16,0,0,0,2,30,14,4,1
2026/02/03/13:53:42,512.846987,0.906188,0.765721,0.958187,0.772919,38,22,20,16,0,0,0,2,30,14,4,1
2026/02/03/13:53:43,513.847075,0.906188,0.765721,0.958187,0.772919,38,22,20,16,0,0,0,2,30,14,4,1
2026/02/03/13:53:44,514.847178,0.906188,0.765721,0.958187,0.772919,38,22,20,16,0,0,0,2,30,14,4,1
2026/02/03/13:53:45,515.847336,0.906188,0.765721,0.958187,0.772919,38,22,20,16,0,0,0,2,30,14,4,1
2026/02/03/13:53:46,516.847481,0.906188,0.765721,0.958187,0.772919,38,22,20,16,0,0,0,2,30,14,4,1
2026/02/03/13:53:47,517.847644,0.906188,0.765721,0.958187,0.772919,38,22,20,16,0,0,0,2,30,14,4,1
2026/02/03/13:53:48,518.847796,0.906188,0.765721,0.958187,0.772919,38,22,20,16,0,0,0,2,30,14,4,1
2026/02/03/13:53:49,519.847910,0.906188,0.765721,0.958187,0.772919,38,22,20,16,0,0,0,2,30,14,4,1
2026/02/03/13:53:50,520.848088,0.906188,0.765721,0.958187,0.772919,38,22,20,16,0,0,0,2,30,14,4,1
2026/02/03/13:53:51,521.848134,0.906188,0.765721,0.958187,0.772919,38,22,20,16,0,0,0,2,30,14,4,1
2026/02/03/13:53:52,522.848239,0.906188,0.765721,0.958187,0.772919,38,22,20,16,0,0,0,2,30,14,4,1
2026/02/03/13:53:53,523.848340,0.906188,0.765721,0.958187,0.772919,38,22,20,16,0,0,0,2,30,14,4,1
2026/02/03/13:53:54,524.848489,0.906188,0.765721,0.958187,0.772919,38,22,20,16,0,0,0,2,30,14,4,1
2026/02/03/13:53:55,525.848591,0.906188,0.765721,0.958187,0.772919,38,22,20,16,0,0,0,2,30,14,4,1
2026/02/03/13:53:56,526.848696,0.906188,0.765721,0.958187,0.772919,38,22,20,16,0,0,0,2,30,14,4,1
2026/02/03/13:53:57,527.848844,0.906188,0.765721,0.958187,0.772919,38,22,20,16,0,0,0,2,30,14,4,1
2026/02/03/13:53:58,528.848998,0.906188,0.765721,0.958187,0.772919,38,22,20,16,0,0,0,2,30,14,4,1
2026/02/03/13:53:59,529.849156,0.906188,0.765721,0.958187,0.772919,38,22,20,16,0,0,0,2,30,14,4,1
2026/02/03/13:54:00,530.849310,0.906188,0.765721,0.958187,0.772919,38,22,20,16,0,0,0,2,30,14,4,1
2026/02/03/13:54:01,531.849433,0.906188,0.765721,0.958187,0.772919,38,22,20,16,0,0,0,2,30,14,4,1
2026/02/03/13:54:02,532.849550,0.906188,0.765721,0.958187,0.772919,38,22,20,16,0,0,0,2,30,14,4,1
2026/02/03/13:54:03,533.849652,0.906188,0.765721,0.958187,0.772919,38,22,20,16,0,0,0,2,30,14,4,1
2026/02/03/13:54:04,534.849743,0.906188,0.765721,0.958187,0.772919,38,22,20,16,0,0,0,2,30,14,4,1
2026/02/03/13:54:05,535.849902,0.906188,0.765721,0.958187,0.772919,38,22,20,16,0,0,0,2,30,14,4,1
2026/02/03/13:54:06,536.850046,0.906188,0.765721,0.958187,0.772919,38,22,20,16,0,0,0,2,30,14,4,1
2026/02/03/13:54:07,537.850198,0.906188,0.765721,0.958187,0.772919,38,22,20,16,0,0,0,2,30,14,4,1
2026/02/03/13:54:08,538.850379,0.906188,0.765721,0.958187,0.772919,38,22,20,16,0,0,0,2,30,14,4,1
2026/02/03/13:54:09,539.850475,0.906188,0.765721,0.958187,0.772919,38,22,20,16,0,0,0,2,30,14,4,1
2026/02/03/13:54:10,540.850625,0.906188,0.765721,0.958187,0.772919,38,22,20,16,0,0,0,2,30,14,4,1
2026/02/03/13:54:11,541.850790,0.906188,0.765721,0.958187,0.772919,38,22,20,16,0,0,0,2,30,14,4,1
2026/02/03/13:54:12,542.850933,0.906188,0.765721,0.958187,0.772919,38,22,20,16,0,0,0,2,30,14,4,1
2026/02/03/13:54:13,543.851035,0.906188,0.765721,0.958187,0.772919,38,22,20,16,0,0,0,2,30,14,4,1
2026/02/03/13:54:14,544.851126,0.906188,0.765721,0.958187,0.772919,38,22,20,16,0,0,0,2,30,14,4,1
2026/02/03/13:54:15,545.851235,0.906188,0.765721,0.958187,0.772919,38,22,20,16,0,0,0,2,30,14,4,1
2026/02/03/13:54:16,546.851321,0.906188,0.765721,0.958187,0.772919,38,22,20,16,0,0,0,2,30,14,4,1
2026/02/03/13:54:17,547.851418,0.958187,0.772919,0.958187,0.772919,38,22,20,18,0,0,0,0,32,14,4,1
2026/02/03/13:54:18,548.851577,0.958187,0.772919,0.958187,0.772919,38,22,20,18,0,0,0,0,32,14,4,1
2026/02/03/13:54:19,549.851730,0.958187,0.772919,0.958187,0.772919,38,22,20,18,0,0,0,0,32,14,4,1
2026/02/03/13:54:20,550.851897,0.958187,0.772919,0.958187,0.772919,38,22,20,18,0,0,0,0,32,14,4,1
2026/02/03/13:54:21,551.851994,0.958187,0.772919,0.958187,0.772919,38,22,20,18,0,0,0,0,32,14,4,1
2026/02/03/13:54:22,552.852158,0.958187,0.772919,0.958187,0.772919,38,22,20,18,0,0,0,0,32,14,4,1
2026/02/03/13:54:23,553.852257,0.958187,0.772919,0.958187,0.772919,38,22,20,18,0,0,0,0,32,14,4,1
2026/02/03/13:54:24,554.852417,0.958187,0.772919,0.958187,0.772919,38,22,20,18,0,0,0,0,32,14,4,1
2026/02/03/13:54:25,555.852535,0.958187,0.772919,0.958187,0.772919,38,22,20,18,0,0,0,0,32,14,4,1
2026/02/03/13:54:26,556.852694,0.958187,0.772919,0.958187,0.772919,38,22,20,18,0,0,0,0,32,14,4,1
2026/02/03/13:54:27,557.852795,0.958187,0.772919,0.958187,0.772919,38,22,20,18,0,0,0,0,32,14,4,1
2026/02/03/13:54:28,558.852907,0.958187,0.772919,0.958187,0.772919,38,22,20,18,0,0,0,0,32,14,4,1
2026/02/03/13:54:29,559.852999,0.958187,0.772919,0.958187,0.772919,38,22,20,18,0,0,0,0,32,14,4,1
2026/02/03/13:54:30,560.853150,0.958187,0.772919,0.958187,0.772919,38,22,20,18,0,0,0,0,32,14,4,1
2026/02/03/13:54:31,561.853303,0.958187,0.772919,0.958187,0.772919,38,22,20,18,0,0,0,0,32,14,4,1
2026/02/03/13:54:32,562.853461,0.958187,0.772919,0.958187,0.772919,38,22,20,18,0,0,0,0,32,14,4,1
2026/02/03/13:54:33,563.853608,0.958187,0.772919,0.958187,0.772919,38,22,20,18,0,0,0,0,32,14,4,1
2026/02/03/13:54:34,564.853706,0.958187,0.772919,0.958187,0.772919,38,22,20,18,0,0,0,0,32,14,4,1
2026/02/03/13:54:35,565.853824,0.958187,0.772919,0.958187,0.772919,38,22,20,18,0,0,0,0,32,14,4,1
2026/02/03/13:54:36,566.853934,0.958187,0.772919,0.958187,0.772919,38,22,20,18,0,0,0,0,32,14,4,1
2026/02/03/13:54:37,567.854034,0.958187,0.772919,0.958187,0.772919,38,22,20,18,0,0,0,0,32,14,4,1
2026/02/03/13:54:38,568.854188,0.958187,0.772919,0.958187,0.772919,38,22,20,18,0,0,0,0,32,14,4,1
2026/02/03/13:54:39,569.854278,0.958187,0.772919,0.958187,0.772919,38,22,20,18,0,0,0,0,32,14,4,1
2026/02/03/13:54:40,570.854427,0.958187,0.772919,0.958187,0.772919,38,22,20,18,0,0,0,0,32,14,4,1
2026/02/03/13:54:41,571.854575,0.958187,0.772919,0.958187,0.772919,38,22,20,18,0,0,0,0,32,14,4,1
2026/02/03/13:54:42,572.854725,0.958187,0.772919,0.958187,0.772919,38,22,20,18,0,0,0,0,32,14,4,1
2026/02/03/13:54:43,573.854819,0.958187,0.772919,0.958187,0.772919,38,22,20,18,0,0,0,0,32,14,4,1
2026/02/03/13:54:44,574.854923,0.958187,0.772919,0.958187,0.772919,38,22,20,18,0,0,0,0,32,14,4,1
2026/02/03/13:54:45,575.855086,0.958187,0.772919,0.958187,0.772919,38,22,20,18,0,0,0,0,32,14,4,1
2026/02/03/13:54:46,576.855163,0.958187,0.772919,0.958187,0.772919,38,22,20,18,0,0,0,0,32,14,4,1
2026/02/03/13:54:47,577.855283,0.958187,0.772919,0.958187,0.772919,38,22,20,18,0,0,0,0,32,14,4,1
2026/02/03/13:54:48,578.855432,0.958187,0.772919,0.958187,0.772919,38,22,20,18,0,0,0,0,32,14,4,1
2026/02/03/13:54:49,579.855587,0.958187,0.772919,0.958187,0.772919,38,22,20,18,0,0,0,0,32,14,4,1
2026/02/03/13:54:50,580.855698,0.958187,0.772919,0.958187,0.772919,38,22,20,18,0,0,0,0,32,14,4,1
2026/02/03/13:54:51,581.855855,0.958187,0.772919,0.958187,0.772919,38,22,20,18,0,0,0,0,32,14,4,1
2026/02/03/13:54:52,582.856015,0.958187,0.772919,0.958187,0.772919,38,22,20,18,0,0,0,0,32,14,4,1
2026/02/03/13:54:53,583.856171,0.958187,0.772919,0.958187,0.772919,38,22,20,18,0,0,0,0,32,14,4,1
2026/02/03/13:54:54,584.856367,0.958187,0.772919,0.958187,0.772919,38,22,20,18,0,0,0,0,32,14,4,1
2026/02/03/13:54:55,585.856536,0.958187,0.772919,0.958187,0.772919,38,22,20,18,0,0,0,0,32,14,4,1
2026/02/03/13:54:56,586.856682,0.958187,0.772919,0.958187,0.772919,38,22,20,18,0,0,0,0,32,14,4,1
2026/02/03/13:54:57,587.856858,0.958187,0.772919,0.958187,0.772919,38,22,20,18,0,0,0,0,32,14,4,1
2026/02/03/13:54:58,588.857013,0.958187,0.772919,0.958187,0.772919,38,22,20,18,0,0,0,0,32,14,4,1
2026/02/03/13:54:59,589.857174,0.958187,0.772919,0.958187,0.772919,38,22,20,18,0,0,0,0,32,14,4,1
2026/02/03/13:55:00,590.857280,0.958187,0.772919,0.958187,0.772919,38,22,20,18,0,0,0,0,32,14,4,1
2026/02/03/13:55:01,591.857414,0.958187,0.772919,0.958187,0.772919,38,22,20,18,0,0,0,0,32,14,4,1
2026/02/03/13:55:02,592.857562,0.958187,0.772919,0.958187,0.772919,38,22,20,18,0,0,0,0,32,14,4,1
2026/02/03/13:55:03,593.857660,0.958187,0.772919,0.958187,0.772919,38,22,20,18,0,0,0,0,32,14,4,1
2026/02/03/13:55:04,594.857828,0.958187,0.772919,0.958187,0.772919,38,22,20,18,0,0,0,0,32,14,4,1
2026/02/03/13:55:05,595.857980,0.958187,0.772919,0.958187,0.772919,38,22,20,18,0,0,0,0,32,14,4,1
2026/02/03/13:55:06,596.858131,0.958187,0.772919,0.958187,0.772919,38,22,20,18,0,0,0,0,32,14,4,1
2026/02/03/13:55:07,597.858281,0.958187,0.772919,0.958187,0.772919,38,22,20,18,0,0,0,0,32,14,4,1
2026/02/03/13:55:08,598.858445,0.958187,0.772919,0.958187,0.772919,38,22,20,18,0,0,0,0,32,14,4,1
2026/02/03/13:55:09,599.858534,0.958187,0.772919,0.958187,0.772919,38,22,20,18,0,0,0,0,32,14,4,1
2026/02/03/13:55:10,600.858781,0.958187,0.772919,0.958187,0.772919,38,22,20,18,0,0,0,0,32,14,4,1
2026/02/03/13:55:11,601.858889,0.958187,0.772919,0.958187,0.772919,38,22,20,18,0,0,0,0,32,14,4,1
2026/02/03/13:55:12,602.859004,0.958187,0.772919,0.958187,0.772919,38,22,20,18,0,0,0,0,32,14,4,1
2026/02/03/13:55:13,603.859140,0.958187,0.772919,0.958187,0.772919,38,22,20,18,0,0,0,0,32,14,4,1
2026/02/03/13:55:14,604.859292,0.958187,0.772919,0.958187,0.772919,38,22,20,18,0,0,0,0,32,14,4,1
2026/02/03/13:55:15,605.859411,0.958187,0.772919,0.958187,0.772919,38,22,20,18,0,0,0,0,32,14,4,1
2026/02/03/13:55:16,606.859515,0.958187,0.772919,0.958187,0.772919,38,22,20,18,0,0,0,0,32,14,4,1
2026/02/03/13:55:17,607.859659,0.958187,0.772919,0.958187,0.772919,38,22,20,18,0,0,0,0,32,14,4,1
2026/02/03/13:55:18,608.859820,0.958187,0.772919,0.958187,0.772919,38,22,20,18,0,0,0,0,32,14,4,1
2026/02/03/13:55:19,609.859971,0.958187,0.772919,0.958187,0.772919,38,22,20,18,0,0,0,0,32,14,4,1
2026/02/03/13:55:20,610.860135,0.958187,0.772919,0.958187,0.772919,38,22,20,18,0,0,0,0,32,14,4,1
2026/02/03/13:55:21,611.860294,0.958187,0.772919,0.958187,0.772919,38,22,20,18,0,0,0,0,32,14,4,1
2026/02/03/13:55:22,612.860449,0.958187,0.772919,0.958187,0.772919,38,22,20,18,0,0,0,0,32,14,4,1
2026/02/03/13:55:23,613.860626,0.958187,0.772919,0.958187,0.772919,38,22,20,18,0,0,0,0,32,14,4,1
2026/02/03/13:55:24,614.860817,0.958187,0.772919,0.958187,0.772919,38,22,20,18,0,0,0,0,32,14,4,1
2026/02/03/13:55:25,615.860977,0.958187,0.772919,0.958187,0.772919,38,22,20,18,0,0,0,0,32,14,4,1
2026/02/03/13:55:26,616.861129,0.958187,0.772919,0.958187,0.772919,38,22,20,18,0,0,0,0,32,14,4,1
2026/02/03/13:55:27,617.861310,0.958187,0.772919,0.958187,0.772919,38,22,20,18,0,0,0,0,32,14,4,1
2026/02/03/13:55:28,618.861445,0.958187,0.772919,0.958187,0.772919,38,22,20,18,0,0,0,0,32,14,4,1
2026/02/03/13:55:29,619.861550,0.958187,0.772919,0.958187,0.772919,38,22,20,18,0,0,0,0,32,14,4,1
2026/02/03/13:55:30,620.861644,0.958187,0.772919,0.958187,0.772919,38,22,20,18,0,0,0,0,32,14,4,1
2026/02/03/13:55:31,621.861809,0.958187,0.772919,0.958187,0.772919,38,22,20,18,0,0,0,0,32,14,4,1
2026/02/03/13:55:32,622.861913,0.958187,0.772919,0.958187,0.772919,38,22,20,18,0,0,0,0,32,14,4,1
2026/02/03/13:55:33,623.862095,0.958187,0.772919,0.958187,0.772919,38,22,20,18,0,0,0,0,32,14,4,1
2026/02/03/13:55:34,624.862252,0.958187,0.772919,0.958187,0.772919,38,22,20,18,0,0,0,0,32,14,4,1
2026/02/03/13:55:35,625.862424,0.958187,0.772919,0.958187,0.772919,38,22,20,18,0,0,0,0,32,14,4,1
2026/02/03/13:55:36,626.862571,0.958187,0.772919,0.958187,0.772919,38,22,20,18,0,0,0,0,32,14,4,1
2026/02/03/13:55:37,627.862694,0.958187,0.772919,0.958187,0.772919,38,22,20,18,0,0,0,0,32,14,4,1
2026/02/03/13:55:38,628.862804,0.958187,0.772919,0.958187,0.772919,38,22,20,18,0,0,0,0,32,14,4,1
2026/02/03/13:55:39,629.862960,0.958187,0.772919,0.958187,0.772919,38,22,20,18,0,0,0,0,32,14,4,1
2026/02/03/13:55:40,630.863075,0.958187,0.772919,0.958187,0.772919,38,22,20,18,0,0,0,0,32,14,4,1
2026/02/03/13:55:41,631.863180,0.958187,0.772919,0.958187,0.772919,38,22,20,18,0,0,0,0,32,14,4,1
2026/02/03/13:55:42,632.863392,0.958187,0.772919,0.958187,0.772919,38,22,20,18,0,0,0,0,32,14,4,1
2026/02/03/13:55:43,633.863525,0.958187,0.772919,0.958187,0.772919,38,22,20,18,0,0,0,0,32,14,4,1
2026/02/03/13:55:44,634.863685,0.958187,0.772919,0.958187,0.772919,38,22,20,18,0,0,0,0,32,14,4,1
2026/02/03/13:55:45,635.863847,0.958187,0.772919,0.958187,0.772919,38,22,20,18,0,0,0,0,32,14,4,1
2026/02/03/13:55:46,636.863949,0.958187,0.772919,0.958187,0.772919,38,22,20,18,0,0,0,0,32,14,4,1
2026/02/03/13:55:47,637.864132,0.958187,0.772919,0.958187,0.772919,38,22,20,18,0,0,0,0,32,14,4,1
2026/02/03/13:55:48,638.864285,0.958187,0.772919,0.958187,0.772919,38,22,20,18,0,0,0,0,32,14,4,1
2026/02/03/13:55:49,639.864396,0.958187,0.772919,0.958187,0.772919,38,22,20,18,0,0,0,0,32,14,4,1
2026/02/03/13:55:50,640.864561,0.958187,0.772919,0.958187,0.772919,38,22,20,18,0,0,0,0,32,14,4,1
2026/02/03/13:55:51,641.864727,0.958187,0.772919,0.958187,0.772919,38,22,20,18,0,0,0,0,32,14,4,1
2026/02/03/13:55:52,642.864866,0.958187,0.772919,0.958187,0.772919,38,22,20,18,0,0,0,0,32,14,4,1
2026/02/03/13:55:53,643.865008,0.958187,0.772919,0.958187,0.772919,38,22,20,18,0,0,0,0,32,14,4,1
2026/02/03/13:55:54,644.865121,0.958187,0.772919,0.958187,0.772919,38,22,20,18,0,0,0,0,32,14,4,1
2026/02/03/13:55:55,645.865220,0.958187,0.772919,0.958187,0.772919,38,22,20,18,0,0,0,0,32,14,4,1
2026/02/03/13:55:56,646.865391,0.958187,0.772919,0.958187,0.772919,38,22,20,18,0,0,0,0,32,14,4,1
2026/02/03/13:55:57,647.865538,0.958187,0.772919,0.958187,0.772919,38,22,20,18,0,0,0,0,32,14,4,1
2026/02/03/13:55:58,648.865701,0.958187,0.772919,0.958187,0.772919,38,22,20,18,0,0,0,0,32,14,4,1
2026/02/03/13:55:59,649.865864,0.958187,0.772919,0.958187,0.772919,38,22,20,18,0,0,0,0,32,14,4,1
2026/02/03/13:56:00,650.866026,0.958187,0.772919,0.958187,0.772919,38,22,20,18,0,0,0,0,32,14,4,1
2026/02/03/13:56:01,651.866189,0.958187,0.772919,0.958187,0.772919,38,22,20,18,0,0,0,0,32,14,4,1
2026/02/03/13:56:02,652.866383,0.958187,0.772919,0.958187,0.772919,38,22,20,18,0,0,0,0,32,14,4,1
2026/02/03/13:56:03,653.866445,0.958187,0.772919,0.958187,0.772919,38,22,20,18,0,0,0,0,32,14,4,1
2026/02/03/13:56:04,654.866597,0.958187,0.772919,0.958187,0.772919,38,22,20,18,0,0,0,0,32,14,4,1
2026/02/03/13:56:05,655.866757,0.958187,0.772919,0.958187,0.772919,38,22,20,18,0,0,0,0,32,14,4,1
2026/02/03/13:56:06,656.866906,0.958187,0.772919,0.958187,0.772919,38,22,20,18,0,0,0,0,32,14,4,1
2026/02/03/13:56:07,657.867061,0.958187,0.772919,0.958187,0.772919,38,22,20,18,0,0,0,0,32,14,4,1
2026/02/03/13:56:08,658.867231,0.958187,0.772919,0.958187,0.772919,38,22,20,18,0,0,0,0,32,14,4,1
2026/02/03/13:56:09,659.867397,0.958187,0.772919,0.958187,0.772919,38,22,20,18,0,0,0,0,32,14,4,1
2026/02/03/13:56:10,660.867545,0.958187,0.772919,0.958187,0.772919,38,22,20,18,0,0,0,0,32,14,4,1
2026/02/03/13:56:11,661.867713,0.958187,0.772919,0.958187,0.772919,38,22,20,18,0,0,0,0,32,14,4,1
2026/02/03/13:56:12,662.867867,0.958187,0.772919,0.958187,0.772919,38,22,20,18,0,0,0,0,32,14,4,1
2026/02/03/13:56:13,663.867972,0.958187,0.772919,0.958187,0.772919,38,22,20,18,0,0,0,0,32,14,4,1
2026/02/03/13:56:14,664.868123,0.958187,0.772919,0.958187,0.772919,38,22,20,18,0,0,0,0,32,14,4,1
2026/02/03/13:56:15,665.868279,0.958187,0.772919,0.958187,0.772919,38,22,20,18,0,0,0,0,32,14,4,1
2026/02/03/13:56:16,666.868437,0.958187,0.772919,0.958187,0.772919,38,22,20,18,0,0,0,0,32,14,4,1
2026/02/03/13:56:17,667.868599,0.958187,0.772919,0.958187,0.772919,38,22,20,18,0,0,0,0,32,14,4,1
2026/02/03/13:56:18,668.868773,0.958187,0.772919,0.958187,0.772919,38,22,20,18,0,0,0,0,32,14,4,1
2026/02/03/13:56:19,669.868886,0.958187,0.772919,0.958187,0.772919,38,22,20,18,0,0,0,0,32,14,4,1
2026/02/03/13:56:20,670.869038,0.958187,0.772919,0.958187,0.772919,38,22,20,18,0,0,0,0,32,14,4,1
2026/02/03/13:56:21,671.869198,0.958187,0.772919,0.958187,0.772919,38,22,20,18,0,0,0,0,32,14,4,1
2026/02/03/13:56:22,672.869389,0.958187,0.772919,0.958187,0.772919,38,22,20,18,0,0,0,0,32,14,4,1
2026/02/03/13:56:23,673.869476,0.958187,0.772919,0.958187,0.772919,38,22,20,18,0,0,0,0,32,14,4,1
2026/02/03/13:56:24,674.869648,0.958187,0.772919,0.958187,0.772919,38,22,20,18,0,0,0,0,32,14,4,1
2026/02/03/13:56:25,675.869749,0.958187,0.772919,0.958187,0.772919,38,22,20,18,0,0,0,0,32,14,4,1
2026/02/03/13:56:26,676.869920,0.958187,0.772919,0.958187,0.772919,38,22,20,18,0,0,0,0,32,14,4,1
2026/02/03/13:56:27,677.870088,0.958187,0.772919,0.958187,0.772919,38,22,20,18,0,0,0,0,32,14,4,1
2026/02/03/13:56:28,678.870237,0.958187,0.772919,0.958187,0.772919,38,22,20,18,0,0,0,0,32,14,4,1
2026/02/03/13:56:29,679.870409,0.958187,0.772919,0.958187,0.772919,38,22,20,18,0,0,0,0,32,14,4,1
2026/02/03/13:56:30,680.870567,0.958187,0.772919,0.958187,0.772919,38,22,20,18,0,0,0,0,32,14,4,1
2026/02/03/13:56:31,681.870680,0.958187,0.772919,0.958187,0.772919,38,22,20,18,0,0,0,0,32,14,4,1
2026/02/03/13:56:32,682.870854,0.958187,0.772919,0.958187,0.772919,38,22,20,18,0,0,0,0,32,14,4,1
2026/02/03/13:56:33,683.870962,0.958187,0.772919,0.958187,0.772919,38,22,20,18,0,0,0,0,32,14,4,1
2026/02/03/13:56:34,684.871053,0.958187,0.772919,0.958187,0.772919,38,22,20,18,0,0,0,0,32,14,4,1
2026/02/03/13:56:35,685.871185,0.958187,0.772919,0.958187,0.772919,38,22,20,18,0,0,0,0,32,14,4,1
2026/02/03/13:56:36,686.871325,0.958187,0.772919,0.958187,0.772919,38,22,20,18,0,0,0,0,32,14,4,1
2026/02/03/13:56:37,687.871490,0.958187,0.772919,0.958187,0.772919,38,22,20,18,0,0,0,0,32,14,4,1
2026/02/03/13:56:38,688.871703,0.958187,0.772919,0.958187,0.772919,38,22,20,18,0,0,0,0,32,14,4,1
2026/02/03/13:56:39,689.871797,0.958187,0.772919,0.958187,0.772919,38,22,20,18,0,0,0,0,32,14,4,1
2026/02/03/13:56:40,690.871910,0.958187,0.772919,0.958187,0.772919,38,22,20,18,0,0,0,0,32,14,4,1
2026/02/03/13:56:41,691.871989,0.958187,0.772919,0.958187,0.772919,38,22,20,18,0,0,0,0,32,14,4,1
2026/02/03/13:56:42,692.872150,0.958187,0.772919,0.958187,0.772919,38,22,20,18,0,0,0,0,32,14,4,1
2026/02/03/13:56:43,693.872335,0.958187,0.772919,0.958187,0.772919,38,22,20,18,0,0,0,0,32,14,4,1
2026/02/03/13:56:44,694.872474,0.958187,0.772919,0.958187,0.772919,38,22,20,18,0,0,0,0,32,14,4,1
2026/02/03/13:56:45,695.872627,0.958187,0.772919,0.958187,0.772919,38,22,20,18,0,0,0,0,32,14,4,1
2026/02/03/13:56:46,696.872752,0.958187,0.772919,0.958187,0.772919,38,22,20,18,0,0,0,0,32,14,4,1
2026/02/03/13:56:47,697.872898,0.958187,0.772919,0.958187,0.772919,38,22,20,18,0,0,0,0,32,14,4,1
2026/02/03/13:56:48,698.873029,0.958187,0.772919,0.958187,0.772919,38,22,20,18,0,0,0,0,32,14,4,1
2026/02/03/13:56:49,699.873108,0.958187,0.772919,0.958187,0.772919,38,22,20,18,0,0,0,0,32,14,4,1
2026/02/03/13:56:50,700.873211,0.958187,0.772919,0.958187,0.772919,38,22,20,18,0,0,0,0,32,14,4,1
2026/02/03/13:56:51,701.873422,0.958187,0.772919,0.958187,0.772919,38,22,20,18,0,0,0,0,32,14,4,1
2026/02/03/13:56:52,702.873521,0.928375,0.762409,0.928375,0.762409,35,22,20,18,0,0,0,0,35,14,4,1
2026/02/03/13:56:53,703.873676,0.928375,0.762409,0.928375,0.762409,35,22,20,18,0,0,0,0,35,14,4,1
2026/02/03/13:56:54,704.873835,0.928375,0.762409,0.928375,0.762409,35,22,20,18,0,0,0,0,35,14,4,1
2026/02/03/13:56:55,705.873993,0.928375,0.762409,0.928375,0.762409,35,22,20,18,0,0,0,0,35,14,4,1
2026/02/03/13:56:56,706.874140,0.928375,0.762409,0.928375,0.762409,35,22,20,18,0,0,0,0,35,14,4,1
2026/02/03/13:56:57,707.874239,0.928375,0.762409,0.928375,0.762409,35,22,20,18,0,0,0,0,35,14,4,1
2026/02/03/13:56:58,708.874411,0.928375,0.762409,0.928375,0.762409,35,22,20,18,0,0,0,0,35,14,4,1
2026/02/03/13:56:59,709.874531,0.937750,0.784183,0.937750,0.784183,38,22,20,18,0,0,0,0,35,14,4,1
2026/02/03/13:57:00,710.874635,0.937750,0.784183,0.937750,0.784183,38,22,20,18,0,0,0,0,35,14,4,1
2026/02/03/13:57:01,711.874758,0.937750,0.784183,0.937750,0.784183,38,22,20,18,0,0,0,0,35,14,4,1
2026/02/03/13:57:02,712.874863,0.937750,0.784183,0.937750,0.784183,38,22,20,18,0,0,0,0,35,14,4,1
2026/02/03/13:57:03,713.874992,0.937750,0.784183,0.937750,0.784183,38,22,20,18,0,0,0,0,35,14,4,1
2026/02/03/13:57:04,714.875093,0.937750,0.784183,0.937750,0.784183,38,22,20,18,0,0,0,0,35,14,4,1
2026/02/03/13:57:05,715.875198,0.937750,0.784183,0.937750,0.784183,38,22,20,18,0,0,0,0,35,14,4,1
2026/02/03/13:57:06,716.875319,0.937750,0.784183,0.937750,0.784183,38,22,20,18,0,0,0,0,35,14,4,1
2026/02/03/13:57:07,717.875459,0.937750,0.784183,0.937750,0.784183,38,22,20,18,0,0,0,0,35,14,4,1
2026/02/03/13:57:08,718.875556,0.937750,0.784183,0.937750,0.784183,38,22,20,18,0,0,0,0,35,14,4,1
2026/02/03/13:57:09,719.875682,0.937750,0.784183,0.937750,0.784183,38,22,20,18,0,0,0,0,35,14,4,1
2026/02/03/13:57:10,720.875798,0.937750,0.784183,0.937750,0.784183,38,22,20,18,0,0,0,0,35,14,4,1
2026/02/03/13:57:11,721.875901,0.937750,0.784183,0.937750,0.784183,38,22,20,18,0,0,0,0,35,14,4,1
2026/02/03/13:57:12,722.876039,0.937750,0.784183,0.937750,0.784183,38,22,20,18,0,0,0,0,35,14,4,1
2026/02/03/13:57:13,723.876135,0.937750,0.784183,0.937750,0.784183,38,22,20,18,0,0,0,0,35,14,4,1
2026/02/03/13:57:14,724.876294,0.937750,0.784183,0.937750,0.784183,38,22,20,18,0,0,0,0,35,14,4,1
2026/02/03/13:57:15,725.876453,0.937750,0.784183,0.937750,0.784183,38,22,20,18,0,0,0,0,35,14,4,1
2026/02/03/13:57:16,726.876611,0.937750,0.784183,0.937750,0.784183,38,22,20,18,0,0,0,0,35,14,4,1
2026/02/03/13:57:17,727.876727,0.937750,0.784183,0.937750,0.784183,38,22,20,18,0,0,0,0,35,14,4,1
2026/02/03/13:57:18,728.876822,0.928375,0.762409,0.928375,0.762409,35,22,20,18,0,0,0,0,38,14,4,1
2026/02/03/13:57:19,729.876980,0.928375,0.762409,0.928375,0.762409,35,22,20,18,0,0,0,0,38,14,4,1
2026/02/03/13:57:20,730.877083,0.928375,0.762409,0.928375,0.762409,35,22,20,18,0,0,0,0,38,14,4,1
2026/02/03/13:57:21,731.877203,0.928375,0.762409,0.928375,0.762409,35,22,20,18,0,0,0,0,38,14,4,1
2026/02/03/13:57:22,732.877387,0.928375,0.762409,0.928375,0.762409,35,22,20,18,0,0,0,0,38,14,4,1
2026/02/03/13:57:23,733.877492,0.928375,0.762409,0.928375,0.762409,35,22,20,18,0,0,0,0,38,14,4,1
2026/02/03/13:57:24,734.877657,0.928375,0.762409,0.928375,0.762409,35,22,20,18,0,0,0,0,38,14,4,1
2026/02/03/13:57:25,735.877770,0.928375,0.762409,0.928375,0.762409,35,22,20,18,0,0,0,0,38,14,4,1
2026/02/03/13:57:26,736.877871,0.928375,0.762409,0.928375,0.762409,35,22,20,18,0,0,0,0,38,14,4,1
2026/02/03/13:57:27,737.878050,0.928375,0.762409,0.928375,0.762409,35,22,20,18,0,0,0,0,38,14,4,1
2026/02/03/13:57:28,738.878187,0.928375,0.762409,0.928375,0.762409,35,22,20,18,0,0,0,0,38,14,4,1
2026/02/03/13:57:29,739.878376,0.928375,0.762409,0.928375,0.762409,35,22,20,18,0,0,0,0,38,14,4,1
2026/02/03/13:57:30,740.878454,0.928375,0.762409,0.928375,0.762409,35,22,20,18,0,0,0,0,38,14,4,1
2026/02/03/13:57:31,741.878587,0.928375,0.762409,0.928375,0.762409,35,22,20,18,0,0,0,0,38,14,4,1
2026/02/03/13:57:32,742.878689,0.928375,0.762409,0.928375,0.762409,35,22,20,18,0,0,0,0,38,14,4,1
2026/02/03/13:57:33,743.878808,0.928375,0.762409,0.928375,0.762409,35,22,20,18,0,0,0,0,38,14,4,1
2026/02/03/13:57:34,744.878926,0.928375,0.762409,0.928375,0.762409,35,22,20,18,0,0,0,0,38,14,4,1
2026/02/03/13:57:35,745.879016,0.923562,0.749091,0.923562,0.749091,34,22,20,18,0,0,0,0,39,14,4,1
2026/02/03/13:57:36,746.879117,0.923562,0.749091,0.923562,0.749091,34,22,20,18,0,0,0,0,39,14,4,1
2026/02/03/13:57:37,747.879255,0.923562,0.749091,0.923562,0.749091,34,22,20,18,0,0,0,0,39,14,4,1
2026/02/03/13:57:38,748.879444,0.923562,0.749091,0.923562,0.749091,34,22,20,18,0,0,0,0,39,14,4,1
2026/02/03/13:57:39,749.879469,0.923562,0.749091,0.923562,0.749091,34,22,20,18,0,0,0,0,39,14,4,1
2026/02/03/13:57:40,750.879614,0.923562,0.749091,0.923562,0.749091,34,22,20,18,0,0,0,0,39,14,4,1
2026/02/03/13:57:41,751.879684,0.923562,0.749091,0.923562,0.749091,34,22,20,18,0,0,0,0,39,14,4,1
2026/02/03/13:57:42,752.879836,0.923562,0.749091,0.923562,0.749091,34,22,20,18,0,0,0,0,39,14,4,1
2026/02/03/13:57:43,753.879931,0.923562,0.749091,0.923562,0.749091,34,22,20,18,0,0,0,0,39,14,4,1
2026/02/03/13:57:44,754.880067,0.923562,0.749091,0.923562,0.749091,34,22,20,18,0,0,0,0,39,14,4,1
2026/02/03/13:57:45,755.880137,0.923562,0.749091,0.923562,0.749091,34,22,20,18,0,0,0,0,39,14,4,1
2026/02/03/13:57:46,756.880286,0.923562,0.749091,0.923562,0.749091,34,22,20,18,0,0,0,0,39,14,4,1
2026/02/03/13:57:47,757.880445,0.923562,0.749091,0.923562,0.749091,34,22,20,18,0,0,0,0,39,14,4,1
2026/02/03/13:57:48,758.880522,0.923562,0.749091,0.923562,0.749091,34,22,20,18,0,0,0,0,39,14,4,1
2026/02/03/13:57:49,759.880671,0.923562,0.749091,0.923562,0.749091,34,22,20,18,0,0,0,0,39,14,4,1
2026/02/03/13:57:50,760.880820,0.923562,0.749091,0.923562,0.749091,34,22,20,18,0,0,0,0,39,14,4,1
2026/02/03/13:57:51,761.880974,0.923562,0.749091,0.923562,0.749091,34,22,20,18,0,0,0,0,39,14,4,1
2026/02/03/13:57:52,762.881129,0.923562,0.749091,0.923562,0.749091,34,22,20,18,0,0,0,0,39,14,4,1
2026/02/03/13:57:53,763.881279,0.923562,0.749091,0.923562,0.749091,34,22,20,18,0,0,0,0,39,14,4,1
2026/02/03/13:57:54,764.881429,0.923562,0.749091,0.923562,0.749091,34,22,20,18,0,0,0,0,39,14,4,1
2026/02/03/13:57:55,765.881533,0.923562,0.749091,0.923562,0.749091,34,22,20,18,0,0,0,0,39,14,4,1
2026/02/03/13:57:56,766.881688,0.923562,0.749091,0.923562,0.749091,34,22,20,18,0,0,0,0,39,14,4,1
2026/02/03/13:57:57,767.881788,0.923562,0.749091,0.923562,0.749091,34,22,20,18,0,0,0,0,39,14,4,1
2026/02/03/13:57:58,768.881898,0.923562,0.749091,0.923562,0.749091,34,22,20,18,0,0,0,0,39,14,4,1
2026/02/03/13:57:59,769.881999,0.923562,0.749091,0.923562,0.749091,34,22,20,18,0,0,0,0,39,14,4,1
2026/02/03/13:58:00,770.882154,0.923562,0.749091,0.923562,0.749091,34,22,20,18,0,0,0,0,39,14,4,1
2026/02/03/13:58:01,771.882293,0.923562,0.749091,0.923562,0.749091,34,22,20,18,0,0,0,0,39,14,4,1
2026/02/03/13:58:02,772.882403,0.923562,0.749091,0.923562,0.749091,34,22,20,18,0,0,0,0,39,14,4,1
2026/02/03/13:58:03,773.882495,0.923562,0.749091,0.923562,0.749091,34,22,20,18,0,0,0,0,39,14,4,1
2026/02/03/13:58:04,774.882578,0.923562,0.749091,0.923562,0.749091,34,22,20,18,0,0,0,0,39,14,4,1
2026/02/03/13:58:05,775.882699,0.923562,0.749091,0.923562,0.749091,34,22,20,18,0,0,0,0,39,14,4,1
2026/02/03/13:58:06,776.882789,0.923562,0.749091,0.923562,0.749091,34,22,20,18,0,0,0,0,39,14,4,1
2026/02/03/13:58:07,777.882883,0.923562,0.749091,0.923562,0.749091,34,22,20,18,0,0,0,0,39,14,4,1
2026/02/03/13:58:08,778.883015,0.923562,0.749091,0.923562,0.749091,34,22,20,18,0,0,0,0,39,14,4,1
2026/02/03/13:58:09,779.883140,0.923562,0.749091,0.923562,0.749091,34,22,20,18,0,0,0,0,39,14,4,1
2026/02/03/13:58:10,780.883228,0.923562,0.749091,0.923562,0.749091,34,22,20,18,0,0,0,0,39,14,4,1
2026/02/03/13:58:11,781.883325,0.923562,0.749091,0.923562,0.749091,34,22,20,18,0,0,0,0,39,14,4,1
2026/02/03/13:58:12,782.883415,0.923562,0.749091,0.923562,0.749091,34,22,20,18,0,0,0,0,39,14,4,1
2026/02/03/13:58:13,783.883513,0.923562,0.749091,0.923562,0.749091,34,22,20,18,0,0,0,0,39,14,4,1
2026/02/03/13:58:14,784.883605,0.923562,0.749091,0.923562,0.749091,34,22,20,18,0,0,0,0,39,14,4,1
2026/02/03/13:58:15,785.883709,0.923562,0.749091,0.923562,0.749091,34,22,20,18,0,0,0,0,39,14,4,1
2026/02/03/13:58:16,786.883817,0.923562,0.749091,0.923562,0.749091,34,22,20,18,0,0,0,0,39,14,4,1
2026/02/03/13:58:17,787.883957,0.923562,0.749091,0.923562,0.749091,34,22,20,18,0,0,0,0,39,14,4,1
2026/02/03/13:58:18,788.884120,0.923562,0.749091,0.923562,0.749091,34,22,20,18,0,0,0,0,39,14,4,1
2026/02/03/13:58:19,789.884265,0.923562,0.749091,0.923562,0.749091,34,22,20,18,0,0,0,0,39,14,4,1
2026/02/03/13:58:20,790.884372,0.923562,0.749091,0.923562,0.749091,34,22,20,18,0,0,0,0,39,14,4,1
2026/02/03/13:58:21,791.884432,0.923562,0.749091,0.923562,0.749091,34,22,20,18,0,0,0,0,39,14,4,1
2026/02/03/13:58:22,792.884534,0.923562,0.749091,0.923562,0.749091,34,22,20,18,0,0,0,0,39,14,4,1
2026/02/03/13:58:23,793.884638,0.923562,0.749091,0.923562,0.749091,34,22,20,18,0,0,0,0,39,14,4,1
2026/02/03/13:58:24,794.884779,0.923562,0.749091,0.923562,0.749091,34,22,20,18,0,0,0,0,39,14,4,1
2026/02/03/13:58:25,795.884936,0.923562,0.749091,0.923562,0.749091,34,22,20,18,0,0,0,0,39,14,4,1
2026/02/03/13:58:26,796.885026,0.923562,0.749091,0.923562,0.749091,34,22,20,18,0,0,0,0,39,14,4,1
2026/02/03/13:58:27,797.885116,0.923562,0.749091,0.923562,0.749091,34,22,20,18,0,0,0,0,39,14,4,1
2026/02/03/13:58:28,798.885230,0.923562,0.749091,0.923562,0.749091,34,22,20,18,0,0,0,0,39,14,4,1
2026/02/03/13:58:29,799.885303,0.923562,0.749091,0.923562,0.749091,34,22,20,18,0,0,0,0,39,14,4,1
2026/02/03/13:58:30,800.885467,0.923562,0.749091,0.923562,0.749091,34,22,20,18,0,0,0,0,39,14,4,1
2026/02/03/13:58:31,801.885566,0.923562,0.749091,0.923562,0.749091,34,22,20,18,0,0,0,0,39,14,4,1
2026/02/03/13:58:32,802.885661,0.923562,0.749091,0.923562,0.749091,34,22,20,18,0,0,0,0,39,14,4,1
2026/02/03/13:58:33,803.885760,0.923562,0.749091,0.923562,0.749091,34,22,20,18,0,0,0,0,39,14,4,1
2026/02/03/13:58:34,804.885840,0.923562,0.749091,0.923562,0.749091,34,22,20,18,0,0,0,0,39,14,4,1
2026/02/03/13:58:35,805.885931,0.923562,0.749091,0.923562,0.749091,34,22,20,18,0,0,0,0,39,14,4,1
2026/02/03/13:58:36,806.886023,0.923562,0.749091,0.923562,0.749091,34,22,20,18,0,0,0,0,39,14,4,1
2026/02/03/13:58:37,807.886124,0.923562,0.749091,0.923562,0.749091,34,22,20,18,0,0,0,0,39,14,4,1
2026/02/03/13:58:38,808.886209,0.923562,0.749091,0.923562,0.749091,34,22,20,18,0,0,0,0,39,14,4,1
2026/02/03/13:58:39,809.886289,0.923562,0.749091,0.923562,0.749091,34,22,20,18,0,0,0,0,39,14,4,1
2026/02/03/13:58:40,810.886403,0.923562,0.749091,0.923562,0.749091,34,22,20,18,0,0,0,0,39,14,4,1
2026/02/03/13:58:41,811.886477,0.923562,0.749091,0.923562,0.749091,34,22,20,18,0,0,0,0,39,14,4,1
2026/02/03/13:58:42,812.886559,0.923562,0.749091,0.923562,0.749091,34,22,20,18,0,0,0,0,39,14,4,1
2026/02/03/13:58:43,813.886655,0.923562,0.749091,0.923562,0.749091,34,22,20,18,0,0,0,0,39,14,4,1
2026/02/03/13:58:44,814.886741,0.923562,0.749091,0.923562,0.749091,34,22,20,18,0,0,0,0,39,14,4,1
2026/02/03/13:58:45,815.886840,0.923562,0.749091,0.923562,0.749091,34,22,20,18,0,0,0,0,39,14,4,1
2026/02/03/13:58:46,816.886925,0.923562,0.749091,0.923562,0.749091,34,22,20,18,0,0,0,0,39,14,4,1
2026/02/03/13:58:47,817.887020,0.923562,0.749091,0.923562,0.749091,34,22,20,18,0,0,0,0,39,14,4,1
2026/02/03/13:58:48,818.887103,0.923562,0.749091,0.923562,0.749091,34,22,20,18,0,0,0,0,39,14,4,1
2026/02/03/13:58:49,819.887263,0.923562,0.749091,0.923562,0.749091,34,22,20,18,0,0,0,0,39,14,4,1
2026/02/03/13:58:50,820.887424,0.923562,0.749091,0.923562,0.749091,34,22,20,18,0,0,0,0,39,14,4,1
2026/02/03/13:58:51,821.887611,0.923562,0.749091,0.923562,0.749091,34,22,20,18,0,0,0,0,39,14,4,1
2026/02/03/13:58:52,822.887653,0.923562,0.749091,0.923562,0.749091,34,22,20,18,0,0,0,0,39,14,4,1
2026/02/03/13:58:53,823.887809,0.908188,0.742441,0.908188,0.742441,33,22,20,18,0,0,0,0,40,14,4,1
2026/02/03/13:58:54,824.887959,0.908188,0.742441,0.908188,0.742441,33,22,20,18,0,0,0,0,40,14,4,1
2026/02/03/13:58:55,825.888124,0.908188,0.742441,0.908188,0.742441,33,22,20,18,0,0,0,0,40,14,4,1
2026/02/03/13:58:56,826.888276,0.908188,0.742441,0.908188,0.742441,33,22,20,18,0,0,0,0,40,14,4,1
2026/02/03/13:58:57,827.888391,0.908188,0.742441,0.908188,0.742441,33,22,20,18,0,0,0,0,40,14,4,1
2026/02/03/13:58:58,828.888470,0.908188,0.742441,0.908188,0.742441,33,22,20,18,0,0,0,0,40,14,4,1
2026/02/03/13:58:59,829.888620,0.908188,0.742441,0.908188,0.742441,33,22,20,18,0,0,0,0,40,14,4,1
2026/02/03/13:59:00,830.888774,0.908188,0.742441,0.908188,0.742441,33,22,20,18,0,0,0,0,40,14,4,1
2026/02/03/13:59:01,831.888870,0.908188,0.742441,0.908188,0.742441,33,22,20,18,0,0,0,0,40,14,4,1
2026/02/03/13:59:02,832.889018,0.908188,0.742441,0.908188,0.742441,33,22,20,18,0,0,0,0,40,14,4,1
2026/02/03/13:59:03,833.889130,0.908188,0.742441,0.908188,0.742441,33,22,20,18,0,0,0,0,40,14,4,1
2026/02/03/13:59:04,834.889277,0.908188,0.742441,0.908188,0.742441,33,22,20,18,0,0,0,0,40,14,4,1
2026/02/03/13:59:05,835.889362,0.908188,0.742441,0.908188,0.742441,33,22,20,18,0,0,0,0,40,14,4,1
2026/02/03/13:59:06,836.889422,0.908188,0.742441,0.908188,0.742441,33,22,20,18,0,0,0,0,40,14,4,1
2026/02/03/13:59:07,837.889546,0.908188,0.742441,0.908188,0.742441,33,22,20,18,0,0,0,0,40,14,4,1
2026/02/03/13:59:08,838.889673,0.908188,0.742441,0.908188,0.742441,33,22,20,18,0,0,0,0,40,14,4,1
2026/02/03/13:59:09,839.889754,0.908188,0.742441,0.908188,0.742441,33,22,20,18,0,0,0,0,40,14,4,1
2026/02/03/13:59:10,840.889848,0.908188,0.742441,0.908188,0.742441,33,22,20,18,0,0,0,0,40,14,4,1
2026/02/03/13:59:11,841.889928,0.908188,0.742441,0.908188,0.742441,33,22,20,18,0,0,0,0,40,14,4,1
2026/02/03/13:59:12,842.890013,0.908188,0.742441,0.908188,0.742441,33,22,20,18,0,0,0,0,40,14,4,1
2026/02/03/13:59:13,843.890090,0.908188,0.742441,0.908188,0.742441,33,22,20,18,0,0,0,0,40,14,4,1
2026/02/03/13:59:14,844.890189,0.908188,0.742441,0.908188,0.742441,33,22,20,18,0,0,0,0,40,14,4,1
2026/02/03/13:59:15,845.890270,0.908188,0.742441,0.908188,0.742441,33,22,20,18,0,0,0,0,40,14,4,1
2026/02/03/13:59:16,846.890360,0.908188,0.742441,0.908188,0.742441,33,22,20,18,0,0,0,0,40,14,4,1
2026/02/03/13:59:17,847.890416,0.908188,0.742441,0.908188,0.742441,33,22,20,18,0,0,0,0,40,14,4,1
2026/02/03/13:59:18,848.890502,0.908188,0.742441,0.908188,0.742441,33,22,20,18,0,0,0,0,40,14,4,1
2026/02/03/13:59:19,849.890600,0.908188,0.742441,0.908188,0.742441,33,22,20,18,0,0,0,0,40,14,4,1
2026/02/03/13:59:20,850.890695,0.908188,0.742441,0.908188,0.742441,33,22,20,18,0,0,0,0,40,14,4,1
2026/02/03/13:59:21,851.890784,0.908188,0.742441,0.908188,0.742441,33,22,20,18,0,0,0,0,40,14,4,1
2026/02/03/13:59:22,852.890873,0.908188,0.742441,0.908188,0.742441,33,22,20,18,0,0,0,0,40,14,4,1
2026/02/03/13:59:23,853.891025,0.908188,0.742441,0.908188,0.742441,33,22,20,18,0,0,0,0,40,14,4,1
2026/02/03/13:59:24,854.891129,0.908188,0.742441,0.908188,0.742441,33,22,20,18,0,0,0,0,40,14,4,1
2026/02/03/13:59:25,855.891290,0.908188,0.742441,0.908188,0.742441,33,22,20,18,0,0,0,0,40,14,4,1
2026/02/03/13:59:26,856.891401,0.908188,0.742441,0.908188,0.742441,33,22,20,18,0,0,0,0,40,14,4,1
2026/02/03/13:59:27,857.891525,0.908188,0.742441,0.908188,0.742441,33,22,20,18,0,0,0,0,40,14,4,1
2026/02/03/13:59:28,858.891618,0.908188,0.742441,0.908188,0.742441,33,22,20,18,0,0,0,0,40,14,4,1
2026/02/03/13:59:29,859.891777,0.908188,0.742441,0.908188,0.742441,33,22,20,18,0,0,0,0,40,14,4,1
2026/02/03/13:59:30,860.891928,0.908188,0.742441,0.908188,0.742441,33,22,20,18,0,0,0,0,40,14,4,1
2026/02/03/13:59:31,861.892023,0.908188,0.742441,0.908188,0.742441,33,22,20,18,0,0,0,0,40,14,4,1
2026/02/03/13:59:32,862.892119,0.908188,0.742441,0.908188,0.742441,33,22,20,18,0,0,0,0,40,14,4,1
2026/02/03/13:59:33,863.892228,0.908188,0.742441,0.908188,0.742441,33,22,20,18,0,0,0,0,40,14,4,1
2026/02/03/13:59:34,864.892327,0.908188,0.742441,0.908188,0.742441,33,22,20,18,0,0,0,0,40,14,4,1
2026/02/03/13:59:35,865.892422,0.908188,0.742441,0.908188,0.742441,33,22,20,18,0,0,0,0,40,14,4,1
2026/02/03/13:59:36,866.892529,0.908188,0.742441,0.908188,0.742441,33,22,20,18,0,0,0,0,40,14,4,1
2026/02/03/13:59:37,867.892607,0.908188,0.742441,0.908188,0.742441,33,22,20,18,0,0,0,0,40,14,4,1
2026/02/03/13:59:38,868.892720,0.908188,0.742441,0.908188,0.742441,33,22,20,18,0,0,0,0,40,14,4,1
2026/02/03/13:59:39,869.892866,0.908188,0.742441,0.908188,0.742441,33,22,20,18,0,0,0,0,40,14,4,1
2026/02/03/13:59:40,870.892962,0.908188,0.742441,0.908188,0.742441,33,22,20,18,0,0,0,0,40,14,4,1
2026/02/03/13:59:41,871.893096,0.908188,0.742441,0.908188,0.742441,33,22,20,18,0,0,0,0,40,14,4,1
2026/02/03/13:59:42,872.893191,0.908188,0.742441,0.908188,0.742441,33,22,20,18,0,0,0,0,40,14,4,1
2026/02/03/13:59:43,873.893280,0.908188,0.742441,0.908188,0.742441,33,22,20,18,0,0,0,0,40,14,4,1
2026/02/03/13:59:44,874.893436,0.908188,0.742441,0.908188,0.742441,33,22,20,18,0,0,0,0,40,14,4,1
2026/02/03/13:59:45,875.893538,0.908188,0.742441,0.908188,0.742441,33,22,20,18,0,0,0,0,40,14,4,1
2026/02/03/13:59:46,876.893614,0.908188,0.742441,0.908188,0.742441,33,22,20,18,0,0,0,0,40,14,4,1
2026/02/03/13:59:47,877.893690,0.908188,0.742441,0.908188,0.742441,33,22,20,18,0,0,0,0,40,14,4,1
2026/02/03/13:59:48,878.893770,0.908188,0.742441,0.908188,0.742441,33,22,20,18,0,0,0,0,40,14,4,1
2026/02/03/13:59:49,879.893854,0.908188,0.742441,0.908188,0.742441,33,22,20,18,0,0,0,0,40,14,4,1
2026/02/03/13:59:50,880.893934,0.908188,0.742441,0.908188,0.742441,33,22,20,18,0,0,0,0,40,14,4,1
2026/02/03/13:59:51,881.894015,0.908188,0.742441,0.908188,0.742441,33,22,20,18,0,0,0,0,40,14,4,1
2026/02/03/13:59:52,882.894117,0.908188,0.742441,0.908188,0.742441,33,22,20,18,0,0,0,0,40,14,4,1
2026/02/03/13:59:53,883.894270,0.908188,0.742441,0.908188,0.742441,33,22,20,18,0,0,0,0,40,14,4,1
2026/02/03/13:59:54,884.894441,0.908188,0.742441,0.908188,0.742441,33,22,20,18,0,0,0,0,40,14,4,1
2026/02/03/13:59:55,885.894590,0.908188,0.742441,0.908188,0.742441,33,22,20,18,0,0,0,0,40,14,4,1
2026/02/03/13:59:56,886.894740,0.908188,0.742441,0.908188,0.742441,33,22,20,18,0,0,0,0,40,14,4,1
2026/02/03/13:59:57,887.894839,0.908188,0.742441,0.908188,0.742441,33,22,20,18,0,0,0,0,40,14,4,1
2026/02/03/13:59:58,888.894991,0.908188,0.742441,0.908188,0.742441,33,22,20,18,0,0,0,0,40,14,4,1
2026/02/03/13:59:59,889.895102,0.908188,0.742441,0.908188,0.742441,33,22,20,18,0,0,0,0,40,14,4,1
2026/02/03/14:00:00,890.895203,0.908188,0.742441,0.908188,0.742441,33,22,20,18,0,0,0,0,40,14,4,1
2026/02/03/14:00:01,891.895374,0.908188,0.742441,0.908188,0.742441,33,22,20,18,0,0,0,0,40,14,4,1
2026/02/03/14:00:02,892.895518,0.908188,0.742441,0.908188,0.742441,33,22,20,18,0,0,0,0,40,14,4,1
2026/02/03/14:00:03,893.895661,0.908188,0.742441,0.908188,0.742441,33,22,20,18,0,0,0,0,40,14,4,1
2026/02/03/14:00:04,894.895800,0.908188,0.742441,0.908188,0.742441,33,22,20,18,0,0,0,0,40,14,4,1
2026/02/03/14:00:05,895.895936,0.908188,0.742441,0.908188,0.742441,33,22,20,18,0,0,0,0,40,14,4,1
2026/02/03/14:00:06,896.896025,0.908188,0.742441,0.908188,0.742441,33,22,20,18,0,0,0,0,40,14,4,1
2026/02/03/14:00:07,897.896178,0.908188,0.742441,0.908188,0.742441,33,22,20,18,0,0,0,0,40,14,4,1
2026/02/03/14:00:08,898.896328,0.908188,0.742441,0.908188,0.742441,33,22,20,18,0,0,0,0,40,14,4,1
2026/02/03/14:00:09,899.896593,0.908188,0.742441,0.908188,0.742441,33,22,20,18,0,0,0,0,40,14,4,1
2026/02/03/14:00:10,900.896672,0.908188,0.742441,0.908188,0.742441,33,22,20,18,0,0,0,0,40,14,4,1
2026/02/03/14:00:11,901.896828,0.908188,0.742441,0.908188,0.742441,33,22,20,18,0,0,0,0,40,14,4,1
2026/02/03/14:00:12,902.896943,0.908188,0.742441,0.908188,0.742441,33,22,20,18,0,0,0,0,40,14,4,1
2026/02/03/14:00:13,903.897055,0.908188,0.742441,0.908188,0.742441,33,22,20,18,0,0,0,0,40,14,4,1
2026/02/03/14:00:14,904.897125,0.908188,0.742441,0.908188,0.742441,33,22,20,18,0,0,0,0,40,14,4,1
2026/02/03/14:00:15,905.897288,0.908188,0.742441,0.908188,0.742441,33,22,20,18,0,0,0,0,40,14,4,1
2026/02/03/14:00:16,906.897423,0.908188,0.742441,0.908188,0.742441,33,22,20,18,0,0,0,0,40,14,4,1
2026/02/03/14:00:17,907.897516,0.908188,0.742441,0.908188,0.742441,33,22,20,18,0,0,0,0,40,14,4,1
2026/02/03/14:00:18,908.897619,0.908188,0.742441,0.908188,0.742441,33,22,20,18,0,0,0,0,40,14,4,1
2026/02/03/14:00:19,909.897773,0.908188,0.742441,0.908188,0.742441,33,22,20,18,0,0,0,0,40,14,4,1
2026/02/03/14:00:20,910.897873,0.908188,0.742441,0.908188,0.742441,33,22,20,18,0,0,0,0,40,14,4,1
2026/02/03/14:00:21,911.897971,0.935750,0.746122,0.935750,0.746122,33,22,20,19,0,0,0,0,40,14,4,1
2026/02/03/14:00:22,912.898066,0.935750,0.746122,0.935750,0.746122,33,22,20,19,0,0,0,0,40,14,4,1
2026/02/03/14:00:23,913.898217,0.935750,0.746122,0.935750,0.746122,33,22,20,19,0,0,0,0,40,14,4,1
2026/02/03/14:00:24,914.898386,0.935750,0.746122,0.935750,0.746122,33,22,20,19,0,0,0,0,40,14,4,1
2026/02/03/14:00:25,915.898520,0.935750,0.746122,0.935750,0.746122,33,22,20,19,0,0,0,0,40,14,4,1
2026/02/03/14:00:26,916.898609,0.935750,0.746122,0.935750,0.746122,33,22,20,19,0,0,0,0,40,14,4,1
2026/02/03/14:00:27,917.898706,0.935750,0.746122,0.935750,0.746122,33,22,20,19,0,0,0,0,40,14,4,1
2026/02/03/14:00:28,918.898799,0.935750,0.746122,0.935750,0.746122,33,22,20,19,0,0,0,0,40,14,4,1
2026/02/03/14:00:29,919.898906,0.908188,0.742441,0.908188,0.742441,33,22,20,18,0,0,0,0,40,14,4,2
2026/02/03/14:00:30,920.899004,0.908188,0.742441,0.908188,0.742441,33,22,20,18,0,0,0,0,40,14,4,2
2026/02/03/14:00:31,921.899105,0.908188,0.742441,0.908188,0.742441,33,22,20,18,0,0,0,0,40,14,4,2
2026/02/03/14:00:32,922.899261,0.908188,0.742441,0.908188,0.742441,33,22,20,18,0,0,0,0,40,14,4,2
2026/02/03/14:00:33,923.899372,0.908188,0.742441,0.908188,0.742441,33,22,20,18,0,0,0,0,40,14,4,2
2026/02/03/14:00:34,924.899491,0.908188,0.742441,0.908188,0.742441,33,22,20,18,0,0,0,0,40,14,4,2
2026/02/03/14:00:35,925.899591,0.908188,0.742441,0.908188,0.742441,33,22,20,18,0,0,0,0,40,14,4,2
2026/02/03/14:00:36,926.899741,0.908188,0.742441,0.908188,0.742441,33,22,20,18,0,0,0,0,40,14,4,2
2026/02/03/14:00:37,927.899841,0.908188,0.742441,0.908188,0.742441,33,22,20,18,0,0,0,0,40,14,4,2
2026/02/03/14:00:38,928.899938,0.908188,0.742441,0.908188,0.742441,33,22,20,18,0,0,0,0,40,14,4,2
2026/02/03/14:00:39,929.900105,0.908188,0.742441,0.908188,0.742441,33,22,20,18,0,0,0,0,40,14,4,2
2026/02/03/14:00:40,930.900200,0.913062,0.746748,0.913062,0.746748,34,22,20,18,0,0,0,0,40,14,4,2
2026/02/03/14:00:41,931.900367,0.913062,0.746748,0.913062,0.746748,34,22,20,18,0,0,0,0,40,14,4,2
2026/02/03/14:00:42,932.900513,0.913062,0.746748,0.913062,0.746748,34,22,20,18,0,0,0,0,40,14,4,2
2026/02/03/14:00:43,933.900610,0.913062,0.746748,0.913062,0.746748,34,22,20,18,0,0,0,0,40,14,4,2
2026/02/03/14:00:44,934.900717,0.927813,0.760313,0.927813,0.760313,35,22,20,19,0,0,0,0,40,14,4,2
2026/02/03/14:00:45,935.900811,0.922937,0.756005,0.922937,0.756005,34,22,20,19,0,0,0,0,41,14,4,2
2026/02/03/14:00:46,936.900913,0.922937,0.756005,0.922937,0.756005,34,22,20,19,0,0,0,0,41,14,4,2
2026/02/03/14:00:47,937.901019,0.922937,0.756005,0.922937,0.756005,34,22,20,19,0,0,0,0,41,14,4,2
2026/02/03/14:00:48,938.901115,0.922937,0.756005,0.922937,0.756005,34,22,20,19,0,0,0,0,41,14,4,2
2026/02/03/14:00:49,939.901209,0.922937,0.756005,0.922937,0.756005,34,22,20,19,0,0,0,0,41,14,4,2
2026/02/03/14:00:50,940.901299,0.922937,0.756005,0.922937,0.756005,34,22,20,19,0,0,0,0,41,14,4,2
2026/02/03/14:00:51,941.901411,0.922937,0.756005,0.922937,0.756005,34,22,20,19,0,0,0,0,41,14,4,2
2026/02/03/14:00:52,942.901510,0.922937,0.756005,0.922937,0.756005,34,22,20,19,0,0,0,0,41,14,4,2
2026/02/03/14:00:53,943.901612,0.922937,0.756005,0.922937,0.756005,34,22,20,19,0,0,0,0,41,14,4,2
2026/02/03/14:00:54,944.901716,0.922937,0.756005,0.922937,0.756005,34,22,20,19,0,0,0,0,41,14,4,2
2026/02/03/14:00:55,945.901819,0.922937,0.756005,0.922937,0.756005,34,22,20,19,0,0,0,0,41,14,4,2
2026/02/03/14:00:56,946.901979,0.922937,0.756005,0.922937,0.756005,34,22,20,19,0,0,0,0,41,14,4,2
2026/02/03/14:00:57,947.902086,0.922937,0.756005,0.922937,0.756005,34,22,20,19,0,0,0,0,41,14,4,2
2026/02/03/14:00:58,948.902185,0.922937,0.756005,0.922937,0.756005,34,22,20,19,0,0,0,0,41,14,4,2
2026/02/03/14:00:59,949.902289,0.922937,0.756005,0.922937,0.756005,34,22,20,19,0,0,0,0,41,14,4,2
2026/02/03/14:01:00,950.902440,0.922937,0.756005,0.922937,0.756005,34,22,20,19,0,0,0,0,41,14,4,2
2026/02/03/14:01:01,951.902514,0.922937,0.756005,0.922937,0.756005,34,22,20,19,0,0,0,0,41,14,4,2
2026/02/03/14:01:02,952.902611,0.922937,0.756005,0.922937,0.756005,34,22,20,19,0,0,0,0,41,14,4,2
2026/02/03/14:01:03,953.902773,0.922937,0.756005,0.922937,0.756005,34,22,20,19,0,0,0,0,41,14,4,2
2026/02/03/14:01:04,954.902916,0.916500,0.746996,0.916500,0.746996,34,22,20,18,0,0,0,0,41,14,4,3
2026/02/03/14:01:05,955.903099,0.916500,0.746996,0.916500,0.746996,34,22,20,18,0,0,0,0,41,14,4,3
2026/02/03/14:01:06,956.903262,0.916500,0.746996,0.916500,0.746996,34,22,20,18,0,0,0,0,41,14,4,3
2026/02/03/14:01:07,957.903445,0.916500,0.746996,0.916500,0.746996,34,22,20,18,0,0,0,0,41,14,4,3
2026/02/03/14:01:08,958.903602,0.916500,0.746996,0.916500,0.746996,34,22,20,18,0,0,0,0,41,14,4,3
2026/02/03/14:01:09,959.903780,0.916500,0.746996,0.916500,0.746996,34,22,20,18,0,0,0,0,41,14,4,3
2026/02/03/14:01:10,960.903937,0.916500,0.746996,0.916500,0.746996,34,22,20,18,0,0,0,0,41,14,4,3
2026/02/03/14:01:11,961.904097,0.916500,0.746996,0.916500,0.746996,34,22,20,18,0,0,0,0,41,14,4,3
2026/02/03/14:01:12,962.904259,0.916500,0.746996,0.916500,0.746996,34,22,20,18,0,0,0,0,41,14,4,3
2026/02/03/14:01:13,963.904439,0.916500,0.746996,0.916500,0.746996,34,22,20,18,0,0,0,0,41,14,4,3
2026/02/03/14:01:14,964.904598,0.916500,0.746996,0.916500,0.746996,34,22,20,18,0,0,0,0,41,14,4,3
2026/02/03/14:01:15,965.904757,0.916500,0.746996,0.916500,0.746996,34,22,20,18,0,0,0,0,41,14,4,3
2026/02/03/14:01:16,966.904856,0.916500,0.746996,0.916500,0.746996,34,22,20,18,0,0,0,0,41,14,4,3
2026/02/03/14:01:17,967.905028,0.916500,0.746996,0.916500,0.746996,34,22,20,18,0,0,0,0,41,14,4,3
2026/02/03/14:01:18,968.905136,0.916500,0.746996,0.916500,0.746996,34,22,20,18,0,0,0,0,41,14,4,3
2026/02/03/14:01:19,969.905296,0.916500,0.746996,0.916500,0.746996,34,22,20,18,0,0,0,0,41,14,4,3
2026/02/03/14:01:20,970.905462,0.916500,0.746996,0.916500,0.746996,34,22,20,18,0,0,0,0,41,14,4,3
2026/02/03/14:01:21,971.905706,0.916500,0.746996,0.916500,0.746996,34,22,20,18,0,0,0,0,41,14,4,3
2026/02/03/14:01:22,972.905738,0.916500,0.746996,0.916500,0.746996,34,22,20,18,0,0,0,0,41,14,4,3
2026/02/03/14:01:23,973.905898,0.916500,0.746996,0.916500,0.746996,34,22,20,18,0,0,0,0,41,14,4,3
2026/02/03/14:01:24,974.906038,0.916500,0.746996,0.916500,0.746996,34,22,20,18,0,0,0,0,41,14,4,3
2026/02/03/14:01:25,975.906188,0.916500,0.746996,0.916500,0.746996,34,22,20,18,0,0,0,0,41,14,4,3
2026/02/03/14:01:26,976.906250,0.916500,0.746996,0.916500,0.746996,34,22,20,18,0,0,0,0,41,14,4,3
2026/02/03/14:01:27,977.906381,0.916500,0.746996,0.916500,0.746996,34,22,20,18,0,0,0,0,41,14,4,3
2026/02/03/14:01:28,978.906496,0.916500,0.746996,0.916500,0.746996,34,22,20,18,0,0,0,0,41,14,4,3
2026/02/03/14:01:29,979.906652,0.916500,0.746996,0.916500,0.746996,34,22,20,18,0,0,0,0,41,14,4,3
2026/02/03/14:01:30,980.906823,0.916500,0.746996,0.916500,0.746996,34,22,20,18,0,0,0,0,41,14,4,3
2026/02/03/14:01:31,981.906981,0.916500,0.746996,0.916500,0.746996,34,22,20,18,0,0,0,0,41,14,4,3
2026/02/03/14:01:32,982.907074,0.916500,0.746996,0.916500,0.746996,34,22,20,18,0,0,0,0,41,14,4,3
2026/02/03/14:01:33,983.907163,0.916500,0.746996,0.916500,0.746996,34,22,20,18,0,0,0,0,41,14,4,3
2026/02/03/14:01:34,984.907318,0.916500,0.746996,0.916500,0.746996,34,22,20,18,0,0,0,0,41,14,4,3
2026/02/03/14:01:35,985.907502,0.916500,0.746996,0.916500,0.746996,34,22,20,18,0,0,0,0,41,14,4,3
2026/02/03/14:01:36,986.907594,0.916500,0.746996,0.916500,0.746996,34,22,20,18,0,0,0,0,41,14,4,3
2026/02/03/14:01:37,987.907690,0.916500,0.746996,0.916500,0.746996,34,22,20,18,0,0,0,0,41,14,4,3
2026/02/03/14:01:38,988.907864,0.916500,0.746996,0.916500,0.746996,34,22,20,18,0,0,0,0,41,14,4,3
2026/02/03/14:01:39,989.907985,0.916500,0.746996,0.916500,0.746996,34,22,20,18,0,0,0,0,41,14,4,3
2026/02/03/14:01:40,990.908150,0.916500,0.746996,0.916500,0.746996,34,22,20,18,0,0,0,0,41,14,4,3
2026/02/03/14:01:41,991.908254,0.916500,0.746996,0.916500,0.746996,34,22,20,18,0,0,0,0,41,14,4,3
2026/02/03/14:01:42,992.908441,0.912813,0.736535,0.912813,0.736535,34,21,20,18,0,0,0,0,41,15,4,3
2026/02/03/14:01:43,993.908593,0.912813,0.736535,0.912813,0.736535,34,21,20,18,0,0,0,0,41,15,4,3
2026/02/03/14:01:44,994.908754,0.912813,0.736535,0.912813,0.736535,34,21,20,18,0,0,0,0,41,15,4,3
2026/02/03/14:01:45,995.908907,0.912813,0.736535,0.912813,0.736535,34,21,20,18,0,0,0,0,41,15,4,3
2026/02/03/14:01:46,996.909039,0.912813,0.736535,0.912813,0.736535,34,21,20,18,0,0,0,0,41,15,4,3
2026/02/03/14:01:47,997.909228,0.912813,0.736535,0.912813,0.736535,34,21,20,18,0,0,0,0,41,15,4,3
2026/02/03/14:01:48,998.909406,0.912813,0.736535,0.912813,0.736535,34,21,20,18,0,0,0,0,41,15,4,3
2026/02/03/14:01:49,999.909545,0.912813,0.736535,0.912813,0.736535,34,21,20,18,0,0,0,0,41,15,4,3
2026/02/03/14:01:50,1000.909708,0.912813,0.736535,0.912813,0.736535,34,21,20,18,0,0,0,0,41,15,4,3
2026/02/03/14:01:51,1001.909816,0.912813,0.736535,0.912813,0.736535,34,21,20,18,0,0,0,0,41,15,4,3
2026/02/03/14:01:52,1002.909914,0.912813,0.736535,0.912813,0.736535,34,21,20,18,0,0,0,0,41,15,4,3
2026/02/03/14:01:53,1003.910012,0.912813,0.736535,0.912813,0.736535,34,21,20,18,0,0,0,0,41,15,4,3
2026/02/03/14:01:54,1004.910170,0.912813,0.736535,0.912813,0.736535,34,21,20,18,0,0,0,0,41,15,4,3
2026/02/03/14:01:55,1005.910339,0.912813,0.736535,0.912813,0.736535,34,21,20,18,0,0,0,0,41,15,4,3
2026/02/03/14:01:56,1006.910496,0.912813,0.736535,0.912813,0.736535,34,21,20,18,0,0,0,0,41,15,4,3
2026/02/03/14:01:57,1007.910662,0.912813,0.736535,0.912813,0.736535,34,21,20,18,0,0,0,0,41,15,4,3
2026/02/03/14:01:58,1008.910756,0.949875,0.758954,0.978000,0.771108,34,21,21,21,0,2,0,0,41,15,4,3
2026/02/03/14:01:59,1009.910862,0.949875,0.758954,0.978000,0.771108,34,21,21,21,0,2,0,0,41,15,4,3
2026/02/03/14:02:00,1010.910965,0.949875,0.758954,0.978000,0.771108,34,21,21,21,0,2,0,0,41,15,4,3
2026/02/03/14:02:01,1011.911077,0.949875,0.758954,0.978000,0.771108,34,21,21,21,0,2,0,0,41,15,4,3
2026/02/03/14:02:02,1012.911192,0.949875,0.758954,0.978000,0.771108,34,21,21,21,0,2,0,0,41,15,4,3
2026/02/03/14:02:03,1013.911284,0.949875,0.758954,0.978000,0.771108,34,21,21,21,0,2,0,0,41,15,4,3
2026/02/03/14:02:04,1014.911462,0.949875,0.758954,0.978000,0.771108,34,21,21,21,0,2,0,0,41,15,4,3
2026/02/03/14:02:05,1015.911573,0.949875,0.758954,0.978000,0.771108,34,21,21,21,0,2,0,0,41,15,4,3
2026/02/03/14:02:06,1016.911703,0.949875,0.758954,1.020188,0.806663,34,21,21,21,3,2,0,0,41,15,4,3
2026/02/03/14:02:07,1017.911873,0.949875,0.758954,1.020188,0.806663,34,21,21,21,3,2,0,0,41,15,4,3
2026/02/03/14:02:08,1018.911982,0.949875,0.758954,1.020188,0.806663,34,21,21,21,3,2,0,0,41,15,4,3
2026/02/03/14:02:09,1019.912076,0.949875,0.758954,1.020188,0.806663,34,21,21,21,3,2,0,0,41,15,4,3
2026/02/03/14:02:10,1020.912229,0.949875,0.758954,1.020188,0.806663,34,21,21,21,3,2,0,0,41,15,4,3
2026/02/03/14:02:11,1021.912425,0.942063,0.755714,1.012375,0.803423,34,21,20,21,3,2,0,0,41,15,5,3
2026/02/03/14:02:12,1022.912538,0.942063,0.755714,1.012375,0.803423,34,21,20,21,3,2,0,0,41,15,5,3
2026/02/03/14:02:13,1023.912638,0.942063,0.755714,1.012375,0.803423,34,21,20,21,3,2,0,0,41,15,5,3
2026/02/03/14:02:14,1024.912798,0.942063,0.755714,1.012375,0.803423,34,21,20,21,3,2,0,0,41,15,5,3
2026/02/03/14:02:15,1025.912957,0.942063,0.755714,1.012375,0.803423,34,21,20,21,3,2,0,0,41,15,5,3
2026/02/03/14:02:16,1026.913055,0.942063,0.755714,1.012375,0.803423,34,21,20,21,3,2,0,0,41,15,5,3
2026/02/03/14:02:17,1027.913207,0.942063,0.755714,1.012375,0.803423,34,21,20,21,3,2,0,0,41,15,5,3
2026/02/03/14:02:18,1028.913379,0.940937,0.748690,0.983125,0.784245,34,23,20,18,3,0,0,0,41,15,5,6
2026/02/03/14:02:19,1029.913521,0.940937,0.748690,0.983125,0.784245,34,23,20,18,3,0,0,0,41,15,5,6
2026/02/03/14:02:20,1030.913694,0.940937,0.748690,0.983125,0.784245,34,23,20,18,3,0,0,0,41,15,5,6
2026/02/03/14:02:21,1031.913856,0.940937,0.748690,0.983125,0.784245,34,23,20,18,3,0,0,0,41,15,5,6
2026/02/03/14:02:22,1032.913953,0.940937,0.748690,0.983125,0.784245,34,23,20,18,3,0,0,0,41,15,5,6
2026/02/03/14:02:23,1033.914068,0.940937,0.748690,0.983125,0.784245,34,23,20,18,3,0,0,0,41,15,5,6
2026/02/03/14:02:24,1034.914170,0.940937,0.748690,0.983125,0.784245,34,23,20,18,3,0,0,0,41,15,5,6
2026/02/03/14:02:25,1035.914383,0.940937,0.748690,0.983125,0.784245,34,23,20,18,3,0,0,0,41,15,5,6
2026/02/03/14:02:26,1036.914505,0.940937,0.748690,0.983125,0.784245,34,23,20,18,3,0,0,0,41,15,5,6
2026/02/03/14:02:27,1037.914653,0.940937,0.748690,0.983125,0.784245,34,23,20,18,3,0,0,0,41,15,5,6
2026/02/03/14:02:28,1038.914758,0.940937,0.748690,0.983125,0.784245,34,23,20,18,3,0,0,0,41,15,5,6
2026/02/03/14:02:29,1039.914910,0.940937,0.748690,0.983125,0.784245,34,23,20,18,3,0,0,0,41,15,5,6
2026/02/03/14:02:30,1040.915072,0.940937,0.748690,0.983125,0.784245,34,23,20,18,3,0,0,0,41,15,5,6
2026/02/03/14:02:31,1041.915181,0.940937,0.748690,0.983125,0.784245,34,23,20,18,3,0,0,0,41,15,5,6
2026/02/03/14:02:32,1042.915385,0.940937,0.748690,0.983125,0.784245,34,23,20,18,3,0,0,0,41,15,5,6
2026/02/03/14:02:33,1043.915485,0.940937,0.748690,0.983125,0.784245,34,23,20,18,3,0,0,0,41,15,5,6
2026/02/03/14:02:34,1044.915644,0.926875,0.748387,0.955000,0.772091,35,21,20,18,2,0,0,0,41,17,5,6
2026/02/03/14:02:35,1045.915761,0.926875,0.748387,0.955000,0.772091,35,21,20,18,2,0,0,0,41,17,5,6
2026/02/03/14:02:36,1046.915862,0.926875,0.748387,0.955000,0.772091,35,21,20,18,2,0,0,0,41,17,5,6
2026/02/03/14:02:37,1047.915922,0.926875,0.748387,0.955000,0.772091,35,21,20,18,2,0,0,0,41,17,5,6
2026/02/03/14:02:38,1048.916026,0.926875,0.748387,0.955000,0.772091,35,21,20,18,2,0,0,0,41,17,5,6
2026/02/03/14:02:39,1049.916132,0.926875,0.748387,0.955000,0.772091,35,21,20,18,2,0,0,0,41,17,5,6
2026/02/03/14:02:40,1050.916238,0.926875,0.748387,0.955000,0.772091,35,21,20,18,2,0,0,0,41,17,5,6
2026/02/03/14:02:41,1051.916427,0.926875,0.748387,0.955000,0.772091,35,21,20,18,2,0,0,0,41,17,5,6
2026/02/03/14:02:42,1052.916579,0.926875,0.748387,0.955000,0.772091,35,21,20,18,2,0,0,0,41,17,5,6
2026/02/03/14:02:43,1053.916675,0.926875,0.748387,0.955000,0.772091,35,21,20,18,2,0,0,0,41,17,5,6
2026/02/03/14:02:44,1054.916781,0.926875,0.748387,0.955000,0.772091,35,21,20,18,2,0,0,0,41,17,5,6
2026/02/03/14:02:45,1055.916888,0.926875,0.748387,0.955000,0.772091,35,21,20,18,2,0,0,0,41,17,5,6
2026/02/03/14:02:46,1056.916977,0.926875,0.748387,0.955000,0.772091,35,21,20,18,2,0,0,0,41,17,5,6
2026/02/03/14:02:47,1057.917168,0.926875,0.748387,0.955000,0.772091,35,21,20,18,2,0,0,0,41,17,5,6
2026/02/03/14:02:48,1058.917253,0.926875,0.748387,0.955000,0.772091,35,21,20,18,2,0,0,0,41,17,5,6
2026/02/03/14:02:49,1059.917374,0.926875,0.748387,0.955000,0.772091,35,21,20,18,2,0,0,0,41,17,5,6
2026/02/03/14:02:50,1060.917468,0.926875,0.748387,0.955000,0.772091,35,21,20,18,2,0,0,0,41,17,5,6
2026/02/03/14:02:51,1061.917592,0.926875,0.748387,0.955000,0.772091,35,21,20,18,2,0,0,0,41,17,5,6
2026/02/03/14:02:52,1062.917684,0.926875,0.748387,0.955000,0.772091,35,21,20,18,2,0,0,0,41,17,5,6
2026/02/03/14:02:53,1063.917799,0.926875,0.748387,0.955000,0.772091,35,21,20,18,2,0,0,0,41,17,5,6
2026/02/03/14:02:54,1064.917892,0.926875,0.748387,0.955000,0.772091,35,21,20,18,2,0,0,0,41,17,5,6
2026/02/03/14:02:55,1065.918063,0.926875,0.748387,0.955000,0.772091,35,21,20,18,2,0,0,0,41,17,5,6
2026/02/03/14:02:56,1066.918177,0.926875,0.748387,0.955000,0.772091,35,21,20,18,2,0,0,0,41,17,5,6
2026/02/03/14:02:57,1067.918283,0.926875,0.748387,0.955000,0.772091,35,21,20,18,2,0,0,0,41,17,5,6
2026/02/03/14:02:58,1068.918449,0.926875,0.748387,0.955000,0.772091,35,21,20,18,2,0,0,0,41,17,5,6
2026/02/03/14:02:59,1069.918616,0.926875,0.748387,0.955000,0.772091,35,21,20,18,2,0,0,0,41,17,5,6
2026/02/03/14:03:00,1070.918774,0.926875,0.748387,0.955000,0.772091,35,21,20,18,2,0,0,0,41,17,5,6
2026/02/03/14:03:01,1071.918942,0.926875,0.748387,0.955000,0.772091,35,21,20,18,2,0,0,0,41,17,5,6
2026/02/03/14:03:02,1072.919092,0.926875,0.748387,0.955000,0.772091,35,21,20,18,2,0,0,0,41,17,5,6
2026/02/03/14:03:03,1073.919294,0.926875,0.748387,0.955000,0.772091,35,21,20,18,2,0,0,0,41,17,5,6
2026/02/03/14:03:04,1074.919462,0.926875,0.748387,0.955000,0.772091,35,21,20,18,2,0,0,0,41,17,5,6
2026/02/03/14:03:05,1075.919551,0.926875,0.748387,0.955000,0.772091,35,21,20,18,2,0,0,0,41,17,5,6
2026/02/03/14:03:06,1076.919693,0.926875,0.748387,0.955000,0.772091,35,21,20,18,2,0,0,0,41,17,5,6
2026/02/03/14:03:07,1077.919843,0.926875,0.748387,0.955000,0.772091,35,21,20,18,2,0,0,0,41,17,5,6
2026/02/03/14:03:08,1078.920018,0.926875,0.748387,0.955000,0.772091,35,21,20,18,2,0,0,0,41,17,5,6
2026/02/03/14:03:09,1079.920165,0.926875,0.748387,0.955000,0.772091,35,21,20,18,2,0,0,0,41,17,5,6
2026/02/03/14:03:10,1080.920252,0.926875,0.748387,0.955000,0.772091,35,21,20,18,2,0,0,0,41,17,5,6
2026/02/03/14:03:11,1081.920419,0.926875,0.748387,0.955000,0.772091,35,21,20,18,2,0,0,0,41,17,5,6
2026/02/03/14:03:12,1082.920502,0.926875,0.748387,0.955000,0.772091,35,21,20,18,2,0,0,0,41,17,5,6
2026/02/03/14:03:13,1083.920676,0.926875,0.748387,0.955000,0.772091,35,21,20,18,2,0,0,0,41,17,5,6
2026/02/03/14:03:14,1084.920821,0.926875,0.748387,0.955000,0.772091,35,21,20,18,2,0,0,0,41,17,5,6
2026/02/03/14:03:15,1085.920969,0.926875,0.748387,0.955000,0.772091,35,21,20,18,2,0,0,0,41,17,5,6
2026/02/03/14:03:16,1086.921119,0.926875,0.748387,0.955000,0.772091,35,21,20,18,2,0,0,0,41,17,5,6
2026/02/03/14:03:17,1087.921230,0.926875,0.748387,0.955000,0.772091,35,21,20,18,2,0,0,0,41,17,5,6
2026/02/03/14:03:18,1088.921398,0.926875,0.748387,0.955000,0.772091,35,21,20,18,2,0,0,0,41,17,5,6
2026/02/03/14:03:19,1089.921530,0.926875,0.748387,0.955000,0.772091,35,21,20,18,2,0,0,0,41,17,5,6
2026/02/03/14:03:20,1090.921622,0.926875,0.748387,0.955000,0.772091,35,21,20,18,2,0,0,0,41,17,5,6
2026/02/03/14:03:21,1091.921787,0.955000,0.772091,0.955000,0.772091,37,21,20,18,0,0,0,0,43,17,5,6
2026/02/03/14:03:22,1092.921883,0.955000,0.772091,0.955000,0.772091,37,21,20,18,0,0,0,0,43,17,5,6
2026/02/03/14:03:23,1093.922013,0.955000,0.772091,0.955000,0.772091,37,21,20,18,0,0,0,0,43,17,5,6
2026/02/03/14:03:24,1094.922126,0.955000,0.772091,0.955000,0.772091,37,21,20,18,0,0,0,0,43,17,5,6
2026/02/03/14:03:25,1095.922285,0.955000,0.772091,0.955000,0.772091,37,21,20,18,0,0,0,0,43,17,5,6
2026/02/03/14:03:26,1096.922410,0.955000,0.772091,0.955000,0.772091,37,21,20,18,0,0,0,0,43,17,5,6
2026/02/03/14:03:27,1097.922487,0.955000,0.772091,0.955000,0.772091,37,21,20,18,0,0,0,0,43,17,5,6
2026/02/03/14:03:28,1098.922606,0.955000,0.772091,0.955000,0.772091,37,21,20,18,0,0,0,0,43,17,5,6
2026/02/03/14:03:29,1099.922710,0.955000,0.772091,0.955000,0.772091,37,21,20,18,0,0,0,0,43,17,5,6
2026/02/03/14:03:30,1100.922806,0.955000,0.772091,0.955000,0.772091,37,21,20,18,0,0,0,0,43,17,5,6
2026/02/03/14:03:31,1101.922894,0.955000,0.772091,0.955000,0.772091,37,21,20,18,0,0,0,0,43,17,5,6
2026/02/03/14:03:32,1102.923034,0.955000,0.772091,0.955000,0.772091,37,21,20,18,0,0,0,0,43,17,5,6
2026/02/03/14:03:33,1103.923162,0.955000,0.772091,0.955000,0.772091,37,21,20,18,0,0,0,0,43,17,5,6
2026/02/03/14:03:34,1104.923322,0.955000,0.772091,0.955000,0.772091,37,21,20,18,0,0,0,0,43,17,5,6
2026/02/03/14:03:35,1105.923458,0.955000,0.772091,0.955000,0.772091,37,21,20,18,0,0,0,0,43,17,5,6
2026/02/03/14:03:36,1106.923609,0.955000,0.772091,0.955000,0.772091,37,21,20,18,0,0,0,0,43,17,5,6
2026/02/03/14:03:37,1107.923712,0.955000,0.772091,0.955000,0.772091,37,21,20,18,0,0,0,0,43,17,5,6
2026/02/03/14:03:38,1108.923802,0.955000,0.772091,0.955000,0.772091,37,21,20,18,0,0,0,0,43,17,5,6
2026/02/03/14:03:39,1109.923965,0.955000,0.772091,0.955000,0.772091,37,21,20,18,0,0,0,0,43,17,5,6
2026/02/03/14:03:40,1110.924114,0.955000,0.772091,0.955000,0.772091,37,21,20,18,0,0,0,0,43,17,5,6
2026/02/03/14:03:41,1111.924262,0.955000,0.772091,0.955000,0.772091,37,21,20,18,0,0,0,0,43,17,5,6
2026/02/03/14:03:42,1112.924433,0.955000,0.772091,0.955000,0.772091,37,21,20,18,0,0,0,0,43,17,5,6
2026/02/03/14:03:43,1113.924535,0.955000,0.772091,0.955000,0.772091,37,21,20,18,0,0,0,0,43,17,5,6
2026/02/03/14:03:44,1114.924700,0.955000,0.772091,0.955000,0.772091,37,21,20,18,0,0,0,0,43,17,5,6
2026/02/03/14:03:45,1115.924860,0.955000,0.772091,0.955000,0.772091,37,21,20,18,0,0,0,0,43,17,5,6
2026/02/03/14:03:46,1116.925031,0.955000,0.772091,0.955000,0.772091,37,21,20,18,0,0,0,0,43,17,5,6
2026/02/03/14:03:47,1117.925132,0.955000,0.772091,0.955000,0.772091,37,21,20,18,0,0,0,0,43,17,5,6
2026/02/03/14:03:48,1118.925229,0.955000,0.772091,0.955000,0.772091,37,21,20,18,0,0,0,0,43,17,5,6
2026/02/03/14:03:49,1119.925327,0.955000,0.772091,0.955000,0.772091,37,21,20,18,0,0,0,0,43,17,5,6
2026/02/03/14:03:50,1120.925473,0.955000,0.772091,0.955000,0.772091,37,21,20,18,0,0,0,0,43,17,5,6
2026/02/03/14:03:51,1121.925633,0.955000,0.772091,0.955000,0.772091,37,21,20,18,0,0,0,0,43,17,5,6
2026/02/03/14:03:52,1122.925713,0.955000,0.772091,0.955000,0.772091,37,21,20,18,0,0,0,0,43,17,5,6
2026/02/03/14:03:53,1123.925872,0.955000,0.772091,0.955000,0.772091,37,21,20,18,0,0,0,0,43,17,5,6
2026/02/03/14:03:54,1124.926033,0.955000,0.772091,0.955000,0.772091,37,21,20,18,0,0,0,0,43,17,5,6
2026/02/03/14:03:55,1125.926181,0.955000,0.772091,0.955000,0.772091,37,21,20,18,0,0,0,0,43,17,5,6
2026/02/03/14:03:56,1126.926316,0.955000,0.772091,0.955000,0.772091,37,21,20,18,0,0,0,0,43,17,5,6
2026/02/03/14:03:57,1127.926473,0.955000,0.772091,0.955000,0.772091,37,21,20,18,0,0,0,0,43,17,5,6
2026/02/03/14:03:58,1128.926558,0.955000,0.772091,0.955000,0.772091,37,21,20,18,0,0,0,0,43,17,5,6
2026/02/03/14:03:59,1129.926650,0.955000,0.772091,0.955000,0.772091,37,21,20,18,0,0,0,0,43,17,5,6
2026/02/03/14:04:00,1130.926817,0.955000,0.772091,0.955000,0.772091,37,21,20,18,0,0,0,0,43,17,5,6
2026/02/03/14:04:01,1131.926979,0.955000,0.772091,0.955000,0.772091,37,21,20,18,0,0,0,0,43,17,5,6
2026/02/03/14:04:02,1132.927073,0.955000,0.772091,0.955000,0.772091,37,21,20,18,0,0,0,0,43,17,5,6
2026/02/03/14:04:03,1133.927200,0.955000,0.772091,0.955000,0.772091,37,21,20,18,0,0,0,0,43,17,5,6
2026/02/03/14:04:04,1134.927299,0.958562,0.782215,0.958562,0.782215,37,22,20,18,0,0,0,0,43,17,5,6
2026/02/03/14:04:05,1135.927455,0.958562,0.782215,0.958562,0.782215,37,22,20,18,0,0,0,0,43,17,5,6
2026/02/03/14:04:06,1136.927613,0.958562,0.782215,0.958562,0.782215,37,22,20,18,0,0,0,0,43,17,5,6
2026/02/03/14:04:07,1137.927723,0.958562,0.782215,0.958562,0.782215,37,22,20,18,0,0,0,0,43,17,5,6
2026/02/03/14:04:08,1138.927841,0.958562,0.782215,0.958562,0.782215,37,22,20,18,0,0,0,0,43,17,5,6
2026/02/03/14:04:09,1139.927941,0.958562,0.782215,0.958562,0.782215,37,22,20,18,0,0,0,0,43,17,5,6
2026/02/03/14:04:10,1140.928098,0.958562,0.782215,0.958562,0.782215,37,22,20,18,0,0,0,0,43,17,5,6
2026/02/03/14:04:11,1141.928253,0.958562,0.782215,0.958562,0.782215,37,22,20,18,0,0,0,0,43,17,5,6
2026/02/03/14:04:12,1142.928434,0.958562,0.782215,0.958562,0.782215,37,22,20,18,0,0,0,0,43,17,5,6
2026/02/03/14:04:13,1143.928613,0.958562,0.782215,0.958562,0.782215,37,22,20,18,0,0,0,0,43,17,5,6
2026/02/03/14:04:14,1144.928723,0.958562,0.782215,0.958562,0.782215,37,22,20,18,0,0,0,0,43,17,5,6
2026/02/03/14:04:15,1145.928825,0.955000,0.772091,0.955000,0.772091,37,21,20,18,0,0,0,0,43,18,5,6
2026/02/03/14:04:16,1146.928910,0.955000,0.772091,0.955000,0.772091,37,21,20,18,0,0,0,0,43,18,5,6
2026/02/03/14:04:17,1147.929072,0.955000,0.772091,0.955000,0.772091,37,21,20,18,0,0,0,0,43,18,5,6
2026/02/03/14:04:18,1148.929172,0.955000,0.772091,0.955000,0.772091,37,21,20,18,0,0,0,0,43,18,5,6
2026/02/03/14:04:19,1149.929332,0.955000,0.772091,0.962812,0.776188,37,21,20,18,1,0,0,0,43,18,5,6
2026/02/03/14:04:20,1150.929438,0.955000,0.772091,0.962812,0.776188,37,21,20,18,1,0,0,0,43,18,5,6
2026/02/03/14:04:21,1151.929588,0.955000,0.772091,0.962812,0.776188,37,21,20,18,1,0,0,0,43,18,5,6
2026/02/03/14:04:22,1152.929746,0.955000,0.772091,0.962812,0.776188,37,21,20,18,1,0,0,0,43,18,5,6
2026/02/03/14:04:23,1153.929857,0.955000,0.772091,0.962812,0.776188,37,21,20,18,1,0,0,0,43,18,5,6
2026/02/03/14:04:24,1154.929940,0.955000,0.772091,0.962812,0.776188,37,21,20,18,1,0,0,0,43,18,5,6
2026/02/03/14:04:25,1155.930101,0.955000,0.772091,0.962812,0.776188,37,21,20,18,1,0,0,0,43,18,5,6
2026/02/03/14:04:26,1156.930207,0.955000,0.772091,0.962812,0.776188,37,21,20,18,1,0,0,0,43,18,5,6
2026/02/03/14:04:27,1157.930388,0.955000,0.772091,0.962812,0.776188,37,21,20,18,1,0,0,0,43,18,5,6
2026/02/03/14:04:28,1158.930528,0.955000,0.772091,0.962812,0.776188,37,21,20,18,1,0,0,0,43,18,5,6
2026/02/03/14:04:29,1159.930696,0.955000,0.772091,0.962812,0.776188,37,21,20,18,1,0,0,0,43,18,5,6
2026/02/03/14:04:30,1160.930803,0.955000,0.772091,0.962812,0.776188,37,21,20,18,1,0,0,0,43,18,5,6
2026/02/03/14:04:31,1161.930908,0.955000,0.772091,0.962812,0.776188,37,21,20,18,1,0,0,0,43,18,5,6
2026/02/03/14:04:32,1162.931072,0.955000,0.772091,0.962812,0.776188,37,21,20,18,1,0,0,0,43,18,5,6
2026/02/03/14:04:33,1163.931166,0.955000,0.772091,0.962812,0.776188,37,21,20,18,1,0,0,0,43,18,5,6
2026/02/03/14:04:34,1164.931335,0.955000,0.772091,0.962812,0.776188,37,21,20,18,1,0,0,0,43,18,5,6
2026/02/03/14:04:35,1165.931436,0.955000,0.772091,0.962812,0.776188,37,21,20,18,1,0,0,0,43,18,5,6
2026/02/03/14:04:36,1166.931589,0.955000,0.772091,0.962812,0.776188,37,21,20,18,1,0,0,0,43,18,5,6
2026/02/03/14:04:37,1167.931717,0.955000,0.772091,0.962812,0.776188,37,21,20,18,1,0,0,0,43,18,5,6
2026/02/03/14:04:38,1168.931835,0.955000,0.772091,0.962812,0.776188,37,21,20,18,1,0,0,0,43,18,5,6
2026/02/03/14:04:39,1169.931963,0.955000,0.772091,0.962812,0.776188,37,21,20,18,1,0,0,0,43,18,5,6
2026/02/03/14:04:40,1170.932079,0.955000,0.772091,0.962812,0.776188,37,21,20,18,1,0,0,0,43,18,5,6
2026/02/03/14:04:41,1171.932222,0.955000,0.772091,0.962812,0.776188,37,21,20,18,1,0,0,0,43,18,5,6
2026/02/03/14:04:42,1172.932394,0.955000,0.772091,0.962812,0.776188,37,21,20,18,1,0,0,0,43,18,5,6
2026/02/03/14:04:43,1173.932472,0.955000,0.772091,0.962812,0.776188,37,21,20,18,1,0,0,0,43,18,5,6
2026/02/03/14:04:44,1174.932638,0.955000,0.772091,0.962812,0.776188,37,21,20,18,1,0,0,0,43,18,5,6
2026/02/03/14:04:45,1175.932820,0.955000,0.772091,0.962812,0.776188,37,21,20,18,1,0,0,0,43,18,5,6
2026/02/03/14:04:46,1176.932959,0.955000,0.772091,0.962812,0.776188,37,21,20,18,1,0,0,0,43,18,5,6
2026/02/03/14:04:47,1177.933112,0.955000,0.772091,0.962812,0.776188,37,21,20,18,1,0,0,0,43,18,5,6
2026/02/03/14:04:48,1178.933275,0.955000,0.772091,0.962812,0.776188,37,21,20,18,1,0,0,0,43,18,5,6
2026/02/03/14:04:49,1179.933441,0.955000,0.772091,0.962812,0.776188,37,21,20,18,1,0,0,0,43,18,5,6
2026/02/03/14:04:50,1180.933553,0.955000,0.772091,0.962812,0.776188,37,21,20,18,1,0,0,0,43,18,5,6
2026/02/03/14:04:51,1181.933677,0.955000,0.772091,0.962812,0.776188,37,21,20,18,1,0,0,0,43,18,5,6
2026/02/03/14:04:52,1182.933836,0.955000,0.772091,0.962812,0.776188,37,21,20,18,1,0,0,0,43,18,5,6
2026/02/03/14:04:53,1183.933934,0.955000,0.772091,0.962812,0.776188,37,21,20,18,1,0,0,0,43,18,5,6
2026/02/03/14:04:54,1184.934052,0.955000,0.772091,0.962812,0.776188,37,21,20,18,1,0,0,0,43,18,5,6
2026/02/03/14:04:55,1185.934153,0.955000,0.772091,0.962812,0.776188,37,21,20,18,1,0,0,0,43,18,5,6
2026/02/03/14:04:56,1186.934267,0.955000,0.772091,0.962812,0.776188,37,21,20,18,1,0,0,0,43,18,5,6
2026/02/03/14:04:57,1187.934359,0.962812,0.776188,0.962812,0.776188,38,21,20,18,0,0,0,0,44,18,5,6
2026/02/03/14:04:58,1188.934433,0.962812,0.776188,0.962812,0.776188,38,21,20,18,0,0,0,0,44,18,5,6
2026/02/03/14:04:59,1189.934543,0.962812,0.776188,0.962812,0.776188,38,21,20,18,0,0,0,0,44,18,5,6
2026/02/03/14:05:00,1190.934671,0.962812,0.776188,0.962812,0.776188,38,21,20,18,0,0,0,0,44,18,5,6
2026/02/03/14:05:01,1191.934836,0.962812,0.776188,0.962812,0.776188,38,21,20,18,0,0,0,0,44,18,5,6
2026/02/03/14:05:02,1192.934927,0.962812,0.776188,0.962812,0.776188,38,21,20,18,0,0,0,0,44,18,5,6
2026/02/03/14:05:03,1193.935025,0.962812,0.776188,0.962812,0.776188,38,21,20,18,0,0,0,0,44,18,5,6
2026/02/03/14:05:04,1194.935121,0.962812,0.776188,0.962812,0.776188,38,21,20,18,0,0,0,0,44,18,5,6
2026/02/03/14:05:05,1195.935218,0.962812,0.776188,0.962812,0.776188,38,21,20,18,0,0,0,0,44,18,5,6
2026/02/03/14:05:06,1196.935313,0.962812,0.776188,0.962812,0.776188,38,21,20,18,0,0,0,0,44,18,5,6
2026/02/03/14:05:07,1197.935418,0.962812,0.776188,0.962812,0.776188,38,21,20,18,0,0,0,0,44,18,5,6
2026/02/03/14:05:08,1198.935485,0.962812,0.776188,0.962812,0.776188,38,21,20,18,0,0,0,0,44,18,5,6
2026/02/03/14:05:09,1199.935586,0.962812,0.776188,0.962812,0.776188,38,21,20,18,0,0,0,0,44,18,5,6
2026/02/03/14:05:10,1200.935702,0.962812,0.776188,0.962812,0.776188,38,21,20,18,0,0,0,0,44,18,5,6
2026/02/03/14:05:11,1201.935801,0.962812,0.776188,0.962812,0.776188,38,21,20,18,0,0,0,0,44,18,5,6
2026/02/03/14:05:12,1202.935936,0.962812,0.776188,0.962812,0.776188,38,21,20,18,0,0,0,0,44,18,5,6
2026/02/03/14:05:13,1203.936052,0.962812,0.776188,0.962812,0.776188,38,21,20,18,0,0,0,0,44,18,5,6
2026/02/03/14:05:14,1204.936141,0.962812,0.776188,0.962812,0.776188,38,21,20,18,0,0,0,0,44,18,5,6
2026/02/03/14:05:15,1205.936247,0.962812,0.776188,0.962812,0.776188,38,21,20,18,0,0,0,0,44,18,5,6
2026/02/03/14:05:16,1206.936417,0.962812,0.776188,0.962812,0.776188,38,21,20,18,0,0,0,0,44,18,5,6
2026/02/03/14:05:17,1207.936575,0.962812,0.776188,0.962812,0.776188,38,21,20,18,0,0,0,0,44,18,5,6
2026/02/03/14:05:18,1208.936724,0.962812,0.776188,0.962812,0.776188,38,21,20,18,0,0,0,0,44,18,5,6
2026/02/03/14:05:19,1209.936826,0.962812,0.776188,0.962812,0.776188,38,21,20,18,0,0,0,0,44,18,5,6
2026/02/03/14:05:20,1210.936990,0.962812,0.776188,0.962812,0.776188,38,21,20,18,0,0,0,0,44,18,5,6
2026/02/03/14:05:21,1211.937150,0.962812,0.776188,0.962812,0.776188,38,21,20,18,0,0,0,0,44,18,5,6
2026/02/03/14:05:22,1212.937253,0.962812,0.776188,0.962812,0.776188,38,21,20,18,0,0,0,0,44,18,5,6
2026/02/03/14:05:23,1213.937359,0.962812,0.776188,0.962812,0.776188,38,21,20,18,0,0,0,0,44,18,5,6
2026/02/03/14:05:24,1214.937426,0.962812,0.776188,0.962812,0.776188,38,21,20,18,0,0,0,0,44,18,5,6
2026/02/03/14:05:25,1215.937522,0.962812,0.776188,0.974063,0.784259,38,21,20,18,0,0,0,1,44,18,5,6
2026/02/03/14:05:26,1216.937673,0.962812,0.776188,0.974063,0.784259,38,21,20,18,0,0,0,1,44,18,5,6
2026/02/03/14:05:27,1217.937793,0.962812,0.776188,0.974063,0.784259,38,21,20,18,0,0,0,1,44,18,5,6
2026/02/03/14:05:28,1218.937898,0.962812,0.776188,0.974063,0.784259,38,21,20,18,0,0,0,1,44,18,5,6
2026/02/03/14:05:29,1219.938016,0.962812,0.776188,0.974063,0.784259,38,21,20,18,0,0,0,1,44,18,5,6
2026/02/03/14:05:30,1220.938110,0.962812,0.776188,0.974063,0.784259,38,21,20,18,0,0,0,1,44,18,5,6
2026/02/03/14:05:31,1221.938258,0.962812,0.776188,0.974063,0.784259,38,21,20,18,0,0,0,1,44,18,5,6
2026/02/03/14:05:32,1222.938446,0.962812,0.776188,0.974063,0.784259,38,21,20,18,0,0,0,1,44,18,5,6
2026/02/03/14:05:33,1223.938553,0.962812,0.776188,0.974063,0.784259,38,21,20,18,0,0,0,1,44,18,5,6
2026/02/03/14:05:34,1224.938689,0.962812,0.776188,0.974063,0.784259,38,21,20,18,0,0,0,1,44,18,5,6
2026/02/03/14:05:35,1225.938841,0.962812,0.776188,0.974063,0.784259,38,21,20,18,0,0,0,1,44,18,5,6
2026/02/03/14:05:36,1226.938933,0.962812,0.776188,0.982313,0.813457,38,21,20,18,2,0,0,1,44,18,5,6
2026/02/03/14:05:37,1227.939030,0.962812,0.776188,0.982313,0.813457,38,21,20,18,2,0,0,1,44,18,5,6
2026/02/03/14:05:38,1228.939135,0.962812,0.776188,0.982313,0.813457,38,21,20,18,2,0,0,1,44,18,5,6
2026/02/03/14:05:39,1229.939246,0.962812,0.776188,0.982313,0.813457,38,21,20,18,2,0,0,1,44,18,5,6
2026/02/03/14:05:40,1230.939341,0.962812,0.776188,0.982313,0.813457,38,21,20,18,2,0,0,1,44,18,5,6
2026/02/03/14:05:41,1231.939443,0.962812,0.776188,0.982313,0.813457,38,21,20,18,2,0,0,1,44,18,5,6
2026/02/03/14:05:42,1232.939563,0.962812,0.776188,0.982313,0.813457,38,21,20,18,2,0,0,1,44,18,5,6
2026/02/03/14:05:43,1233.939648,0.962812,0.776188,0.982313,0.813457,38,21,20,18,2,0,0,1,44,18,5,6
2026/02/03/14:05:44,1234.939755,0.962812,0.776188,0.982313,0.813457,38,21,20,18,2,0,0,1,44,18,5,6
2026/02/03/14:05:45,1235.939874,0.962812,0.776188,0.982313,0.813457,38,21,20,18,2,0,0,1,44,18,5,6
2026/02/03/14:05:46,1236.939961,0.962812,0.776188,0.982313,0.813457,38,21,20,18,2,0,0,1,44,18,5,6
2026/02/03/14:05:47,1237.940048,0.962812,0.776188,0.982313,0.813457,38,21,20,18,2,0,0,1,44,18,5,6
2026/02/03/14:05:48,1238.940229,0.962812,0.776188,0.982313,0.813457,38,21,20,18,2,0,0,1,44,18,5,6
2026/02/03/14:05:49,1239.940318,0.962812,0.776188,0.982313,0.813457,38,21,20,18,2,0,0,1,44,18,5,6
2026/02/03/14:05:50,1240.940443,0.962812,0.776188,0.982313,0.813457,38,21,20,18,2,0,0,1,44,18,5,6
2026/02/03/14:05:51,1241.940544,0.962812,0.776188,0.982313,0.813457,38,21,20,18,2,0,0,1,44,18,5,6
2026/02/03/14:05:52,1242.940657,0.966750,0.769135,0.975000,0.798333,38,21,20,18,2,0,0,0,44,18,5,7
2026/02/03/14:05:53,1243.940810,0.966750,0.769135,0.975000,0.798333,38,21,20,18,2,0,0,0,44,18,5,7
2026/02/03/14:05:54,1244.940898,0.966750,0.769135,0.975000,0.798333,38,21,20,18,2,0,0,0,44,18,5,7
2026/02/03/14:05:55,1245.941054,0.966750,0.769135,0.975000,0.798333,38,21,20,18,2,0,0,0,44,18,5,7
2026/02/03/14:05:56,1246.941218,0.966750,0.769135,0.975000,0.798333,38,21,20,18,2,0,0,0,44,18,5,7
2026/02/03/14:05:57,1247.941313,0.966750,0.769135,0.966750,0.769135,38,21,20,18,0,0,0,0,44,18,5,7
2026/02/03/14:05:58,1248.941479,0.966750,0.769135,0.966750,0.769135,38,21,20,18,0,0,0,0,44,18,5,7
2026/02/03/14:05:59,1249.941538,0.966750,0.769135,0.966750,0.769135,38,21,20,18,0,0,0,0,44,18,5,7
2026/02/03/14:06:00,1250.941646,0.966750,0.769135,0.966750,0.769135,38,21,20,18,0,0,0,0,44,18,5,7
2026/02/03/14:06:01,1251.941769,0.966750,0.769135,0.966750,0.769135,38,21,20,18,0,0,0,0,44,18,5,7
2026/02/03/14:06:02,1252.941914,0.966750,0.769135,0.966750,0.769135,38,21,20,18,0,0,0,0,44,18,5,7
2026/02/03/14:06:03,1253.942081,0.966750,0.769135,0.966750,0.769135,38,21,20,18,0,0,0,0,44,18,5,7
2026/02/03/14:06:04,1254.942222,0.966750,0.769135,0.966750,0.769135,38,21,20,18,0,0,0,0,44,18,5,7
2026/02/03/14:06:05,1255.942399,0.966750,0.769135,0.966750,0.769135,38,21,20,18,0,0,0,0,44,18,5,7
2026/02/03/14:06:06,1256.942463,0.966750,0.769135,0.966750,0.769135,38,21,20,18,0,0,0,0,44,18,5,7
2026/02/03/14:06:07,1257.942666,0.966750,0.769135,0.966750,0.769135,38,21,20,18,0,0,0,0,44,18,5,7
2026/02/03/14:06:08,1258.942709,0.966750,0.769135,0.966750,0.769135,38,21,20,18,0,0,0,0,44,18,5,7
2026/02/03/14:06:09,1259.942870,0.966750,0.769135,0.966750,0.769135,38,21,20,18,0,0,0,0,44,18,5,7
2026/02/03/14:06:10,1260.943026,0.966750,0.769135,0.966750,0.769135,38,21,20,18,0,0,0,0,44,18,5,7
2026/02/03/14:06:11,1261.943146,0.966750,0.769135,0.966750,0.769135,38,21,20,18,0,0,0,0,44,18,5,7
2026/02/03/14:06:12,1262.943314,0.966750,0.769135,0.966750,0.769135,38,21,20,18,0,0,0,0,44,18,5,7
2026/02/03/14:06:13,1263.943464,0.966750,0.769135,0.966750,0.769135,38,21,20,18,0,0,0,0,44,18,5,7
2026/02/03/14:06:14,1264.943569,0.966750,0.769135,0.966750,0.769135,38,21,20,18,0,0,0,0,44,18,5,7
2026/02/03/14:06:15,1265.943669,0.966750,0.769135,0.966750,0.769135,38,21,20,18,0,0,0,0,44,18,5,7
2026/02/03/14:06:16,1266.943765,0.966750,0.769135,0.966750,0.769135,38,21,20,18,0,0,0,0,44,18,5,7
2026/02/03/14:06:17,1267.943857,0.966750,0.769135,0.966750,0.769135,38,21,20,18,0,0,0,0,44,18,5,7
2026/02/03/14:06:18,1268.943947,0.966750,0.769135,0.966750,0.769135,38,21,20,18,0,0,0,0,44,18,5,7
2026/02/03/14:06:19,1269.944096,0.966750,0.769135,0.966750,0.769135,38,21,20,18,0,0,0,0,44,18,5,7
2026/02/03/14:06:20,1270.944193,0.966750,0.769135,0.966750,0.769135,38,21,20,18,0,0,0,0,44,18,5,7
2026/02/03/14:06:21,1271.944313,0.966750,0.769135,0.966750,0.769135,38,21,20,18,0,0,0,0,44,18,5,7
2026/02/03/14:06:22,1272.944459,0.966750,0.769135,0.966750,0.769135,38,21,20,18,0,0,0,0,44,18,5,7
2026/02/03/14:06:23,1273.944563,0.966750,0.769135,0.966750,0.769135,38,21,20,18,0,0,0,0,44,18,5,7
2026/02/03/14:06:24,1274.944659,0.966750,0.769135,0.966750,0.769135,38,21,20,18,0,0,0,0,44,18,5,7
2026/02/03/14:06:25,1275.944806,0.966750,0.769135,0.966750,0.769135,38,21,20,18,0,0,0,0,44,18,5,7
2026/02/03/14:06:26,1276.944930,0.966750,0.769135,0.966750,0.769135,38,21,20,18,0,0,0,0,44,18,5,7
2026/02/03/14:06:27,1277.945045,0.958937,0.765037,0.958937,0.765037,37,21,20,18,0,0,0,0,45,18,5,7
2026/02/03/14:06:28,1278.945137,0.958937,0.765037,0.958937,0.765037,37,21,20,18,0,0,0,0,45,18,5,7
2026/02/03/14:06:29,1279.945241,0.958937,0.765037,0.958937,0.765037,37,21,20,18,0,0,0,0,45,18,5,7
2026/02/03/14:06:30,1280.945423,0.958937,0.765037,0.958937,0.765037,37,21,20,18,0,0,0,0,45,18,5,7
2026/02/03/14:06:31,1281.945531,0.958937,0.765037,0.958937,0.765037,37,21,20,18,0,0,0,0,45,18,5,7
2026/02/03/14:06:32,1282.945622,0.958937,0.765037,0.958937,0.765037,37,21,20,18,0,0,0,0,45,18,5,7
2026/02/03/14:06:33,1283.945715,0.958937,0.765037,0.958937,0.765037,37,21,20,18,0,0,0,0,45,18,5,7
2026/02/03/14:06:34,1284.945867,0.958937,0.765037,0.958937,0.765037,37,21,20,18,0,0,0,0,45,18,5,7
2026/02/03/14:06:35,1285.946025,0.958937,0.765037,0.958937,0.765037,37,21,20,18,0,0,0,0,45,18,5,7
2026/02/03/14:06:36,1286.946121,0.958937,0.765037,0.958937,0.765037,37,21,20,18,0,0,0,0,45,18,5,7
2026/02/03/14:06:37,1287.946212,0.958937,0.765037,0.958937,0.765037,37,21,20,18,0,0,0,0,45,18,5,7
2026/02/03/14:06:38,1288.946304,0.958937,0.765037,0.958937,0.765037,37,21,20,18,0,0,0,0,45,18,5,7
2026/02/03/14:06:39,1289.946406,0.958937,0.765037,0.958937,0.765037,37,21,20,18,0,0,0,0,45,18,5,7
2026/02/03/14:06:40,1290.946504,0.958937,0.765037,0.958937,0.765037,37,21,20,18,0,0,0,0,45,18,5,7
2026/02/03/14:06:41,1291.946651,0.958937,0.765037,0.958937,0.765037,37,21,20,18,0,0,0,0,45,18,5,7
2026/02/03/14:06:42,1292.946821,0.958937,0.765037,0.958937,0.765037,37,21,20,18,0,0,0,0,45,18,5,7
2026/02/03/14:06:43,1293.946920,0.958937,0.765037,0.958937,0.765037,37,21,20,18,0,0,0,0,45,18,5,7
2026/02/03/14:06:44,1294.947087,0.958937,0.765037,0.958937,0.765037,37,21,20,18,0,0,0,0,45,18,5,7
2026/02/03/14:06:45,1295.947193,0.958937,0.765037,0.958937,0.765037,37,21,20,18,0,0,0,0,45,18,5,7
2026/02/03/14:06:46,1296.947367,0.958937,0.765037,0.958937,0.765037,37,21,20,18,0,0,0,0,45,18,5,7
2026/02/03/14:06:47,1297.947445,0.958937,0.765037,0.958937,0.765037,37,21,20,18,0,0,0,0,45,18,5,7
2026/02/03/14:06:48,1298.947618,0.958937,0.765037,0.958937,0.765037,37,21,20,18,0,0,0,0,45,18,5,7
2026/02/03/14:06:49,1299.947701,0.958937,0.765037,0.958937,0.765037,37,21,20,18,0,0,0,0,45,18,5,7
2026/02/03/14:06:50,1300.947789,0.958937,0.765037,0.958937,0.765037,37,21,20,18,0,0,0,0,45,18,5,7
2026/02/03/14:06:51,1301.947891,0.958937,0.765037,0.958937,0.765037,37,21,20,18,0,0,0,0,45,18,5,7
2026/02/03/14:06:52,1302.948037,0.958937,0.765037,0.958937,0.765037,37,21,20,18,0,0,0,0,45,18,5,7
2026/02/03/14:06:53,1303.948183,0.958937,0.765037,0.958937,0.765037,37,21,20,18,0,0,0,0,45,18,5,7
2026/02/03/14:06:54,1304.948339,0.958937,0.765037,0.958937,0.765037,37,21,20,18,0,0,0,0,45,18,5,7
2026/02/03/14:06:55,1305.948453,0.958937,0.765037,0.958937,0.765037,37,21,20,18,0,0,0,0,45,18,5,7
2026/02/03/14:06:56,1306.948546,0.958937,0.765037,0.958937,0.765037,37,21,20,18,0,0,0,0,45,18,5,7
2026/02/03/14:06:57,1307.948636,0.958937,0.765037,0.958937,0.765037,37,21,20,18,0,0,0,0,45,18,5,7
2026/02/03/14:06:58,1308.948736,0.958937,0.765037,0.958937,0.765037,37,21,20,18,0,0,0,0,45,18,5,7
2026/02/03/14:06:59,1309.948884,0.958937,0.765037,0.958937,0.765037,37,21,20,18,0,0,0,0,45,18,5,7
2026/02/03/14:07:00,1310.949008,0.958937,0.765037,0.958937,0.765037,37,21,20,18,0,0,0,0,45,18,5,7
2026/02/03/14:07:01,1311.949107,0.958937,0.765037,0.958937,0.765037,37,21,20,18,0,0,0,0,45,18,5,7
2026/02/03/14:07:02,1312.949205,0.958937,0.765037,0.958937,0.765037,37,21,20,18,0,0,0,0,45,18,5,7
2026/02/03/14:07:03,1313.949300,0.958937,0.765037,0.958937,0.765037,37,21,20,18,0,0,0,0,45,18,5,7
2026/02/03/14:07:04,1314.949453,0.958937,0.765037,0.958937,0.765037,37,21,20,18,0,0,0,0,45,18,5,7
2026/02/03/14:07:05,1315.949603,0.958937,0.765037,0.958937,0.765037,37,21,20,18,0,0,0,0,45,18,5,7
2026/02/03/14:07:06,1316.949728,0.958937,0.765037,0.958937,0.765037,37,21,20,18,0,0,0,0,45,18,5,7
2026/02/03/14:07:07,1317.949851,0.958937,0.765037,0.958937,0.765037,37,21,20,18,0,0,0,0,45,18,5,7
2026/02/03/14:07:08,1318.950004,0.958937,0.765037,0.958937,0.765037,37,21,20,18,0,0,0,0,45,18,5,7
2026/02/03/14:07:09,1319.950151,0.958937,0.765037,0.958937,0.765037,37,21,20,18,0,0,0,0,45,18,5,7
2026/02/03/14:07:10,1320.950246,0.958937,0.765037,0.958937,0.765037,37,21,20,18,0,0,0,0,45,18,5,7
2026/02/03/14:07:11,1321.950410,0.958937,0.765037,0.958937,0.765037,37,21,20,18,0,0,0,0,45,18,5,7
2026/02/03/14:07:12,1322.950559,0.958937,0.765037,0.958937,0.765037,37,21,20,18,0,0,0,0,45,18,5,7
2026/02/03/14:07:13,1323.950649,0.958937,0.765037,0.958937,0.765037,37,21,20,18,0,0,0,0,45,18,5,7
2026/02/03/14:07:14,1324.950743,0.958937,0.765037,0.958937,0.765037,37,21,20,18,0,0,0,0,45,18,5,7
2026/02/03/14:07:15,1325.950831,0.958937,0.765037,0.958937,0.765037,37,21,20,18,0,0,0,0,45,18,5,7
2026/02/03/14:07:16,1326.950928,0.958937,0.765037,0.958937,0.765037,37,21,20,18,0,0,0,0,45,18,5,7
2026/02/03/14:07:17,1327.951042,0.958937,0.765037,0.958937,0.765037,37,21,20,18,0,0,0,0,45,18,5,7
2026/02/03/14:07:18,1328.951127,0.958937,0.765037,0.958937,0.765037,37,21,20,18,0,0,0,0,45,18,5,7
2026/02/03/14:07:19,1329.951385,0.958937,0.765037,0.958937,0.765037,37,21,20,18,0,0,0,0,45,18,5,7
2026/02/03/14:07:20,1330.951475,0.944625,0.759352,0.944625,0.759352,36,21,20,18,0,0,0,0,46,18,5,7
2026/02/03/14:07:21,1331.951567,0.944625,0.759352,0.944625,0.759352,36,21,20,18,0,0,0,0,46,18,5,7
2026/02/03/14:07:22,1332.951723,0.944625,0.759352,0.944625,0.759352,36,21,20,18,0,0,0,0,46,18,5,7
2026/02/03/14:07:23,1333.951874,0.944625,0.759352,0.944625,0.759352,36,21,20,18,0,0,0,0,46,18,5,7
2026/02/03/14:07:24,1334.951980,0.944625,0.759352,0.944625,0.759352,36,21,20,18,0,0,0,0,46,18,5,7
2026/02/03/14:07:25,1335.952126,0.944625,0.759352,0.944625,0.759352,36,21,20,18,0,0,0,0,46,18,5,7
2026/02/03/14:07:26,1336.952271,0.944625,0.759352,0.944625,0.759352,36,21,20,18,0,0,0,0,46,18,5,7
2026/02/03/14:07:27,1337.952388,0.936312,0.754797,0.936312,0.754797,35,21,20,18,0,0,0,0,47,18,5,7
2026/02/03/14:07:28,1338.952514,0.936312,0.754797,0.936312,0.754797,35,21,20,18,0,0,0,0,47,18,5,7
2026/02/03/14:07:29,1339.952611,0.936312,0.754797,0.936312,0.754797,35,21,20,18,0,0,0,0,47,18,5,7
2026/02/03/14:07:30,1340.952704,0.936312,0.754797,0.936312,0.754797,35,21,20,18,0,0,0,0,47,18,5,7
2026/02/03/14:07:31,1341.952852,0.936312,0.754797,0.936312,0.754797,35,21,20,18,0,0,0,0,47,18,5,7
2026/02/03/14:07:32,1342.953001,0.936312,0.754797,0.936312,0.754797,35,21,20,18,0,0,0,0,47,18,5,7
2026/02/03/14:07:33,1343.953112,0.936312,0.754797,0.936312,0.754797,35,21,20,18,0,0,0,0,47,18,5,7
2026/02/03/14:07:34,1344.953260,0.936312,0.754797,0.936312,0.754797,35,21,20,18,0,0,0,0,47,18,5,7
2026/02/03/14:07:35,1345.953374,0.936312,0.754797,0.936312,0.754797,35,21,20,18,0,0,0,0,47,18,5,7
2026/02/03/14:07:36,1346.953425,0.936312,0.754797,0.936312,0.754797,35,21,20,18,0,0,0,0,47,18,5,7
2026/02/03/14:07:37,1347.953493,0.936312,0.754797,0.936312,0.754797,35,21,20,18,0,0,0,0,47,18,5,7
2026/02/03/14:07:38,1348.953609,0.936312,0.754797,0.936312,0.754797,35,21,20,18,0,0,0,0,47,18,5,7
2026/02/03/14:07:39,1349.953716,0.936312,0.754797,0.936312,0.754797,35,21,20,18,0,0,0,0,47,18,5,7
2026/02/03/14:07:40,1350.953868,0.936312,0.754797,0.936312,0.754797,35,21,20,18,0,0,0,0,47,18,5,7
2026/02/03/14:07:41,1351.953970,0.936312,0.754797,0.936312,0.754797,35,21,20,18,0,0,0,0,47,18,5,7
2026/02/03/14:07:42,1352.954083,0.936312,0.754797,0.936312,0.754797,35,21,20,18,0,0,0,0,47,18,5,7
2026/02/03/14:07:43,1353.954178,0.936312,0.754797,0.936312,0.754797,35,21,20,18,0,0,0,0,47,18,5,7
2026/02/03/14:07:44,1354.954326,0.936312,0.754797,0.936312,0.754797,35,21,20,18,0,0,0,0,47,18,5,7
2026/02/03/14:07:45,1355.954512,0.936312,0.754797,0.936312,0.754797,35,21,20,18,0,0,0,0,47,18,5,7
2026/02/03/14:07:46,1356.954610,0.936312,0.754797,0.936312,0.754797,35,21,20,18,0,0,0,0,47,18,5,7
2026/02/03/14:07:47,1357.954699,0.953937,0.786771,0.953937,0.786771,37,21,22,18,0,0,0,0,47,18,5,7
2026/02/03/14:07:48,1358.954796,0.953937,0.786771,0.953937,0.786771,37,21,22,18,0,0,0,0,47,18,5,7
2026/02/03/14:07:49,1359.954955,0.953937,0.786771,0.953937,0.786771,37,21,22,18,0,0,0,0,47,18,5,7
2026/02/03/14:07:50,1360.955054,0.953937,0.786771,0.953937,0.786771,37,21,22,18,0,0,0,0,47,18,5,7
2026/02/03/14:07:51,1361.955155,0.946187,0.779832,0.946187,0.779832,35,21,22,18,0,0,0,0,49,18,5,7
2026/02/03/14:07:52,1362.955303,0.936312,0.754797,0.936312,0.754797,35,21,20,18,0,0,0,0,49,18,7,7
2026/02/03/14:07:53,1363.955441,0.936312,0.754797,0.936312,0.754797,35,21,20,18,0,0,0,0,49,18,7,7
2026/02/03/14:07:54,1364.955543,0.936312,0.754797,0.936312,0.754797,35,21,20,18,0,0,0,0,49,18,7,7
2026/02/03/14:07:55,1365.955642,0.936312,0.754797,0.936312,0.754797,35,21,20,18,0,0,0,0,49,18,7,7
2026/02/03/14:07:56,1366.955741,0.936312,0.754797,0.936312,0.754797,35,21,20,18,0,0,0,0,49,18,7,7
2026/02/03/14:07:57,1367.955913,0.936312,0.754797,0.936312,0.754797,35,21,20,18,0,0,0,0,49,18,7,7
2026/02/03/14:07:58,1368.956069,0.936312,0.754797,0.936312,0.754797,35,21,20,18,0,0,0,0,49,18,7,7
2026/02/03/14:07:59,1369.956219,0.936312,0.754797,0.936312,0.754797,35,21,20,18,0,0,0,0,49,18,7,7
2026/02/03/14:08:00,1370.956327,0.962750,0.775099,1.018312,0.798719,36,21,20,20,5,0,0,0,49,18,7,7
2026/02/03/14:08:01,1371.956432,0.962750,0.775099,1.018312,0.798719,36,21,20,20,5,0,0,0,49,18,7,7
2026/02/03/14:08:02,1372.956535,0.966812,0.781304,0.976500,0.785203,37,21,20,20,1,0,0,0,50,18,7,7
2026/02/03/14:08:03,1373.956641,0.964000,0.769406,0.964000,0.769406,38,21,20,18,0,0,0,0,50,18,7,9
2026/02/03/14:08:04,1374.956743,0.964000,0.769406,0.964000,0.769406,38,21,20,18,0,0,0,0,50,18,7,9
2026/02/03/14:08:05,1375.956894,0.964000,0.769406,0.964000,0.769406,38,21,20,18,0,0,0,0,50,18,7,9
2026/02/03/14:08:06,1376.957047,0.964000,0.769406,0.964000,0.769406,38,21,20,18,0,0,0,0,50,18,7,9
2026/02/03/14:08:07,1377.957196,0.968812,0.774348,0.968812,0.774348,39,21,20,18,0,0,0,0,50,18,7,9
2026/02/03/14:08:08,1378.957361,0.968812,0.774348,0.968812,0.774348,39,21,20,18,0,0,0,0,50,18,7,9
2026/02/03/14:08:09,1379.957475,0.968812,0.774348,0.968812,0.774348,39,21,20,18,0,0,0,0,50,18,7,9
2026/02/03/14:08:10,1380.957630,0.968812,0.774348,0.968812,0.774348,39,21,20,18,0,0,0,0,50,18,7,9
2026/02/03/14:08:11,1381.957733,0.968812,0.774348,0.968812,0.774348,39,21,20,18,0,0,0,0,50,18,7,9
2026/02/03/14:08:12,1382.957824,0.964000,0.769406,0.964000,0.769406,38,21,20,18,0,0,0,0,51,18,7,9
2026/02/03/14:08:13,1383.957974,0.964000,0.769406,0.964000,0.769406,38,21,20,18,0,0,0,0,51,18,7,9
2026/02/03/14:08:14,1384.958065,0.964000,0.769406,0.964000,0.769406,38,21,20,18,0,0,0,0,51,18,7,9
2026/02/03/14:08:15,1385.958170,0.964000,0.769406,0.964000,0.769406,38,21,20,18,0,0,0,0,51,18,7,9
2026/02/03/14:08:16,1386.958314,0.964000,0.769406,0.964000,0.769406,38,21,20,18,0,0,0,0,51,18,7,9
2026/02/03/14:08:17,1387.958417,0.964000,0.769406,0.964000,0.769406,38,21,20,18,0,0,0,0,51,18,7,9
2026/02/03/14:08:18,1388.958476,0.964000,0.769406,0.964000,0.769406,38,21,20,18,0,0,0,0,51,18,7,9
2026/02/03/14:08:19,1389.958575,0.964000,0.769406,0.964000,0.769406,38,21,20,18,0,0,0,0,51,18,7,9
2026/02/03/14:08:20,1390.958668,0.964000,0.769406,0.964000,0.769406,38,21,20,18,0,0,0,0,51,18,7,9
2026/02/03/14:08:21,1391.958772,0.964000,0.769406,0.964000,0.769406,38,21,20,18,0,0,0,0,51,18,7,9
2026/02/03/14:08:22,1392.958866,0.964000,0.769406,0.964000,0.769406,38,21,20,18,0,0,0,0,51,18,7,9
2026/02/03/14:08:23,1393.958972,0.964000,0.769406,0.964000,0.769406,38,21,20,18,0,0,0,0,51,18,7,9
2026/02/03/14:08:24,1394.959067,0.964000,0.769406,0.964000,0.769406,38,21,20,18,0,0,0,0,51,18,7,9
2026/02/03/14:08:25,1395.959166,0.964000,0.769406,0.964000,0.769406,38,21,20,18,0,0,0,0,51,18,7,9
2026/02/03/14:08:26,1396.959258,0.964000,0.769406,0.964000,0.769406,38,21,20,18,0,0,0,0,51,18,7,9
2026/02/03/14:08:27,1397.959427,0.964000,0.769406,0.964000,0.769406,38,21,20,18,0,0,0,0,51,18,7,9
2026/02/03/14:08:28,1398.959665,0.964000,0.769406,0.964000,0.769406,38,21,20,18,0,0,0,0,51,18,7,9
2026/02/03/14:08:29,1399.959765,0.964000,0.769406,0.964000,0.769406,38,21,20,18,0,0,0,0,51,18,7,9
2026/02/03/14:08:30,1400.959869,0.964000,0.769406,0.964000,0.769406,38,21,20,18,0,0,0,0,51,18,7,9
2026/02/03/14:08:31,1401.959960,0.964000,0.769406,0.964000,0.769406,38,21,20,18,0,0,0,0,51,18,7,9
2026/02/03/14:08:32,1402.960110,0.964000,0.769406,0.964000,0.769406,38,21,20,18,0,0,0,0,51,18,7,9
2026/02/03/14:08:33,1403.960255,0.964000,0.769406,0.964000,0.769406,38,21,20,18,0,0,0,0,51,18,7,9
2026/02/03/14:08:34,1404.960363,0.964000,0.769406,1.007625,0.784236,38,21,20,18,0,4,0,0,51,18,7,9
2026/02/03/14:08:35,1405.960414,0.964000,0.769406,1.007625,0.784236,38,21,20,18,0,4,0,0,51,18,7,9
2026/02/03/14:08:36,1406.960568,0.964000,0.769406,1.007625,0.784236,38,21,20,18,0,4,0,0,51,18,7,9
2026/02/03/14:08:37,1407.960717,0.964000,0.769406,1.007625,0.784236,38,21,20,18,0,4,0,0,51,18,7,9
2026/02/03/14:08:38,1408.960872,0.964000,0.769406,1.007625,0.784236,38,21,20,18,0,4,0,0,51,18,7,9
2026/02/03/14:08:39,1409.961032,0.964000,0.769406,1.007625,0.784236,38,21,20,18,0,4,0,0,51,18,7,9
2026/02/03/14:08:40,1410.961185,0.964000,0.769406,1.007625,0.784236,38,21,20,18,0,4,0,0,51,18,7,9
2026/02/03/14:08:41,1411.961335,0.964000,0.769406,1.007625,0.784236,38,21,20,18,0,4,0,0,51,18,7,9
2026/02/03/14:08:42,1412.961497,0.964000,0.769406,1.007625,0.784236,38,21,20,18,0,4,0,0,51,18,7,9
2026/02/03/14:08:43,1413.961647,0.964000,0.769406,1.007625,0.784236,38,21,20,18,0,4,0,0,51,18,7,9
2026/02/03/14:08:44,1414.961760,0.964000,0.769406,1.007625,0.784236,38,21,20,18,0,4,0,0,51,18,7,9
2026/02/03/14:08:45,1415.961853,0.964000,0.769406,1.007625,0.784236,38,21,20,18,0,4,0,0,51,18,7,9
2026/02/03/14:08:46,1416.962004,0.964000,0.769406,1.007625,0.784236,38,21,20,18,0,4,0,0,51,18,7,9
2026/02/03/14:08:47,1417.962108,0.964000,0.769406,1.007625,0.784236,38,21,20,18,0,4,0,0,51,18,7,9
2026/02/03/14:08:48,1418.962271,0.964000,0.769406,1.007625,0.784236,38,21,20,18,0,4,0,0,51,18,7,9
2026/02/03/14:08:49,1419.962387,0.964000,0.769406,1.007625,0.784236,38,21,20,18,0,4,0,0,51,18,7,9
2026/02/03/14:08:50,1420.962428,0.964000,0.769406,1.007625,0.784236,38,21,20,18,0,4,0,0,51,18,7,9
2026/02/03/14:08:51,1421.962560,0.964000,0.769406,1.007625,0.784236,38,21,20,18,0,4,0,0,51,18,7,9
2026/02/03/14:08:52,1422.962657,0.964000,0.769406,1.007625,0.784236,38,21,20,18,0,4,0,0,51,18,7,9
2026/02/03/14:08:53,1423.962807,0.964000,0.769406,1.007625,0.784236,38,21,20,18,0,4,0,0,51,18,7,9
2026/02/03/14:08:54,1424.962965,0.964000,0.769406,1.007625,0.784236,38,21,20,18,0,4,0,0,51,18,7,9
2026/02/03/14:08:55,1425.963122,0.964000,0.769406,1.007625,0.784236,38,21,20,18,0,4,0,0,51,18,7,9
2026/02/03/14:08:56,1426.963267,0.964000,0.769406,1.007625,0.784236,38,21,20,18,0,4,0,0,51,18,7,9
2026/02/03/14:08:57,1427.963444,0.964000,0.769406,1.007625,0.784236,38,21,20,18,0,4,0,0,51,18,7,9
2026/02/03/14:08:58,1428.963580,0.964000,0.769406,1.007625,0.784236,38,21,20,18,0,4,0,0,51,18,7,9
2026/02/03/14:08:59,1429.963717,0.964000,0.769406,1.007625,0.784236,38,21,20,18,0,4,0,0,51,18,7,9
2026/02/03/14:09:00,1430.963871,0.964000,0.769406,1.007625,0.784236,38,21,20,18,0,4,0,0,51,18,7,9
2026/02/03/14:09:01,1431.964035,0.964000,0.769406,1.007625,0.784236,38,21,20,18,0,4,0,0,51,18,7,9
2026/02/03/14:09:02,1432.964134,0.964000,0.769406,1.007625,0.784236,38,21,20,18,0,4,0,0,51,18,7,9
2026/02/03/14:09:03,1433.964225,0.964000,0.769406,1.007625,0.784236,38,21,20,18,0,4,0,0,51,18,7,9
2026/02/03/14:09:04,1434.964396,0.964000,0.769406,1.007625,0.784236,38,21,20,18,0,4,0,0,51,18,7,9
2026/02/03/14:09:05,1435.964552,0.964000,0.769406,1.007625,0.784236,38,21,20,18,0,4,0,0,51,18,7,9
2026/02/03/14:09:06,1436.964639,0.964000,0.769406,0.990125,0.777970,38,21,20,18,0,2,0,0,51,18,7,9
2026/02/03/14:09:07,1437.964812,0.964000,0.769406,0.990125,0.777970,38,21,20,18,0,2,0,0,51,18,7,9
2026/02/03/14:09:08,1438.964960,0.964000,0.769406,0.990125,0.777970,38,21,20,18,0,2,0,0,51,18,7,9
2026/02/03/14:09:09,1439.965059,0.964000,0.769406,0.990125,0.777970,38,21,20,18,0,2,0,0,51,18,7,9
2026/02/03/14:09:10,1440.965224,0.964000,0.769406,0.990125,0.777970,38,21,20,18,0,2,0,0,51,18,7,9
2026/02/03/14:09:11,1441.965416,0.968750,0.766877,0.981812,0.771159,37,22,20,18,0,1,0,0,52,18,7,9
2026/02/03/14:09:12,1442.965531,0.968750,0.766877,0.981812,0.771159,37,22,20,18,0,1,0,0,52,18,7,9
2026/02/03/14:09:13,1443.965683,0.968750,0.766877,0.981812,0.771159,37,22,20,18,0,1,0,0,52,18,7,9
2026/02/03/14:09:14,1444.965837,0.968750,0.766877,0.981812,0.771159,37,22,20,18,0,1,0,0,52,18,7,9
2026/02/03/14:09:15,1445.965985,0.968750,0.766877,0.981812,0.771159,37,22,20,18,0,1,0,0,52,18,7,9
2026/02/03/14:09:16,1446.966134,0.968750,0.766877,0.981812,0.771159,37,22,20,18,0,1,0,0,52,18,7,9
2026/02/03/14:09:17,1447.966286,0.968750,0.766877,0.981812,0.771159,37,22,20,18,0,1,0,0,52,18,7,9
2026/02/03/14:09:18,1448.966384,0.968750,0.766877,0.981812,0.771159,37,22,20,18,0,1,0,0,52,18,7,9
2026/02/03/14:09:19,1449.966488,0.968750,0.766877,0.981812,0.771159,37,22,20,18,0,1,0,0,52,18,7,9
2026/02/03/14:09:20,1450.966647,0.968750,0.766877,0.981812,0.771159,37,22,20,18,0,1,0,0,52,18,7,9
2026/02/03/14:09:21,1451.966753,0.968750,0.766877,0.981812,0.771159,37,22,20,18,0,1,0,0,52,18,7,9
2026/02/03/14:09:22,1452.966842,0.968750,0.766877,0.981812,0.771159,37,22,20,18,0,1,0,0,52,18,7,9
2026/02/03/14:09:23,1453.966995,0.972812,0.770346,1.085187,0.880422,37,22,21,18,2,3,8,3,52,18,7,9
2026/02/03/14:09:24,1454.967142,0.972812,0.770346,1.085187,0.880422,37,22,21,18,2,3,8,3,52,18,7,9
2026/02/03/14:09:25,1455.967239,0.972812,0.770346,1.078688,0.872126,37,22,21,18,2,3,6,3,52,18,7,9
2026/02/03/14:09:26,1456.967330,0.972812,0.770346,1.057438,0.854028,37,22,21,18,2,1,6,3,52,18,7,9
2026/02/03/14:09:27,1457.967489,0.972812,0.770346,1.047750,0.841184,37,22,21,18,1,1,6,3,52,18,7,9
2026/02/03/14:09:28,1458.967578,0.972812,0.770346,1.040563,0.831157,37,22,21,18,1,1,6,2,52,18,7,9
2026/02/03/14:09:29,1459.967733,0.972812,0.770346,1.024812,0.821542,37,22,21,18,1,1,3,2,52,18,7,9
2026/02/03/14:09:30,1460.967885,0.972812,0.770346,1.024812,0.821542,37,22,21,18,1,1,3,2,52,18,7,9
2026/02/03/14:09:31,1461.968037,0.972812,0.770346,1.024812,0.821542,37,22,21,18,1,1,3,2,52,18,7,9
2026/02/03/14:09:32,1462.968195,0.972812,0.770346,1.024812,0.821542,37,22,21,18,1,1,3,2,52,18,7,9
2026/02/03/14:09:33,1463.968370,0.972812,0.770346,1.004813,0.808757,37,22,21,18,1,1,3,0,52,18,7,9
2026/02/03/14:09:34,1464.968503,0.972375,0.796676,0.985437,0.800958,36,22,24,18,0,1,0,0,54,18,7,9
2026/02/03/14:09:35,1465.968656,0.972375,0.796676,0.985437,0.800958,36,22,24,18,0,1,0,0,54,18,7,9
2026/02/03/14:09:36,1466.968851,0.972375,0.796676,0.985437,0.800958,36,22,24,18,0,1,0,0,54,18,7,9
2026/02/03/14:09:37,1467.968942,0.972375,0.796676,0.985437,0.800958,36,22,24,18,0,1,0,0,54,18,7,9
2026/02/03/14:09:38,1468.969056,0.972375,0.796676,0.985437,0.800958,36,22,24,18,0,1,0,0,54,18,7,9
2026/02/03/14:09:39,1469.969231,0.972375,0.796676,0.985437,0.800958,36,22,24,18,0,1,0,0,54,18,7,9
2026/02/03/14:09:40,1470.969405,0.972375,0.796676,0.985437,0.800958,36,22,24,18,0,1,0,0,54,18,7,9
2026/02/03/14:09:41,1471.969559,0.972375,0.796676,0.985437,0.800958,36,22,24,18,0,1,0,0,54,18,7,9
2026/02/03/14:09:42,1472.969713,0.972375,0.796676,0.985437,0.800958,36,22,24,18,0,1,0,0,54,18,7,9
2026/02/03/14:09:43,1473.969881,0.972375,0.796676,0.985437,0.800958,36,22,24,18,0,1,0,0,54,18,7,9
2026/02/03/14:09:44,1474.969939,0.972375,0.796676,0.985437,0.800958,36,22,24,18,0,1,0,0,54,18,7,9
2026/02/03/14:09:45,1475.971467,0.972375,0.796676,0.985437,0.800958,36,22,24,18,0,1,0,0,54,18,7,9
2026/02/03/14:09:48,1478.527120,0.972375,0.796676,0.985437,0.800958,36,22,24,18,0,1,0,0,54,18,7,9
2026/02/03/14:09:51,1481.774656,0.972375,0.796676,0.985437,0.800958,36,22,24,18,0,1,0,0,54,18,7,9
2026/02/03/14:09:56,1486.773414,0.972375,0.796676,0.985437,0.800958,36,22,24,18,0,1,0,0,54,18,7,9
2026/02/03/14:10:00,1490.675676,0.972375,0.796676,0.985437,0.800958,36,22,24,18,0,1,0,0,54,18,7,9
2026/02/03/14:10:01,1491.675833,0.972375,0.796676,0.985437,0.800958,36,22,24,18,0,1,0,0,54,18,7,9
2026/02/03/14:10:02,1492.675929,0.972375,0.796676,0.985437,0.800958,36,22,24,18,0,1,0,0,54,18,7,9
2026/02/03/14:10:03,1493.676077,0.972375,0.796676,0.985437,0.800958,36,22,24,18,0,1,0,0,54,18,7,9
2026/02/03/14:10:04,1494.676235,0.972375,0.796676,0.985437,0.800958,36,22,24,18,0,1,0,0,54,18,7,9
2026/02/03/14:10:05,1495.676336,0.972375,0.796676,0.985437,0.800958,36,22,24,18,0,1,0,0,54,18,7,9
2026/02/03/14:10:06,1496.676498,0.972375,0.796676,0.985437,0.800958,36,22,24,18,0,1,0,0,54,18,7,9
2026/02/03/14:10:07,1497.676640,0.972375,0.796676,0.985437,0.800958,36,22,24,18,0,1,0,0,54,18,7,9
2026/02/03/14:10:08,1498.676742,0.972375,0.796676,0.985437,0.800958,36,22,24,18,0,1,0,0,54,18,7,9
2026/02/03/14:10:09,1499.676898,0.972375,0.796676,0.985437,0.800958,36,22,24,18,0,1,0,0,54,18,7,9
2026/02/03/14:10:10,1500.677070,0.972375,0.796676,0.985437,0.800958,36,22,24,18,0,1,0,0,54,18,7,9
2026/02/03/14:10:11,1501.677222,0.972375,0.796676,0.985437,0.800958,36,22,24,18,0,1,0,0,54,18,7,9
2026/02/03/14:10:12,1502.677303,0.972375,0.796676,0.985437,0.800958,36,22,24,18,0,1,0,0,54,18,7,9
2026/02/03/14:10:13,1503.677495,0.972375,0.796676,0.985437,0.800958,36,22,24,18,0,1,0,0,54,18,7,9
2026/02/03/14:10:14,1504.677603,0.972375,0.796676,0.985437,0.800958,36,22,24,18,0,1,0,0,54,18,7,9
2026/02/03/14:10:15,1505.677704,0.972375,0.796676,0.985437,0.800958,36,22,24,18,0,1,0,0,54,18,7,9
2026/02/03/14:10:16,1506.677796,0.972375,0.796676,0.985437,0.800958,36,22,24,18,0,1,0,0,54,18,7,9
2026/02/03/14:10:17,1507.677921,0.972375,0.796676,0.985437,0.800958,36,22,24,18,0,1,0,0,54,18,7,9
2026/02/03/14:10:20,1510.884005,0.972375,0.796676,0.985437,0.800958,36,22,24,18,0,1,0,0,54,18,7,9
2026/02/03/14:10:22,1512.287231,0.956625,0.769762,0.969688,0.774044,36,22,21,18,0,1,0,0,54,18,10,9
2026/02/03/14:10:26,1516.174791,0.956625,0.769762,0.969688,0.774044,36,22,21,18,0,1,0,0,54,18,10,9
2026/02/03/14:10:29,1519.974333,0.953438,0.762547,0.966500,0.766829,35,22,21,18,0,1,0,0,55,18,10,9
2026/02/03/14:10:33,1523.252944,0.949375,0.759079,0.962437,0.763360,35,22,20,18,0,1,0,0,55,18,11,9
2026/02/03/14:10:34,1524.253046,0.949375,0.759079,0.962437,0.763360,35,22,20,18,0,1,0,0,55,18,11,9
2026/02/03/14:10:35,1525.253145,0.949375,0.759079,0.962437,0.763360,35,22,20,18,0,1,0,0,55,18,11,9
2026/02/03/14:10:36,1526.253316,0.949375,0.759079,0.962437,0.763360,35,22,20,18,0,1,0,0,55,18,11,9
2026/02/03/14:10:37,1527.253457,0.949375,0.759079,0.962437,0.763360,35,22,20,18,0,1,0,0,55,18,11,9
2026/02/03/14:10:38,1528.253563,0.949375,0.759079,0.962437,0.763360,35,22,20,18,0,1,0,0,55,18,11,9
2026/02/03/14:10:39,1529.253710,0.949375,0.759079,0.962437,0.763360,35,22,20,18,0,1,0,0,55,18,11,9
2026/02/03/14:10:40,1530.253861,0.949375,0.759079,0.962437,0.763360,35,22,20,18,0,1,0,0,55,18,11,9
2026/02/03/14:10:41,1531.254034,0.949375,0.759079,0.962437,0.763360,35,22,20,18,0,1,0,0,55,18,11,9
2026/02/03/14:10:42,1532.254178,0.949375,0.759079,0.962437,0.763360,35,22,20,18,0,1,0,0,55,18,11,9
2026/02/03/14:10:43,1533.254332,0.949375,0.759079,0.962437,0.763360,35,22,20,18,0,1,0,0,55,18,11,9
2026/02/03/14:10:44,1534.254484,0.949375,0.759079,0.962437,0.763360,35,22,20,18,0,1,0,0,55,18,11,9
2026/02/03/14:10:45,1535.254636,0.949375,0.759079,0.962437,0.763360,35,22,20,18,0,1,0,0,55,18,11,9
2026/02/03/14:10:46,1536.254725,0.949375,0.759079,0.962437,0.763360,35,22,20,18,0,1,0,0,55,18,11,9
2026/02/03/14:10:47,1537.254831,0.949375,0.759079,0.962437,0.763360,35,22,20,18,0,1,0,0,55,18,11,9
2026/02/03/14:10:48,1538.271462,0.949375,0.759079,0.962437,0.763360,35,22,20,18,0,1,0,0,55,18,11,9
2026/02/03/14:10:49,1539.271570,0.949375,0.759079,0.962437,0.763360,35,22,20,18,0,1,0,0,55,18,11,9
2026/02/03/14:10:50,1540.271718,0.962437,0.763360,0.962437,0.763360,35,23,20,18,0,0,0,0,56,18,11,9
2026/02/03/14:10:51,1541.271865,0.962437,0.763360,0.962437,0.763360,35,23,20,18,0,0,0,0,56,18,11,9
2026/02/03/14:10:52,1542.272020,0.962437,0.763360,0.962437,0.763360,35,23,20,18,0,0,0,0,56,18,11,9
2026/02/03/14:10:53,1543.272113,0.962437,0.763360,0.962437,0.763360,35,23,20,18,0,0,0,0,56,18,11,9
2026/02/03/14:10:54,1544.272225,0.962437,0.763360,0.962437,0.763360,35,23,20,18,0,0,0,0,56,18,11,9
2026/02/03/14:10:55,1545.272321,0.962437,0.763360,0.962437,0.763360,35,23,20,18,0,0,0,0,56,18,11,9
2026/02/03/14:10:56,1546.272441,0.962437,0.763360,0.962437,0.763360,35,23,20,18,0,0,0,0,56,18,11,9
2026/02/03/14:10:57,1547.272548,0.962437,0.763360,0.962437,0.763360,35,23,20,18,0,0,0,0,56,18,11,9
2026/02/03/14:10:58,1548.272641,0.962437,0.763360,0.962437,0.763360,35,23,20,18,0,0,0,0,56,18,11,9
2026/02/03/14:10:59,1549.272736,0.962437,0.763360,0.962437,0.763360,35,23,20,18,0,0,0,0,56,18,11,9
2026/02/03/14:11:00,1550.272820,0.962437,0.763360,0.962437,0.763360,35,23,20,18,0,0,0,0,56,18,11,9
2026/02/03/14:11:01,1551.272984,0.962437,0.763360,0.962437,0.763360,35,23,20,18,0,0,0,0,56,18,11,9
2026/02/03/14:11:02,1552.273067,0.962437,0.763360,0.962437,0.763360,35,23,20,18,0,0,0,0,56,18,11,9
2026/02/03/14:11:03,1553.273170,0.962437,0.763360,0.962437,0.763360,35,23,20,18,0,0,0,0,56,18,11,9
2026/02/03/14:11:04,1554.273302,0.962437,0.763360,0.962437,0.763360,35,23,20,18,0,0,0,0,56,18,11,9
2026/02/03/14:11:05,1555.273458,0.962437,0.763360,0.962437,0.763360,35,23,20,18,0,0,0,0,56,18,11,9
2026/02/03/14:11:06,1556.273613,0.962437,0.763360,0.962437,0.763360,35,23,20,18,0,0,0,0,56,18,11,9
2026/02/03/14:11:07,1557.273846,0.962437,0.763360,0.962437,0.763360,35,23,20,18,0,0,0,0,56,18,11,9
2026/02/03/14:11:08,1558.273882,0.962437,0.763360,0.962437,0.763360,35,23,20,18,0,0,0,0,56,18,11,9
2026/02/03/14:11:09,1559.273987,0.962437,0.763360,0.962437,0.763360,35,23,20,18,0,0,0,0,56,18,11,9
2026/02/03/14:11:10,1560.274132,0.962437,0.763360,0.962437,0.763360,35,23,20,18,0,0,0,0,56,18,11,9
2026/02/03/14:11:11,1561.274277,0.962437,0.763360,0.962437,0.763360,35,23,20,18,0,0,0,0,56,18,11,9
2026/02/03/14:11:12,1562.274428,0.962437,0.763360,0.962437,0.763360,35,23,20,18,0,0,0,0,56,18,11,9
2026/02/03/14:11:13,1563.274578,0.962437,0.763360,0.962437,0.763360,35,23,20,18,0,0,0,0,56,18,11,9
2026/02/03/14:11:14,1564.274729,0.962437,0.763360,0.962437,0.763360,35,23,20,18,0,0,0,0,56,18,11,9
2026/02/03/14:11:15,1565.274888,0.962437,0.763360,0.962437,0.763360,35,23,20,18,0,0,0,0,56,18,11,9
2026/02/03/14:11:16,1566.274986,0.962437,0.763360,0.962437,0.763360,35,23,20,18,0,0,0,0,56,18,11,9
2026/02/03/14:11:17,1567.275079,0.962437,0.763360,0.962437,0.763360,35,23,20,18,0,0,0,0,56,18,11,9
2026/02/03/14:11:18,1568.275167,0.962437,0.763360,0.962437,0.763360,35,23,20,18,0,0,0,0,56,18,11,9
2026/02/03/14:11:19,1569.275264,0.962437,0.763360,0.962437,0.763360,35,23,20,18,0,0,0,0,56,18,11,9
2026/02/03/14:11:20,1570.275384,0.962437,0.763360,0.962437,0.763360,35,23,20,18,0,0,0,0,56,18,11,9
2026/02/03/14:11:21,1571.275526,0.962437,0.763360,0.962437,0.763360,35,23,20,18,0,0,0,0,56,18,11,9
2026/02/03/14:11:22,1572.275691,0.962437,0.763360,0.962437,0.763360,35,23,20,18,0,0,0,0,56,18,11,9
2026/02/03/14:11:23,1573.275831,0.962437,0.763360,0.962437,0.763360,35,23,20,18,0,0,0,0,56,18,11,9
2026/02/03/14:11:24,1574.275983,0.962437,0.763360,0.962437,0.763360,35,23,20,18,0,0,0,0,56,18,11,9
2026/02/03/14:11:25,1575.276133,0.962437,0.763360,0.962437,0.763360,35,23,20,18,0,0,0,0,56,18,11,9
2026/02/03/14:11:26,1576.276282,0.962437,0.763360,0.962437,0.763360,35,23,20,18,0,0,0,0,56,18,11,9
2026/02/03/14:11:27,1577.276452,0.962437,0.763360,0.962437,0.763360,35,23,20,18,0,0,0,0,56,18,11,9
2026/02/03/14:11:28,1578.276595,0.962437,0.763360,0.962437,0.763360,35,23,20,18,0,0,0,0,56,18,11,9
2026/02/03/14:11:29,1579.276708,0.962437,0.763360,0.962437,0.763360,35,23,20,18,0,0,0,0,56,18,11,9
2026/02/03/14:11:30,1580.276854,0.962437,0.763360,0.962437,0.763360,35,23,20,18,0,0,0,0,56,18,11,9
2026/02/03/14:11:31,1581.277000,0.962437,0.763360,0.962437,0.763360,35,23,20,18,0,0,0,0,56,18,11,9
2026/02/03/14:11:32,1582.277154,0.962437,0.763360,0.962437,0.763360,35,23,20,18,0,0,0,0,56,18,11,9
2026/02/03/14:11:33,1583.277311,0.962437,0.763360,0.962437,0.763360,35,23,20,18,0,0,0,0,56,18,11,9
2026/02/03/14:11:34,1584.277461,0.962437,0.763360,0.962437,0.763360,35,23,20,18,0,0,0,0,56,18,11,9
2026/02/03/14:11:35,1585.277613,0.962437,0.763360,0.962437,0.763360,35,23,20,18,0,0,0,0,56,18,11,9
2026/02/03/14:11:36,1586.277770,0.962437,0.763360,0.962437,0.763360,35,23,20,18,0,0,0,0,56,18,11,9
2026/02/03/14:11:37,1587.277918,0.962437,0.763360,0.962437,0.763360,35,23,20,18,0,0,0,0,56,18,11,9
2026/02/03/14:11:38,1588.278079,0.962437,0.763360,0.962437,0.763360,35,23,20,18,0,0,0,0,56,18,11,9
2026/02/03/14:11:39,1589.278175,0.962437,0.763360,0.962437,0.763360,35,23,20,18,0,0,0,0,56,18,11,9
2026/02/03/14:11:40,1590.278359,0.962437,0.763360,0.962437,0.763360,35,23,20,18,0,0,0,0,56,18,11,9
2026/02/03/14:11:41,1591.278489,0.962437,0.763360,0.962437,0.763360,35,23,20,18,0,0,0,0,56,18,11,9
2026/02/03/14:11:42,1592.278636,0.962437,0.763360,0.962437,0.763360,35,23,20,18,0,0,0,0,56,18,11,9
2026/02/03/14:11:43,1593.278737,0.962437,0.763360,0.962437,0.763360,35,23,20,18,0,0,0,0,56,18,11,9
2026/02/03/14:11:44,1594.278839,0.962437,0.763360,0.962437,0.763360,35,23,20,18,0,0,0,0,56,18,11,9
2026/02/03/14:11:45,1595.278987,0.962437,0.763360,0.962437,0.763360,35,23,20,18,0,0,0,0,56,18,11,9
2026/02/03/14:11:46,1596.279136,0.962437,0.763360,0.962437,0.763360,35,23,20,18,0,0,0,0,56,18,11,9
2026/02/03/14:11:47,1597.279294,0.962437,0.763360,0.962437,0.763360,35,23,20,18,0,0,0,0,56,18,11,9
2026/02/03/14:11:48,1598.279436,0.962437,0.763360,0.962437,0.763360,35,23,20,18,0,0,0,0,56,18,11,9
2026/02/03/14:11:49,1599.279597,0.962437,0.763360,0.962437,0.763360,35,23,20,18,0,0,0,0,56,18,11,9
2026/02/03/14:11:50,1600.279750,0.962437,0.763360,0.962437,0.763360,35,23,20,18,0,0,0,0,56,18,11,9
2026/02/03/14:11:51,1601.279844,0.962437,0.763360,0.962437,0.763360,35,23,20,18,0,0,0,0,56,18,11,9
2026/02/03/14:11:52,1602.279938,0.962437,0.763360,0.962437,0.763360,35,23,20,18,0,0,0,0,56,18,11,9
2026/02/03/14:11:53,1603.280092,0.962437,0.763360,0.962437,0.763360,35,23,20,18,0,0,0,0,56,18,11,9
2026/02/03/14:11:54,1604.280254,0.962437,0.763360,0.962437,0.763360,35,23,20,18,0,0,0,0,56,18,11,9
2026/02/03/14:11:55,1605.280427,0.962437,0.763360,0.962437,0.763360,35,23,20,18,0,0,0,0,56,18,11,9
2026/02/03/14:11:56,1606.280527,0.962437,0.763360,0.962437,0.763360,35,23,20,18,0,0,0,0,56,18,11,9
2026/02/03/14:11:57,1607.280621,0.962437,0.763360,0.962437,0.763360,35,23,20,18,0,0,0,0,56,18,11,9
2026/02/03/14:11:58,1608.280786,0.962437,0.763360,0.962437,0.763360,35,23,20,18,0,0,0,0,56,18,11,9
2026/02/03/14:11:59,1609.280882,0.962437,0.763360,0.962437,0.763360,35,23,20,18,0,0,0,0,56,18,11,9
2026/02/03/14:12:00,1610.280998,0.962437,0.763360,0.962437,0.763360,35,23,20,18,0,0,0,0,56,18,11,9
2026/02/03/14:12:01,1611.281144,0.962437,0.763360,0.962437,0.763360,35,23,20,18,0,0,0,0,56,18,11,9
2026/02/03/14:12:02,1612.281243,0.962437,0.763360,0.962437,0.763360,35,23,20,18,0,0,0,0,56,18,11,9
2026/02/03/14:12:03,1613.281404,0.962437,0.763360,0.962437,0.763360,35,23,20,18,0,0,0,0,56,18,11,9
2026/02/03/14:12:04,1614.281514,0.962437,0.763360,0.962437,0.763360,35,23,20,18,0,0,0,0,56,18,11,9
2026/02/03/14:12:05,1615.281669,0.962437,0.763360,0.962437,0.763360,35,23,20,18,0,0,0,0,56,18,11,9
2026/02/03/14:12:06,1616.281820,0.962437,0.763360,0.962437,0.763360,35,23,20,18,0,0,0,0,56,18,11,9
2026/02/03/14:12:07,1617.281918,0.962437,0.763360,0.962437,0.763360,35,23,20,18,0,0,0,0,56,18,11,9
2026/02/03/14:12:08,1618.282068,0.962437,0.763360,0.962437,0.763360,35,23,20,18,0,0,0,0,56,18,11,9
2026/02/03/14:12:09,1619.282216,0.962437,0.763360,0.962437,0.763360,35,23,20,18,0,0,0,0,56,18,11,9
2026/02/03/14:12:10,1620.282385,0.962437,0.763360,0.962437,0.763360,35,23,20,18,0,0,0,0,56,18,11,9
2026/02/03/14:12:11,1621.282513,0.962437,0.763360,0.962437,0.763360,35,23,20,18,0,0,0,0,56,18,11,9
2026/02/03/14:12:12,1622.282667,0.962437,0.763360,0.962437,0.763360,35,23,20,18,0,0,0,0,56,18,11,9
2026/02/03/14:12:13,1623.282771,0.962437,0.763360,0.962437,0.763360,35,23,20,18,0,0,0,0,56,18,11,9
2026/02/03/14:12:14,1624.282858,0.962437,0.763360,0.962437,0.763360,35,23,20,18,0,0,0,0,56,18,11,9
2026/02/03/14:12:15,1625.283042,0.962437,0.763360,0.962437,0.763360,35,23,20,18,0,0,0,0,56,18,11,9
2026/02/03/14:12:16,1626.283142,0.962437,0.763360,0.962437,0.763360,35,23,20,18,0,0,0,0,56,18,11,9
2026/02/03/14:12:17,1627.283231,0.962437,0.763360,0.962437,0.763360,35,23,20,18,0,0,0,0,56,18,11,9
2026/02/03/14:12:18,1628.283414,0.962437,0.763360,0.962437,0.763360,35,23,20,18,0,0,0,0,56,18,11,9
2026/02/03/14:12:19,1629.283454,0.962437,0.763360,0.962437,0.763360,35,23,20,18,0,0,0,0,56,18,11,9
2026/02/03/14:12:20,1630.283534,0.962437,0.763360,0.962437,0.763360,35,23,20,18,0,0,0,0,56,18,11,9
2026/02/03/14:12:21,1631.283645,0.962437,0.763360,0.962437,0.763360,35,23,20,18,0,0,0,0,56,18,11,9
2026/02/03/14:12:22,1632.283746,0.962437,0.763360,0.962437,0.763360,35,23,20,18,0,0,0,0,56,18,11,9
2026/02/03/14:12:23,1633.283821,0.962437,0.763360,0.962437,0.763360,35,23,20,18,0,0,0,0,56,18,11,9
2026/02/03/14:12:24,1634.283945,0.962437,0.763360,0.962437,0.763360,35,23,20,18,0,0,0,0,56,18,11,9
2026/02/03/14:12:25,1635.284037,0.962437,0.763360,0.962437,0.763360,35,23,20,18,0,0,0,0,56,18,11,9
2026/02/03/14:12:26,1636.284127,0.962437,0.763360,0.962437,0.763360,35,23,20,18,0,0,0,0,56,18,11,9
2026/02/03/14:12:27,1637.284235,0.962437,0.763360,0.962437,0.763360,35,23,20,18,0,0,0,0,56,18,11,9
2026/02/03/14:12:28,1638.284292,0.962437,0.763360,0.962437,0.763360,35,23,20,18,0,0,0,0,56,18,11,9
2026/02/03/14:12:29,1639.284398,0.962437,0.763360,0.962437,0.763360,35,23,20,18,0,0,0,0,56,18,11,9
2026/02/03/14:12:30,1640.284498,0.962437,0.763360,0.962437,0.763360,35,23,20,18,0,0,0,0,56,18,11,9
2026/02/03/14:12:31,1641.284588,0.962437,0.763360,0.962437,0.763360,35,23,20,18,0,0,0,0,56,18,11,9
2026/02/03/14:12:32,1642.284682,0.962437,0.763360,0.962437,0.763360,35,23,20,18,0,0,0,0,56,18,11,9
2026/02/03/14:12:33,1643.284780,0.962437,0.763360,0.962437,0.763360,35,23,20,18,0,0,0,0,56,18,11,9
2026/02/03/14:12:34,1644.284877,0.962437,0.763360,0.962437,0.763360,35,23,20,18,0,0,0,0,56,18,11,9
2026/02/03/14:12:35,1645.284972,0.962437,0.763360,0.962437,0.763360,35,23,20,18,0,0,0,0,56,18,11,9
2026/02/03/14:12:36,1646.285120,0.962437,0.763360,0.962437,0.763360,35,23,20,18,0,0,0,0,56,18,11,9
2026/02/03/14:12:37,1647.285197,0.962437,0.763360,0.962437,0.763360,35,23,20,18,0,0,0,0,56,18,11,9
2026/02/03/14:12:38,1648.285292,0.962437,0.763360,0.962437,0.763360,35,23,20,18,0,0,0,0,56,18,11,9
2026/02/03/14:12:39,1649.285459,0.962437,0.763360,0.962437,0.763360,35,23,20,18,0,0,0,0,56,18,11,9
2026/02/03/14:12:40,1650.285560,0.962437,0.763360,0.962437,0.763360,35,23,20,18,0,0,0,0,56,18,11,9
2026/02/03/14:12:41,1651.285657,0.962437,0.763360,0.962437,0.763360,35,23,20,18,0,0,0,0,56,18,11,9
2026/02/03/14:12:42,1652.285753,0.962437,0.763360,0.962437,0.763360,35,23,20,18,0,0,0,0,56,18,11,9
2026/02/03/14:12:43,1653.285863,0.962437,0.763360,0.962437,0.763360,35,23,20,18,0,0,0,0,56,18,11,9
2026/02/03/14:12:44,1654.285946,0.962437,0.763360,0.962437,0.763360,35,23,20,18,0,0,0,0,56,18,11,9
2026/02/03/14:12:45,1655.286043,0.962437,0.763360,0.962437,0.763360,35,23,20,18,0,0,0,0,56,18,11,9
2026/02/03/14:12:46,1656.286209,0.962437,0.763360,0.962437,0.763360,35,23,20,18,0,0,0,0,56,18,11,9
2026/02/03/14:12:47,1657.286299,0.962437,0.763360,0.962437,0.763360,35,23,20,18,0,0,0,0,56,18,11,9
2026/02/03/14:12:48,1658.286425,0.962437,0.763360,0.962437,0.763360,35,23,20,18,0,0,0,0,56,18,11,9
2026/02/03/14:12:49,1659.286511,0.962437,0.763360,0.962437,0.763360,35,23,20,18,0,0,0,0,56,18,11,9
2026/02/03/14:12:50,1660.286611,0.962437,0.763360,0.962437,0.763360,35,23,20,18,0,0,0,0,56,18,11,9
2026/02/03/14:12:51,1661.286717,0.962437,0.763360,0.962437,0.763360,35,23,20,18,0,0,0,0,56,18,11,9
2026/02/03/14:12:52,1662.286808,0.962437,0.763360,0.962437,0.763360,35,23,20,18,0,0,0,0,56,18,11,9
2026/02/03/14:12:53,1663.286953,0.962437,0.763360,0.962437,0.763360,35,23,20,18,0,0,0,0,56,18,11,9
2026/02/03/14:12:54,1664.287109,0.962437,0.763360,0.962437,0.763360,35,23,20,18,0,0,0,0,56,18,11,9
2026/02/03/14:12:55,1665.287261,0.962437,0.763360,0.962437,0.763360,35,23,20,18,0,0,0,0,56,18,11,9
2026/02/03/14:12:56,1666.287364,0.962437,0.763360,0.962437,0.763360,35,23,20,18,0,0,0,0,56,18,11,9
2026/02/03/14:12:57,1667.287504,0.962437,0.763360,0.962437,0.763360,35,23,20,18,0,0,0,0,56,18,11,9
2026/02/03/14:12:58,1668.287611,0.962437,0.763360,0.962437,0.763360,35,23,20,18,0,0,0,0,56,18,11,9
2026/02/03/14:12:59,1669.287720,0.962437,0.763360,0.962437,0.763360,35,23,20,18,0,0,0,0,56,18,11,9
2026/02/03/14:13:00,1670.287838,0.962437,0.763360,0.962437,0.763360,35,23,20,18,0,0,0,0,56,18,11,9
2026/02/03/14:13:01,1671.287988,0.962437,0.763360,0.962437,0.763360,35,23,20,18,0,0,0,0,56,18,11,9
2026/02/03/14:13:02,1672.288159,0.962437,0.763360,0.962437,0.763360,35,23,20,18,0,0,0,0,56,18,11,9
2026/02/03/14:13:03,1673.288270,0.962437,0.763360,0.962437,0.763360,35,23,20,18,0,0,0,0,56,18,11,9
2026/02/03/14:13:04,1674.288377,0.962437,0.763360,0.962437,0.763360,35,23,20,18,0,0,0,0,56,18,11,9
2026/02/03/14:13:05,1675.288463,0.962437,0.763360,0.962437,0.763360,35,23,20,18,0,0,0,0,56,18,11,9
2026/02/03/14:13:06,1676.288577,0.962437,0.763360,0.962437,0.763360,35,23,20,18,0,0,0,0,56,18,11,9
2026/02/03/14:13:07,1677.288691,0.962437,0.763360,0.962437,0.763360,35,23,20,18,0,0,0,0,56,18,11,9
2026/02/03/14:13:08,1678.288773,0.962437,0.763360,0.962437,0.763360,35,23,20,18,0,0,0,0,56,18,11,9
2026/02/03/14:13:09,1679.288899,0.944312,0.733647,0.944312,0.733647,35,23,18,18,0,0,0,0,56,18,13,9
2026/02/03/14:13:10,1680.289014,0.944312,0.733647,0.944312,0.733647,35,23,18,18,0,0,0,0,56,18,13,9
2026/02/03/14:13:11,1681.289116,0.944312,0.733647,0.944312,0.733647,35,23,18,18,0,0,0,0,56,18,13,9
2026/02/03/14:13:12,1682.289224,0.944312,0.733647,0.944312,0.733647,35,23,18,18,0,0,0,0,56,18,13,9
2026/02/03/14:13:13,1683.289335,0.944312,0.733647,0.944312,0.733647,35,23,18,18,0,0,0,0,56,18,13,9
2026/02/03/14:13:14,1684.289452,0.944312,0.733647,0.944312,0.733647,35,23,18,18,0,0,0,0,56,18,13,9
2026/02/03/14:13:15,1685.289550,0.944312,0.733647,0.944312,0.733647,35,23,18,18,0,0,0,0,56,18,13,9
2026/02/03/14:13:16,1686.289674,0.944312,0.733647,0.944312,0.733647,35,23,18,18,0,0,0,0,56,18,13,9
2026/02/03/14:13:17,1687.289748,0.944312,0.733647,0.944312,0.733647,35,23,18,18,0,0,0,0,56,18,13,9
2026/02/03/14:13:18,1688.289841,0.944312,0.733647,0.944312,0.733647,35,23,18,18,0,0,0,0,56,18,13,9
2026/02/03/14:13:19,1689.289936,0.944312,0.733647,0.944312,0.733647,35,23,18,18,0,0,0,0,56,18,13,9
2026/02/03/14:13:20,1690.290038,0.944312,0.733647,0.944312,0.733647,35,23,18,18,0,0,0,0,56,18,13,9
2026/02/03/14:13:21,1691.290194,0.944312,0.733647,0.944312,0.733647,35,23,18,18,0,0,0,0,56,18,13,9
2026/02/03/14:13:22,1692.290336,0.944312,0.733647,0.944312,0.733647,35,23,18,18,0,0,0,0,56,18,13,9
2026/02/03/14:13:23,1693.290500,0.944312,0.733647,0.944312,0.733647,35,23,18,18,0,0,0,0,56,18,13,9
2026/02/03/14:13:24,1694.290649,0.944312,0.733647,0.944312,0.733647,35,23,18,18,0,0,0,0,56,18,13,9
2026/02/03/14:13:25,1695.290760,0.944312,0.733647,0.944312,0.733647,35,23,18,18,0,0,0,0,56,18,13,9
2026/02/03/14:13:26,1696.290869,0.944312,0.733647,0.944312,0.733647,35,23,18,18,0,0,0,0,56,18,13,9
2026/02/03/14:13:27,1697.291094,0.944312,0.733647,0.944312,0.733647,35,23,18,18,0,0,0,0,56,18,13,9
2026/02/03/14:13:28,1698.291192,0.944312,0.733647,0.944312,0.733647,35,23,18,18,0,0,0,0,56,18,13,9
2026/02/03/14:13:29,1699.291316,0.944312,0.733647,0.944312,0.733647,35,23,18,18,0,0,0,0,56,18,13,9
2026/02/03/14:13:30,1700.291451,0.944312,0.733647,0.944312,0.733647,35,23,18,18,0,0,0,0,56,18,13,9
2026/02/03/14:13:31,1701.291554,0.944312,0.733647,0.944312,0.733647,35,23,18,18,0,0,0,0,56,18,13,9
2026/02/03/14:13:32,1702.291651,0.944312,0.733647,0.944312,0.733647,35,23,18,18,0,0,0,0,56,18,13,9
2026/02/03/14:13:33,1703.291771,0.944312,0.733647,0.944312,0.733647,35,23,18,18,0,0,0,0,56,18,13,9
2026/02/03/14:13:34,1704.291957,0.944312,0.733647,0.944312,0.733647,35,23,18,18,0,0,0,0,56,18,13,9
2026/02/03/14:13:35,1705.292085,0.944312,0.733647,0.944312,0.733647,35,23,18,18,0,0,0,0,56,18,13,9
2026/02/03/14:13:36,1706.292229,0.944312,0.733647,0.944312,0.733647,35,23,18,18,0,0,0,0,56,18,13,9
2026/02/03/14:13:37,1707.292324,0.944312,0.733647,0.944312,0.733647,35,23,18,18,0,0,0,0,56,18,13,9
2026/02/03/14:13:38,1708.292442,0.944312,0.733647,0.944312,0.733647,35,23,18,18,0,0,0,0,56,18,13,9
2026/02/03/14:13:39,1709.292532,0.944312,0.733647,0.944312,0.733647,35,23,18,18,0,0,0,0,56,18,13,9
2026/02/03/14:13:40,1710.292632,0.944312,0.733647,0.944312,0.733647,35,23,18,18,0,0,0,0,56,18,13,9
2026/02/03/14:13:41,1711.292730,0.944312,0.733647,0.944312,0.733647,35,23,18,18,0,0,0,0,56,18,13,9
2026/02/03/14:13:42,1712.292878,0.944312,0.733647,0.944312,0.733647,35,23,18,18,0,0,0,0,56,18,13,9
2026/02/03/14:13:43,1713.292954,0.944312,0.733647,0.944312,0.733647,35,23,18,18,0,0,0,0,56,18,13,9
2026/02/03/14:13:44,1714.293107,0.944312,0.733647,0.944312,0.733647,35,23,18,18,0,0,0,0,56,18,13,9
2026/02/03/14:13:45,1715.293261,0.944312,0.733647,0.944312,0.733647,35,23,18,18,0,0,0,0,56,18,13,9
2026/02/03/14:13:46,1716.293355,0.944312,0.733647,0.944312,0.733647,35,23,18,18,0,0,0,0,56,18,13,9
2026/02/03/14:13:47,1717.293428,0.944312,0.733647,0.944312,0.733647,35,23,18,18,0,0,0,0,56,18,13,9
2026/02/03/14:13:48,1718.293519,0.944312,0.733647,0.944312,0.733647,35,23,18,18,0,0,0,0,56,18,13,9
2026/02/03/14:13:49,1719.293620,0.944312,0.733647,0.944312,0.733647,35,23,18,18,0,0,0,0,56,18,13,9
2026/02/03/14:13:50,1720.293766,0.944312,0.733647,0.944312,0.733647,35,23,18,18,0,0,0,0,56,18,13,9
2026/02/03/14:13:51,1721.293862,0.944312,0.733647,0.944312,0.733647,35,23,18,18,0,0,0,0,56,18,13,9
2026/02/03/14:13:52,1722.293957,0.944312,0.733647,0.944312,0.733647,35,23,18,18,0,0,0,0,56,18,13,9
2026/02/03/14:13:53,1723.294053,0.944312,0.733647,0.944312,0.733647,35,23,18,18,0,0,0,0,56,18,13,9
2026/02/03/14:13:54,1724.294113,0.944312,0.733647,0.944312,0.733647,35,23,18,18,0,0,0,0,56,18,13,9
2026/02/03/14:13:55,1725.294216,0.944312,0.733647,0.944312,0.733647,35,23,18,18,0,0,0,0,56,18,13,9
2026/02/03/14:13:56,1726.294386,0.918188,0.725084,0.918188,0.725084,35,21,18,18,0,0,0,0,56,20,13,9
2026/02/03/14:13:57,1727.294460,0.918188,0.725084,0.918188,0.725084,35,21,18,18,0,0,0,0,56,20,13,9
2026/02/03/14:13:58,1728.294611,0.918188,0.725084,0.918188,0.725084,35,21,18,18,0,0,0,0,56,20,13,9
2026/02/03/14:13:59,1729.294783,0.918188,0.725084,0.918188,0.725084,35,21,18,18,0,0,0,0,56,20,13,9
2026/02/03/14:14:00,1730.294854,0.918188,0.725084,0.918188,0.725084,35,21,18,18,0,0,0,0,56,20,13,9
2026/02/03/14:14:01,1731.294978,0.918188,0.725084,0.918188,0.725084,35,21,18,18,0,0,0,0,56,20,13,9
2026/02/03/14:14:02,1732.295120,0.918188,0.725084,0.918188,0.725084,35,21,18,18,0,0,0,0,56,20,13,9
2026/02/03/14:14:03,1733.295270,0.918188,0.725084,0.918188,0.725084,35,21,18,18,0,0,0,0,56,20,13,9
2026/02/03/14:14:04,1734.295399,0.918188,0.725084,0.918188,0.725084,35,21,18,18,0,0,0,0,56,20,13,9
2026/02/03/14:14:05,1735.295559,0.918188,0.725084,0.918188,0.725084,35,21,18,18,0,0,0,0,56,20,13,9
2026/02/03/14:14:06,1736.295716,0.918188,0.725084,0.918188,0.725084,35,21,18,18,0,0,0,0,56,20,13,9
2026/02/03/14:14:07,1737.295812,0.918188,0.725084,0.918188,0.725084,35,21,18,18,0,0,0,0,56,20,13,9
2026/02/03/14:14:08,1738.295909,0.918188,0.725084,0.918188,0.725084,35,21,18,18,0,0,0,0,56,20,13,9
2026/02/03/14:14:09,1739.295997,0.918188,0.725084,0.918188,0.725084,35,21,18,18,0,0,0,0,56,20,13,9
2026/02/03/14:14:10,1740.296151,0.918188,0.725084,0.918188,0.725084,35,21,18,18,0,0,0,0,56,20,13,9
2026/02/03/14:14:11,1741.296304,0.918188,0.725084,0.918188,0.725084,35,21,18,18,0,0,0,0,56,20,13,9
2026/02/03/14:14:12,1742.296472,0.918188,0.725084,0.918188,0.725084,35,21,18,18,0,0,0,0,56,20,13,9
2026/02/03/14:14:13,1743.296567,0.918188,0.725084,0.918188,0.725084,35,21,18,18,0,0,0,0,56,20,13,9
2026/02/03/14:14:14,1744.296710,0.918188,0.725084,0.918188,0.725084,35,21,18,18,0,0,0,0,56,20,13,9
2026/02/03/14:14:15,1745.296863,0.918188,0.725084,0.918188,0.725084,35,21,18,18,0,0,0,0,56,20,13,9
2026/02/03/14:14:16,1746.296960,0.918188,0.725084,0.918188,0.725084,35,21,18,18,0,0,0,0,56,20,13,9
2026/02/03/14:14:17,1747.297045,0.918188,0.725084,0.918188,0.725084,35,21,18,18,0,0,0,0,56,20,13,9
2026/02/03/14:14:18,1748.297165,0.918188,0.725084,0.918188,0.725084,35,21,18,18,0,0,0,0,56,20,13,9
2026/02/03/14:14:19,1749.297316,0.918188,0.725084,0.918188,0.725084,35,21,18,18,0,0,0,0,56,20,13,9
2026/02/03/14:14:20,1750.297496,0.918188,0.725084,0.918188,0.725084,35,21,18,18,0,0,0,0,56,20,13,9
2026/02/03/14:14:21,1751.297624,0.918188,0.725084,0.918188,0.725084,35,21,18,18,0,0,0,0,56,20,13,9
2026/02/03/14:14:22,1752.297710,0.918188,0.725084,0.918188,0.725084,35,21,18,18,0,0,0,0,56,20,13,9
2026/02/03/14:14:23,1753.297811,0.918188,0.725084,0.918188,0.725084,35,21,18,18,0,0,0,0,56,20,13,9
2026/02/03/14:14:24,1754.297908,0.918188,0.725084,0.918188,0.725084,35,21,18,18,0,0,0,0,56,20,13,9
2026/02/03/14:14:25,1755.298054,0.918188,0.725084,0.918188,0.725084,35,21,18,18,0,0,0,0,56,20,13,9
2026/02/03/14:14:26,1756.298155,0.918188,0.725084,0.918188,0.725084,35,21,18,18,0,0,0,0,56,20,13,9
2026/02/03/14:14:27,1757.298302,0.918188,0.725084,0.918188,0.725084,35,21,18,18,0,0,0,0,56,20,13,9
2026/02/03/14:14:28,1758.298447,0.918188,0.725084,0.918188,0.725084,35,21,18,18,0,0,0,0,56,20,13,9
2026/02/03/14:14:29,1759.298545,0.918188,0.725084,0.918188,0.725084,35,21,18,18,0,0,0,0,56,20,13,9
2026/02/03/14:14:30,1760.298661,0.918188,0.725084,0.918188,0.725084,35,21,18,18,0,0,0,0,56,20,13,9
2026/02/03/14:14:31,1761.298803,0.918188,0.725084,0.918188,0.725084,35,21,18,18,0,0,0,0,56,20,13,9
2026/02/03/14:14:32,1762.298884,0.918188,0.725084,0.918188,0.725084,35,21,18,18,0,0,0,0,56,20,13,9
2026/02/03/14:14:33,1763.298986,0.918188,0.725084,0.918188,0.725084,35,21,18,18,0,0,0,0,56,20,13,9
2026/02/03/14:14:34,1764.299148,0.918188,0.725084,0.918188,0.725084,35,21,18,18,0,0,0,0,56,20,13,9
2026/02/03/14:14:35,1765.299292,0.918188,0.725084,0.918188,0.725084,35,21,18,18,0,0,0,0,56,20,13,9
2026/02/03/14:14:36,1766.299442,0.918188,0.725084,0.918188,0.725084,35,21,18,18,0,0,0,0,56,20,13,9
2026/02/03/14:14:37,1767.299592,0.918188,0.725084,0.918188,0.725084,35,21,18,18,0,0,0,0,56,20,13,9
2026/02/03/14:14:38,1768.299827,0.918188,0.725084,0.918188,0.725084,35,21,18,18,0,0,0,0,56,20,13,9
2026/02/03/14:14:39,1769.299884,0.918188,0.725084,0.918188,0.725084,35,21,18,18,0,0,0,0,56,20,13,9
2026/02/03/14:14:40,1770.299986,0.918188,0.725084,0.918188,0.725084,35,21,18,18,0,0,0,0,56,20,13,9
2026/02/03/14:14:41,1771.300102,0.918188,0.725084,0.918188,0.725084,35,21,18,18,0,0,0,0,56,20,13,9
2026/02/03/14:14:42,1772.300259,0.918188,0.725084,0.918188,0.725084,35,21,18,18,0,0,0,0,56,20,13,9
2026/02/03/14:14:43,1773.300413,0.918188,0.725084,0.918188,0.725084,35,21,18,18,0,0,0,0,56,20,13,9
2026/02/03/14:14:44,1774.300503,0.918188,0.725084,0.918188,0.725084,35,21,18,18,0,0,0,0,56,20,13,9
2026/02/03/14:14:45,1775.300626,0.918188,0.725084,0.918188,0.725084,35,21,18,18,0,0,0,0,56,20,13,9
2026/02/03/14:14:46,1776.300714,0.918188,0.725084,0.918188,0.725084,35,21,18,18,0,0,0,0,56,20,13,9
2026/02/03/14:14:47,1777.300806,0.918188,0.725084,0.918188,0.725084,35,21,18,18,0,0,0,0,56,20,13,9
2026/02/03/14:14:48,1778.300955,0.918188,0.725084,0.918188,0.725084,35,21,18,18,0,0,0,0,56,20,13,9
2026/02/03/14:14:49,1779.301055,0.918188,0.725084,0.918188,0.725084,35,21,18,18,0,0,0,0,56,20,13,9
2026/02/03/14:14:50,1780.301230,0.918188,0.725084,0.918188,0.725084,35,21,18,18,0,0,0,0,56,20,13,9
2026/02/03/14:14:51,1781.301393,0.918188,0.725084,0.918188,0.725084,35,21,18,18,0,0,0,0,56,20,13,9
2026/02/03/14:14:52,1782.301529,0.918188,0.725084,0.918188,0.725084,35,21,18,18,0,0,0,0,56,20,13,9
2026/02/03/14:14:53,1783.301686,0.918188,0.725084,0.918188,0.725084,35,21,18,18,0,0,0,0,56,20,13,9
2026/02/03/14:14:54,1784.301839,0.918188,0.725084,0.918188,0.725084,35,21,18,18,0,0,0,0,56,20,13,9
2026/02/03/14:14:55,1785.301984,0.918188,0.725084,0.918188,0.725084,35,21,18,18,0,0,0,0,56,20,13,9
2026/02/03/14:14:56,1786.302147,0.918188,0.725084,0.918188,0.725084,35,21,18,18,0,0,0,0,56,20,13,9
2026/02/03/14:14:57,1787.302240,0.918188,0.725084,0.918188,0.725084,35,21,18,18,0,0,0,0,56,20,13,9
2026/02/03/14:14:58,1788.302412,0.918188,0.725084,0.918188,0.725084,35,21,18,18,0,0,0,0,56,20,13,9
2026/02/03/14:14:59,1789.302510,0.918188,0.725084,0.918188,0.725084,35,21,18,18,0,0,0,0,56,20,13,9
2026/02/03/14:15:00,1790.302602,0.918188,0.725084,0.918188,0.725084,35,21,18,18,0,0,0,0,56,20,13,9
2026/02/03/14:15:01,1791.302763,0.918188,0.725084,0.918188,0.725084,35,21,18,18,0,0,0,0,56,20,13,9
2026/02/03/14:15:02,1792.302854,0.918188,0.725084,0.918188,0.725084,35,21,18,18,0,0,0,0,56,20,13,9
2026/02/03/14:15:03,1793.302970,0.918188,0.725084,0.918188,0.725084,35,21,18,18,0,0,0,0,56,20,13,9
2026/02/03/14:15:04,1794.303932,0.918188,0.725084,0.918188,0.725084,35,21,18,18,0,0,0,0,56,20,13,9
2026/02/03/14:15:05,1795.304079,0.918188,0.725084,0.918188,0.725084,35,21,18,18,0,0,0,0,56,20,13,9
2026/02/03/14:15:06,1796.304226,0.918188,0.725084,0.918188,0.725084,35,21,18,18,0,0,0,0,56,20,13,9
2026/02/03/14:15:07,1797.304376,0.918188,0.725084,0.918188,0.725084,35,21,18,18,0,0,0,0,56,20,13,9
2026/02/03/14:15:08,1798.304514,0.918188,0.725084,0.918188,0.725084,35,21,18,18,0,0,0,0,56,20,13,9
2026/02/03/14:15:09,1799.304631,0.918188,0.725084,0.918188,0.725084,35,21,18,18,0,0,0,0,56,20,13,9
2026/02/03/14:15:10,1800.304716,0.918188,0.725084,0.918188,0.725084,35,21,18,18,0,0,0,0,56,20,13,9
2026/02/03/14:15:11,1801.304883,0.918188,0.725084,0.918188,0.725084,35,21,18,18,0,0,0,0,56,20,13,9
2026/02/03/14:15:12,1802.304977,0.918188,0.725084,0.918188,0.725084,35,21,18,18,0,0,0,0,56,20,13,9
2026/02/03/14:15:13,1803.305072,0.918188,0.725084,0.918188,0.725084,35,21,18,18,0,0,0,0,56,20,13,9
2026/02/03/14:15:14,1804.305189,0.918188,0.725084,0.918188,0.725084,35,21,18,18,0,0,0,0,56,20,13,9
2026/02/03/14:15:15,1805.305331,0.918188,0.725084,0.918188,0.725084,35,21,18,18,0,0,0,0,56,20,13,9
2026/02/03/14:15:16,1806.305421,0.918188,0.725084,0.918188,0.725084,35,21,18,18,0,0,0,0,56,20,13,9
2026/02/03/14:15:17,1807.305520,0.918188,0.725084,0.918188,0.725084,35,21,18,18,0,0,0,0,56,20,13,9
2026/02/03/14:15:18,1808.305665,0.918188,0.725084,0.918188,0.725084,35,21,18,18,0,0,0,0,56,20,13,9
2026/02/03/14:15:19,1809.305763,0.918188,0.725084,0.918188,0.725084,35,21,18,18,0,0,0,0,56,20,13,9
2026/02/03/14:15:20,1810.305915,0.918188,0.725084,0.918188,0.725084,35,21,18,18,0,0,0,0,56,20,13,9
2026/02/03/14:15:21,1811.306068,0.918188,0.725084,0.918188,0.725084,35,21,18,18,0,0,0,0,56,20,13,9
2026/02/03/14:15:22,1812.306159,0.918188,0.725084,0.918188,0.725084,35,21,18,18,0,0,0,0,56,20,13,9
2026/02/03/14:15:23,1813.306308,0.918188,0.725084,0.918188,0.725084,35,21,18,18,0,0,0,0,56,20,13,9
2026/02/03/14:15:24,1814.306462,0.918188,0.725084,0.918188,0.725084,35,21,18,18,0,0,0,0,56,20,13,9
2026/02/03/14:15:25,1815.306579,0.918188,0.725084,0.918188,0.725084,35,21,18,18,0,0,0,0,56,20,13,9
2026/02/03/14:15:26,1816.306671,0.918188,0.725084,0.918188,0.725084,35,21,18,18,0,0,0,0,56,20,13,9
2026/02/03/14:15:27,1817.306773,0.918188,0.725084,0.918188,0.725084,35,21,18,18,0,0,0,0,56,20,13,9
2026/02/03/14:15:28,1818.306922,0.918188,0.725084,0.918188,0.725084,35,21,18,18,0,0,0,0,56,20,13,9
2026/02/03/14:15:29,1819.307084,0.918188,0.725084,0.918188,0.725084,35,21,18,18,0,0,0,0,56,20,13,9
2026/02/03/14:15:30,1820.307169,0.918188,0.725084,0.918188,0.725084,35,21,18,18,0,0,0,0,56,20,13,9
2026/02/03/14:15:31,1821.307327,0.918188,0.725084,0.918188,0.725084,35,21,18,18,0,0,0,0,56,20,13,9
2026/02/03/14:15:32,1822.307467,0.918188,0.725084,0.918188,0.725084,35,21,18,18,0,0,0,0,56,20,13,9
2026/02/03/14:15:33,1823.307629,0.918188,0.725084,0.918188,0.725084,35,21,18,18,0,0,0,0,56,20,13,9
2026/02/03/14:15:34,1824.307707,0.918188,0.725084,0.918188,0.725084,35,21,18,18,0,0,0,0,56,20,13,9
2026/02/03/14:15:35,1825.307867,0.918188,0.725084,0.918188,0.725084,35,21,18,18,0,0,0,0,56,20,13,9
2026/02/03/14:15:36,1826.308015,0.918188,0.725084,0.918188,0.725084,35,21,18,18,0,0,0,0,56,20,13,9
2026/02/03/14:15:37,1827.308141,0.918188,0.725084,0.918188,0.725084,35,21,18,18,0,0,0,0,56,20,13,9
2026/02/03/14:15:38,1828.308208,0.918188,0.725084,0.918188,0.725084,35,21,18,18,0,0,0,0,56,20,13,9
2026/02/03/14:15:39,1829.308376,0.918188,0.725084,0.918188,0.725084,35,21,18,18,0,0,0,0,56,20,13,9
2026/02/03/14:15:40,1830.308419,0.918188,0.725084,0.918188,0.725084,35,21,18,18,0,0,0,0,56,20,13,9
2026/02/03/14:15:41,1831.308533,0.918188,0.725084,0.918188,0.725084,35,21,18,18,0,0,0,0,56,20,13,9
2026/02/03/14:15:42,1832.308619,0.918188,0.725084,0.918188,0.725084,35,21,18,18,0,0,0,0,56,20,13,9
2026/02/03/14:15:43,1833.308769,0.918188,0.725084,0.918188,0.725084,35,21,18,18,0,0,0,0,56,20,13,9
2026/02/03/14:15:44,1834.308859,0.918188,0.725084,0.918188,0.725084,35,21,18,18,0,0,0,0,56,20,13,9
2026/02/03/14:15:45,1835.309011,0.918188,0.725084,0.918188,0.725084,35,21,18,18,0,0,0,0,56,20,13,9
2026/02/03/14:15:46,1836.309110,0.918188,0.725084,0.918188,0.725084,35,21,18,18,0,0,0,0,56,20,13,9
2026/02/03/14:15:47,1837.309259,0.918188,0.725084,0.918188,0.725084,35,21,18,18,0,0,0,0,56,20,13,9
2026/02/03/14:15:48,1838.309378,0.918188,0.725084,0.918188,0.725084,35,21,18,18,0,0,0,0,56,20,13,9
2026/02/03/14:15:49,1839.309514,0.918188,0.725084,0.918188,0.725084,35,21,18,18,0,0,0,0,56,20,13,9
2026/02/03/14:15:50,1840.309661,0.918188,0.725084,0.918188,0.725084,35,21,18,18,0,0,0,0,56,20,13,9
2026/02/03/14:15:51,1841.309763,0.918188,0.725084,0.918188,0.725084,35,21,18,18,0,0,0,0,56,20,13,9
2026/02/03/14:15:52,1842.309878,0.918188,0.725084,0.918188,0.725084,35,21,18,18,0,0,0,0,56,20,13,9
2026/02/03/14:15:53,1843.310043,0.918188,0.725084,0.918188,0.725084,35,21,18,18,0,0,0,0,56,20,13,9
2026/02/03/14:15:54,1844.310139,0.918188,0.725084,0.918188,0.725084,35,21,18,18,0,0,0,0,56,20,13,9
2026/02/03/14:15:55,1845.310320,0.918188,0.725084,0.918188,0.725084,35,21,18,18,0,0,0,0,56,20,13,9
2026/02/03/14:15:56,1846.310416,0.918188,0.725084,0.918188,0.725084,35,21,18,18,0,0,0,0,56,20,13,9
2026/02/03/14:15:57,1847.310503,0.918188,0.725084,0.918188,0.725084,35,21,18,18,0,0,0,0,56,20,13,9
2026/02/03/14:15:58,1848.310667,0.918188,0.725084,0.918188,0.725084,35,21,18,18,0,0,0,0,56,20,13,9
2026/02/03/14:15:59,1849.310747,0.918188,0.725084,0.918188,0.725084,35,21,18,18,0,0,0,0,56,20,13,9
2026/02/03/14:16:00,1850.310859,0.918188,0.725084,0.918188,0.725084,35,21,18,18,0,0,0,0,56,20,13,9
2026/02/03/14:16:01,1851.310948,0.918188,0.725084,0.918188,0.725084,35,21,18,18,0,0,0,0,56,20,13,9
2026/02/03/14:16:02,1852.311038,0.918188,0.725084,0.918188,0.725084,35,21,18,18,0,0,0,0,56,20,13,9
2026/02/03/14:16:03,1853.311126,0.918188,0.725084,0.918188,0.725084,35,21,18,18,0,0,0,0,56,20,13,9
2026/02/03/14:16:04,1854.311211,0.918188,0.725084,0.918188,0.725084,35,21,18,18,0,0,0,0,56,20,13,9
2026/02/03/14:16:05,1855.311394,0.918188,0.725084,0.918188,0.725084,35,21,18,18,0,0,0,0,56,20,13,9
2026/02/03/14:16:06,1856.311424,0.918188,0.725084,0.918188,0.725084,35,21,18,18,0,0,0,0,56,20,13,9
2026/02/03/14:16:07,1857.311513,0.918188,0.725084,0.918188,0.725084,35,21,18,18,0,0,0,0,56,20,13,9
2026/02/03/14:16:08,1858.311613,0.918188,0.725084,0.918188,0.725084,35,21,18,18,0,0,0,0,56,20,13,9
2026/02/03/14:16:09,1859.311702,0.918188,0.725084,0.918188,0.725084,35,21,18,18,0,0,0,0,56,20,13,9
2026/02/03/14:16:10,1860.311854,0.918188,0.725084,0.918188,0.725084,35,21,18,18,0,0,0,0,56,20,13,9
2026/02/03/14:16:11,1861.311983,0.918188,0.725084,0.918188,0.725084,35,21,18,18,0,0,0,0,56,20,13,9
2026/02/03/14:16:12,1862.312067,0.918188,0.725084,0.918188,0.725084,35,21,18,18,0,0,0,0,56,20,13,9
2026/02/03/14:16:13,1863.312237,0.918188,0.725084,0.918188,0.725084,35,21,18,18,0,0,0,0,56,20,13,9
2026/02/03/14:16:14,1864.312326,0.918188,0.725084,0.918188,0.725084,35,21,18,18,0,0,0,0,56,20,13,9
2026/02/03/14:16:15,1865.312517,0.918188,0.725084,0.918188,0.725084,35,21,18,18,0,0,0,0,56,20,13,9
2026/02/03/14:16:16,1866.312662,0.918188,0.725084,0.918188,0.725084,35,21,18,18,0,0,0,0,56,20,13,9
2026/02/03/14:16:17,1867.312816,0.918188,0.725084,0.918188,0.725084,35,21,18,18,0,0,0,0,56,20,13,9
2026/02/03/14:16:18,1868.312959,0.918188,0.725084,0.918188,0.725084,35,21,18,18,0,0,0,0,56,20,13,9
2026/02/03/14:16:19,1869.313050,0.918188,0.725084,0.918188,0.725084,35,21,18,18,0,0,0,0,56,20,13,9
2026/02/03/14:16:20,1870.313202,0.918188,0.725084,0.918188,0.725084,35,21,18,18,0,0,0,0,56,20,13,9
2026/02/03/14:16:21,1871.313295,0.918188,0.725084,0.918188,0.725084,35,21,18,18,0,0,0,0,56,20,13,9
2026/02/03/14:16:22,1872.313424,0.918188,0.725084,0.918188,0.725084,35,21,18,18,0,0,0,0,56,20,13,9
2026/02/03/14:16:23,1873.313564,0.918188,0.725084,0.918188,0.725084,35,21,18,18,0,0,0,0,56,20,13,9
2026/02/03/14:16:24,1874.313666,0.918188,0.725084,0.918188,0.725084,35,21,18,18,0,0,0,0,56,20,13,9
2026/02/03/14:16:25,1875.313783,0.918188,0.725084,0.918188,0.725084,35,21,18,18,0,0,0,0,56,20,13,9
2026/02/03/14:16:26,1876.313872,0.918188,0.725084,0.918188,0.725084,35,21,18,18,0,0,0,0,56,20,13,9
2026/02/03/14:16:27,1877.313961,0.918188,0.725084,0.918188,0.725084,35,21,18,18,0,0,0,0,56,20,13,9
2026/02/03/14:16:28,1878.314069,0.918188,0.725084,0.918188,0.725084,35,21,18,18,0,0,0,0,56,20,13,9
2026/02/03/14:16:29,1879.314162,0.918188,0.725084,0.918188,0.725084,35,21,18,18,0,0,0,0,56,20,13,9
2026/02/03/14:16:30,1880.314249,0.918188,0.725084,0.918188,0.725084,35,21,18,18,0,0,0,0,56,20,13,9
2026/02/03/14:16:31,1881.314370,0.918188,0.725084,0.918188,0.725084,35,21,18,18,0,0,0,0,56,20,13,9
2026/02/03/14:16:32,1882.314504,0.918188,0.725084,0.918188,0.725084,35,21,18,18,0,0,0,0,56,20,13,9
2026/02/03/14:16:33,1883.314596,0.918188,0.725084,0.918188,0.725084,35,21,18,18,0,0,0,0,56,20,13,9
2026/02/03/14:16:34,1884.314697,0.918188,0.725084,0.918188,0.725084,35,21,18,18,0,0,0,0,56,20,13,9
2026/02/03/14:16:35,1885.314821,0.918188,0.725084,0.918188,0.725084,35,21,18,18,0,0,0,0,56,20,13,9
2026/02/03/14:16:36,1886.314919,0.918188,0.725084,0.918188,0.725084,35,21,18,18,0,0,0,0,56,20,13,9
2026/02/03/14:16:37,1887.315065,0.918188,0.725084,0.918188,0.725084,35,21,18,18,0,0,0,0,56,20,13,9
2026/02/03/14:16:38,1888.315178,0.918188,0.725084,0.918188,0.725084,35,21,18,18,0,0,0,0,56,20,13,9
2026/02/03/14:16:39,1889.315265,0.918188,0.725084,0.918188,0.725084,35,21,18,18,0,0,0,0,56,20,13,9
2026/02/03/14:16:40,1890.315427,0.918188,0.725084,0.918188,0.725084,35,21,18,18,0,0,0,0,56,20,13,9
2026/02/03/14:16:41,1891.315573,0.918188,0.725084,0.918188,0.725084,35,21,18,18,0,0,0,0,56,20,13,9
2026/02/03/14:16:42,1892.315673,0.918188,0.725084,0.918188,0.725084,35,21,18,18,0,0,0,0,56,20,13,9
2026/02/03/14:16:43,1893.315836,0.918188,0.725084,0.918188,0.725084,35,21,18,18,0,0,0,0,56,20,13,9
2026/02/03/14:16:44,1894.315994,0.918188,0.725084,0.918188,0.725084,35,21,18,18,0,0,0,0,56,20,13,9
2026/02/03/14:16:45,1895.316140,0.918188,0.725084,0.918188,0.725084,35,21,18,18,0,0,0,0,56,20,13,9
2026/02/03/14:16:46,1896.316294,0.918188,0.725084,0.918188,0.725084,35,21,18,18,0,0,0,0,56,20,13,9
2026/02/03/14:16:47,1897.316323,0.918188,0.725084,0.918188,0.725084,35,21,18,18,0,0,0,0,56,20,13,9
2026/02/03/14:16:48,1898.316483,0.918188,0.725084,0.918188,0.725084,35,21,18,18,0,0,0,0,56,20,13,9
2026/02/03/14:16:49,1899.316541,0.918188,0.725084,0.918188,0.725084,35,21,18,18,0,0,0,0,56,20,13,9
2026/02/03/14:16:50,1900.316701,0.918188,0.725084,0.918188,0.725084,35,21,18,18,0,0,0,0,56,20,13,9
2026/02/03/14:16:51,1901.316850,0.918188,0.725084,0.918188,0.725084,35,21,18,18,0,0,0,0,56,20,13,9
2026/02/03/14:16:52,1902.317019,0.918188,0.725084,0.918188,0.725084,35,21,18,18,0,0,0,0,56,20,13,9
2026/02/03/14:16:53,1903.317115,0.918188,0.725084,0.918188,0.725084,35,21,18,18,0,0,0,0,56,20,13,9
2026/02/03/14:16:54,1904.317208,0.918188,0.725084,0.918188,0.725084,35,21,18,18,0,0,0,0,56,20,13,9
2026/02/03/14:16:55,1905.317306,0.936187,0.737100,0.936187,0.737100,38,21,18,18,0,0,0,0,56,20,13,9
2026/02/03/14:16:56,1906.317456,0.961125,0.761257,0.961125,0.761257,41,21,18,20,0,0,0,0,56,20,13,9
2026/02/03/14:16:57,1907.317530,0.961125,0.761257,0.961125,0.761257,41,21,18,20,0,0,0,0,56,20,13,9
2026/02/03/14:16:58,1908.317636,0.961125,0.761257,0.961125,0.761257,41,21,18,20,0,0,0,0,56,20,13,9
2026/02/03/14:16:59,1909.317733,0.961125,0.761257,0.961125,0.761257,41,21,18,20,0,0,0,0,56,20,13,9
2026/02/03/14:17:00,1910.317822,0.961125,0.761257,0.961125,0.761257,41,21,18,20,0,0,0,0,56,20,13,9
2026/02/03/14:17:01,1911.317910,0.961125,0.761257,0.961125,0.761257,41,21,18,20,0,0,0,0,56,20,13,9
2026/02/03/14:17:02,1912.318010,0.961125,0.761257,0.961125,0.761257,41,21,18,20,0,0,0,0,56,20,13,9
2026/02/03/14:17:03,1913.318186,0.961125,0.761257,0.961125,0.761257,41,21,18,20,0,0,0,0,56,20,13,9
2026/02/03/14:17:04,1914.318292,0.961125,0.761257,0.961125,0.761257,41,21,18,20,0,0,0,0,56,20,13,9
2026/02/03/14:17:05,1915.318451,0.961125,0.761257,0.961125,0.761257,41,21,18,20,0,0,0,0,56,20,13,9
2026/02/03/14:17:06,1916.318593,0.961125,0.761257,0.961125,0.761257,41,21,18,20,0,0,0,0,56,20,13,9
2026/02/03/14:17:07,1917.318721,0.961125,0.761257,0.961125,0.761257,41,21,18,20,0,0,0,0,56,20,13,9
2026/02/03/14:17:08,1918.318810,0.961125,0.761257,0.961125,0.761257,41,21,18,20,0,0,0,0,56,20,13,9
2026/02/03/14:17:09,1919.318914,0.961125,0.761257,0.961125,0.761257,41,21,18,20,0,0,0,0,56,20,13,9
2026/02/03/14:17:10,1920.319005,0.961125,0.761257,0.961125,0.761257,41,21,18,20,0,0,0,0,56,20,13,9
2026/02/03/14:17:11,1921.319101,0.961125,0.761257,0.961125,0.761257,41,21,18,20,0,0,0,0,56,20,13,9
2026/02/03/14:17:12,1922.319218,0.961125,0.761257,0.961125,0.761257,41,21,18,20,0,0,0,0,56,20,13,9
2026/02/03/14:17:13,1923.319300,0.945750,0.746544,0.945750,0.746544,41,21,18,18,0,0,0,0,56,20,13,11
2026/02/03/14:17:14,1924.319408,0.945750,0.746544,0.945750,0.746544,41,21,18,18,0,0,0,0,56,20,13,11
2026/02/03/14:17:15,1925.319504,0.945750,0.746544,0.945750,0.746544,41,21,18,18,0,0,0,0,56,20,13,11
2026/02/03/14:17:16,1926.319600,0.945750,0.746544,0.945750,0.746544,41,21,18,18,0,0,0,0,56,20,13,11
2026/02/03/14:17:17,1927.319691,0.945750,0.746544,0.945750,0.746544,41,21,18,18,0,0,0,0,56,20,13,11
2026/02/03/14:17:18,1928.319843,0.945750,0.746544,0.945750,0.746544,41,21,18,18,0,0,0,0,56,20,13,11
2026/02/03/14:17:19,1929.319960,0.945750,0.746544,0.945750,0.746544,41,21,18,18,0,0,0,0,56,20,13,11
2026/02/03/14:17:20,1930.320058,0.945750,0.746544,0.945750,0.746544,41,21,18,18,0,0,0,0,56,20,13,11
2026/02/03/14:17:21,1931.320169,0.945750,0.746544,0.945750,0.746544,41,21,18,18,0,0,0,0,56,20,13,11
2026/02/03/14:17:22,1932.320315,0.945750,0.746544,0.945750,0.746544,41,21,18,18,0,0,0,0,56,20,13,11
2026/02/03/14:17:23,1933.321424,0.945750,0.746544,0.945750,0.746544,41,21,18,18,0,0,0,0,56,20,13,11
2026/02/03/14:17:24,1934.321494,0.945750,0.746544,0.945750,0.746544,41,21,18,18,0,0,0,0,56,20,13,11
2026/02/03/14:17:25,1935.321554,0.945750,0.746544,0.945750,0.746544,41,21,18,18,0,0,0,0,56,20,13,11
2026/02/03/14:17:26,1936.321634,0.945750,0.746544,0.945750,0.746544,41,21,18,18,0,0,0,0,56,20,13,11
2026/02/03/14:17:27,1937.321744,0.967688,0.787334,0.974313,0.813064,41,22,18,22,0,1,0,1,56,20,13,11
2026/02/03/14:17:28,1938.321834,0.967688,0.787334,0.974313,0.813064,41,22,18,22,0,1,0,1,56,20,13,11
2026/02/03/14:17:29,1939.321929,0.967688,0.787334,0.974313,0.813064,41,22,18,22,0,1,0,1,56,20,13,11
2026/02/03/14:17:30,1940.322085,0.967688,0.787334,0.974313,0.813064,41,22,18,22,0,1,0,1,56,20,13,11
2026/02/03/14:17:31,1941.322177,0.967688,0.770414,0.967688,0.770414,41,21,18,23,0,0,0,0,56,21,13,11
2026/02/03/14:17:32,1942.322278,0.967688,0.770414,0.967688,0.770414,41,21,18,23,0,0,0,0,56,21,13,11
2026/02/03/14:17:33,1943.322388,0.967688,0.770414,0.967688,0.770414,41,21,18,23,0,0,0,0,56,21,13,11
2026/02/03/14:17:34,1944.322519,0.958125,0.760971,0.958125,0.760971,38,21,18,23,0,0,0,0,59,21,13,11
2026/02/03/14:17:35,1945.322611,0.958125,0.760971,0.958125,0.760971,38,21,18,23,0,0,0,0,59,21,13,11
2026/02/03/14:17:36,1946.322714,0.958125,0.760971,0.958125,0.760971,38,21,18,23,0,0,0,0,59,21,13,11
2026/02/03/14:17:37,1947.322798,0.958125,0.760971,0.958125,0.760971,38,21,18,23,0,0,0,0,59,21,13,11
2026/02/03/14:17:38,1948.322911,0.958125,0.760971,0.958125,0.760971,38,21,18,23,0,0,0,0,59,21,13,11
2026/02/03/14:17:39,1949.322975,0.958125,0.760971,0.958125,0.760971,38,21,18,23,0,0,0,0,59,21,13,11
2026/02/03/14:17:40,1950.323092,0.958125,0.760971,0.958125,0.760971,38,21,18,23,0,0,0,0,59,21,13,11
2026/02/03/14:17:41,1951.323189,0.958125,0.760971,0.958125,0.760971,38,21,18,23,0,0,0,0,59,21,13,11
2026/02/03/14:17:42,1952.323280,0.958125,0.760971,0.958125,0.760971,38,21,18,23,0,0,0,0,59,21,13,11
2026/02/03/14:17:43,1953.323400,0.958125,0.760971,0.958125,0.760971,38,21,18,23,0,0,0,0,59,21,13,11
2026/02/03/14:17:44,1954.323534,0.958125,0.760971,0.958125,0.760971,38,21,18,23,0,0,0,0,59,21,13,11
2026/02/03/14:17:45,1955.323640,0.958125,0.760971,0.958125,0.760971,38,21,18,23,0,0,0,0,59,21,13,11
2026/02/03/14:17:46,1956.323781,0.958125,0.760971,0.958125,0.760971,38,21,18,23,0,0,0,0,59,21,13,11
2026/02/03/14:17:47,1957.323921,0.958125,0.760971,0.958125,0.760971,38,21,18,23,0,0,0,0,59,21,13,11
2026/02/03/14:17:48,1958.324081,0.940125,0.748955,0.940125,0.748955,35,21,18,23,0,0,0,0,62,21,13,11
2026/02/03/14:17:49,1959.324252,0.940125,0.748955,0.940125,0.748955,35,21,18,23,0,0,0,0,62,21,13,11
2026/02/03/14:17:50,1960.324366,0.940125,0.748955,0.940125,0.748955,35,21,18,23,0,0,0,0,62,21,13,11
2026/02/03/14:17:51,1961.324433,0.940125,0.748955,0.940125,0.748955,35,21,18,23,0,0,0,0,62,21,13,11
2026/02/03/14:17:52,1962.324534,0.940125,0.748955,0.940125,0.748955,35,21,18,23,0,0,0,0,62,21,13,11
2026/02/03/14:17:53,1963.324629,0.940125,0.748955,0.940125,0.748955,35,21,18,23,0,0,0,0,62,21,13,11
2026/02/03/14:17:54,1964.324778,0.940125,0.748955,0.940125,0.748955,35,21,18,23,0,0,0,0,62,21,13,11
2026/02/03/14:17:55,1965.324870,0.940125,0.748955,0.940125,0.748955,35,21,18,23,0,0,0,0,62,21,13,11
2026/02/03/14:17:56,1966.325032,0.940125,0.748955,0.940125,0.748955,35,21,18,23,0,0,0,0,62,21,13,11
2026/02/03/14:17:57,1967.325120,0.940125,0.748955,0.940125,0.748955,35,21,18,23,0,0,0,0,62,21,13,11
2026/02/03/14:17:58,1968.325220,0.940125,0.748955,0.940125,0.748955,35,21,18,23,0,0,0,0,62,21,13,11
2026/02/03/14:17:59,1969.325389,0.940125,0.748955,0.940125,0.748955,35,21,18,23,0,0,0,0,62,21,13,11
2026/02/03/14:18:00,1970.325436,0.940125,0.748955,0.940125,0.748955,35,21,18,23,0,0,0,0,62,21,13,11
2026/02/03/14:18:01,1971.325529,0.940125,0.748955,0.940125,0.748955,35,21,18,23,0,0,0,0,62,21,13,11
2026/02/03/14:18:02,1972.325593,0.940125,0.748955,0.940125,0.748955,35,21,18,23,0,0,0,0,62,21,13,11
2026/02/03/14:18:03,1973.325710,0.940125,0.748955,0.940125,0.748955,35,21,18,23,0,0,0,0,62,21,13,11
2026/02/03/14:18:04,1974.325871,0.940125,0.748955,0.940125,0.748955,35,21,18,23,0,0,0,0,62,21,13,11
2026/02/03/14:18:05,1975.325970,0.940125,0.748955,0.940125,0.748955,35,21,18,23,0,0,0,0,62,21,13,11
2026/02/03/14:18:06,1976.326050,0.940125,0.748955,0.940125,0.748955,35,21,18,23,0,0,0,0,62,21,13,11
2026/02/03/14:18:07,1977.326149,0.940125,0.748955,0.961688,0.752441,35,21,18,23,0,1,0,0,62,21,13,11
2026/02/03/14:18:08,1978.326318,0.940125,0.748955,0.961688,0.752441,35,21,18,23,0,1,0,0,62,21,13,11
2026/02/03/14:18:09,1979.326481,0.940125,0.748955,0.961688,0.752441,35,21,18,23,0,1,0,0,62,21,13,11
2026/02/03/14:18:10,1980.326589,0.940125,0.748955,0.961688,0.752441,35,21,18,23,0,1,0,0,62,21,13,11
2026/02/03/14:18:11,1981.326690,0.940125,0.748955,0.961688,0.752441,35,21,18,23,0,1,0,0,62,21,13,11
2026/02/03/14:18:12,1982.326799,0.940125,0.748955,0.961688,0.752441,35,21,18,23,0,1,0,0,62,21,13,11
2026/02/03/14:18:13,1983.326979,0.940125,0.748955,0.961688,0.752441,35,21,18,23,0,1,0,0,62,21,13,11
2026/02/03/14:18:14,1984.326998,0.940125,0.748955,0.961688,0.752441,35,21,18,23,0,1,0,0,62,21,13,11
2026/02/03/14:18:15,1985.327100,0.940125,0.748955,0.961688,0.752441,35,21,18,23,0,1,0,0,62,21,13,11
2026/02/03/14:18:16,1986.327261,0.940125,0.748955,0.961688,0.752441,35,21,18,23,0,1,0,0,62,21,13,11
2026/02/03/14:18:17,1987.327379,0.940125,0.748955,0.961688,0.752441,35,21,18,23,0,1,0,0,62,21,13,11
2026/02/03/14:18:18,1988.327514,0.940125,0.748955,0.961688,0.752441,35,21,18,23,0,1,0,0,62,21,13,11
2026/02/03/14:18:19,1989.327675,0.940125,0.748955,0.961688,0.752441,35,21,18,23,0,1,0,0,62,21,13,11
2026/02/03/14:18:20,1990.327751,0.940125,0.748955,0.961688,0.752441,35,21,18,23,0,1,0,0,62,21,13,11
2026/02/03/14:18:21,1991.327912,0.940125,0.748955,0.961688,0.752441,35,21,18,23,0,1,0,0,62,21,13,11
2026/02/03/14:18:22,1992.328024,0.940125,0.748955,0.961688,0.752441,35,21,18,23,0,1,0,0,62,21,13,11
2026/02/03/14:18:23,1993.328127,0.940125,0.748955,0.979688,0.759977,35,21,18,23,0,1,1,0,62,21,13,11
2026/02/03/14:18:24,1994.328228,0.940125,0.748955,0.979688,0.759977,35,21,18,23,0,1,1,0,62,21,13,11
2026/02/03/14:18:25,1995.328333,0.940125,0.748955,0.979688,0.759977,35,21,18,23,0,1,1,0,62,21,13,11
2026/02/03/14:18:26,1996.328430,0.940125,0.748955,0.979688,0.759977,35,21,18,23,0,1,1,0,62,21,13,11
2026/02/03/14:18:27,1997.328532,0.940125,0.748955,0.979688,0.759977,35,21,18,23,0,1,1,0,62,21,13,11
2026/02/03/14:18:28,1998.328664,0.940125,0.748955,0.979688,0.759977,35,21,18,23,0,1,1,0,62,21,13,11
2026/02/03/14:18:29,1999.328758,0.940125,0.748955,0.979688,0.759977,35,21,18,23,0,1,1,0,62,21,13,11
2026/02/03/14:18:30,2000.328931,0.940125,0.748955,0.979688,0.759977,35,21,18,23,0,1,1,0,62,21,13,11
2026/02/03/14:18:31,2001.329030,0.940125,0.748955,0.979688,0.759977,35,21,18,23,0,1,1,0,62,21,13,11
2026/02/03/14:18:32,2002.329123,0.940125,0.748955,0.979688,0.759977,35,21,18,23,0,1,1,0,62,21,13,11
2026/02/03/14:18:33,2003.329221,0.940125,0.748955,0.979688,0.759977,35,21,18,23,0,1,1,0,62,21,13,11
2026/02/03/14:18:34,2004.329324,0.940125,0.748955,0.979688,0.759977,35,21,18,23,0,1,1,0,62,21,13,11
2026/02/03/14:18:35,2005.329487,0.940125,0.748955,0.979688,0.759977,35,21,18,23,0,1,1,0,62,21,13,11
2026/02/03/14:18:36,2006.329575,0.940125,0.748955,0.979688,0.759977,35,21,18,23,0,1,1,0,62,21,13,11
2026/02/03/14:18:37,2007.329729,0.940125,0.748955,0.979688,0.759977,35,21,18,23,0,1,1,0,62,21,13,11
2026/02/03/14:18:38,2008.329881,0.940125,0.748955,0.979688,0.759977,35,21,18,23,0,1,1,0,62,21,13,11
2026/02/03/14:18:39,2009.330040,0.940125,0.748955,0.979688,0.759977,35,21,18,23,0,1,1,0,62,21,13,11
2026/02/03/14:18:40,2010.330142,0.940125,0.748955,0.979688,0.759977,35,21,18,23,0,1,1,0,62,21,13,11
2026/02/03/14:18:41,2011.330235,0.940125,0.748955,0.979688,0.759977,35,21,18,23,0,1,1,0,62,21,13,11
2026/02/03/14:18:42,2012.330387,0.940125,0.748955,0.979688,0.759977,35,21,18,23,0,1,1,0,62,21,13,11
2026/02/03/14:18:43,2013.330432,0.940125,0.748955,0.979688,0.759977,35,21,18,23,0,1,1,0,62,21,13,11
2026/02/03/14:18:44,2014.330529,0.940125,0.748955,0.979688,0.759977,35,21,18,23,0,1,1,0,62,21,13,11
2026/02/03/14:18:45,2015.330618,0.940125,0.748955,0.979688,0.759977,35,21,18,23,0,1,1,0,62,21,13,11
2026/02/03/14:18:46,2016.330735,0.940125,0.748955,0.979688,0.759977,35,21,18,23,0,1,1,0,62,21,13,11
2026/02/03/14:18:47,2017.330832,0.940125,0.748955,0.979688,0.759977,35,21,18,23,0,1,1,0,62,21,13,11
2026/02/03/14:18:48,2018.330941,0.940125,0.748955,0.979688,0.759977,35,21,18,23,0,1,1,0,62,21,13,11
2026/02/03/14:18:49,2019.331054,0.940125,0.748955,0.979688,0.759977,35,21,18,23,0,1,1,0,62,21,13,11
2026/02/03/14:18:50,2020.331228,0.940125,0.748955,0.979688,0.759977,35,21,18,23,0,1,1,0,62,21,13,11
2026/02/03/14:18:51,2021.331414,0.940125,0.748955,0.979688,0.759977,35,21,18,23,0,1,1,0,62,21,13,11
2026/02/03/14:18:52,2022.331578,0.940125,0.748955,0.979688,0.759977,35,21,18,23,0,1,1,0,62,21,13,11
2026/02/03/14:18:53,2023.331705,0.940125,0.748955,0.979688,0.759977,35,21,18,23,0,1,1,0,62,21,13,11
2026/02/03/14:18:54,2024.331813,0.940125,0.748955,0.979688,0.759977,35,21,18,23,0,1,1,0,62,21,13,11
2026/02/03/14:18:55,2025.331910,0.940125,0.748955,0.979688,0.759977,35,21,18,23,0,1,1,0,62,21,13,11
2026/02/03/14:18:56,2026.332037,0.940125,0.748955,0.979688,0.759977,35,21,18,23,0,1,1,0,62,21,13,11
2026/02/03/14:18:57,2027.332162,0.940125,0.748955,0.979688,0.759977,35,21,18,23,0,1,1,0,62,21,13,11
2026/02/03/14:18:58,2028.332307,0.940125,0.748955,0.979688,0.759977,35,21,18,23,0,1,1,0,62,21,13,11
2026/02/03/14:18:59,2029.332465,0.940125,0.748955,0.979688,0.759977,35,21,18,23,0,1,1,0,62,21,13,11
2026/02/03/14:19:00,2030.332567,0.940125,0.748955,0.979688,0.759977,35,21,18,23,0,1,1,0,62,21,13,11
2026/02/03/14:19:01,2031.332664,0.940125,0.748955,0.979688,0.759977,35,21,18,23,0,1,1,0,62,21,13,11
2026/02/03/14:19:02,2032.332761,0.940125,0.748955,0.979688,0.759977,35,21,18,23,0,1,1,0,62,21,13,11
2026/02/03/14:19:03,2033.332860,0.940125,0.748955,0.979688,0.759977,35,21,18,23,0,1,1,0,62,21,13,11
2026/02/03/14:19:04,2034.333013,0.940125,0.748955,0.979688,0.759977,35,21,18,23,0,1,1,0,62,21,13,11
2026/02/03/14:19:05,2035.333094,0.940125,0.748955,0.979688,0.759977,35,21,18,23,0,1,1,0,62,21,13,11
2026/02/03/14:19:06,2036.333200,0.940125,0.748955,0.979688,0.759977,35,21,18,23,0,1,1,0,62,21,13,11
2026/02/03/14:19:07,2037.333380,0.940125,0.748955,0.979688,0.759977,35,21,18,23,0,1,1,0,62,21,13,11
2026/02/03/14:19:08,2038.333529,0.940125,0.748955,0.961688,0.752441,35,21,18,23,0,1,0,0,62,21,13,11
2026/02/03/14:19:09,2039.333894,0.940125,0.748955,0.961688,0.752441,35,21,18,23,0,1,0,0,62,21,13,11
2026/02/03/14:19:10,2040.334051,0.940125,0.748955,0.961688,0.752441,35,21,18,23,0,1,0,0,62,21,13,11
2026/02/03/14:19:11,2041.334155,0.940125,0.748955,0.961688,0.752441,35,21,18,23,0,1,0,0,62,21,13,11
2026/02/03/14:19:12,2042.334301,0.940125,0.748955,0.961688,0.752441,35,21,18,23,0,1,0,0,62,21,13,11
2026/02/03/14:19:13,2043.334411,0.940125,0.748955,0.961688,0.752441,35,21,18,23,0,1,0,0,62,21,13,11
2026/02/03/14:19:14,2044.334512,0.940125,0.748955,0.961688,0.752441,35,21,18,23,0,1,0,0,62,21,13,11
2026/02/03/14:19:15,2045.334586,0.940125,0.748955,0.961688,0.752441,35,21,18,23,0,1,0,0,62,21,13,11
2026/02/03/14:19:16,2046.334754,0.940125,0.748955,0.961688,0.752441,35,21,18,23,0,1,0,0,62,21,13,11
2026/02/03/14:19:17,2047.334933,0.940125,0.748955,0.961688,0.752441,35,21,18,23,0,1,0,0,62,21,13,11
2026/02/03/14:19:18,2048.335115,0.940125,0.748955,0.961688,0.752441,35,21,18,23,0,1,0,0,62,21,13,11
2026/02/03/14:19:19,2049.335268,0.940125,0.748955,0.961688,0.752441,35,21,18,23,0,1,0,0,62,21,13,11
2026/02/03/14:19:20,2050.335397,0.940125,0.748955,0.961688,0.752441,35,21,18,23,0,1,0,0,62,21,13,11
2026/02/03/14:19:21,2051.335546,0.940125,0.748955,0.961688,0.752441,35,21,18,23,0,1,0,0,62,21,13,11
2026/02/03/14:19:22,2052.335642,0.940125,0.748955,0.961688,0.752441,35,21,18,23,0,1,0,0,62,21,13,11
2026/02/03/14:19:23,2053.335739,0.940125,0.748955,0.961688,0.752441,35,21,18,23,0,1,0,0,62,21,13,11
2026/02/03/14:19:24,2054.335843,0.940125,0.748955,0.961688,0.752441,35,21,18,23,0,1,0,0,62,21,13,11
2026/02/03/14:19:25,2055.335946,0.940125,0.748955,0.961688,0.752441,35,21,18,23,0,1,0,0,62,21,13,11
2026/02/03/14:19:26,2056.336039,0.940125,0.748955,0.961688,0.752441,35,21,18,23,0,1,0,0,62,21,13,11
2026/02/03/14:19:27,2057.336122,0.940125,0.748955,0.961688,0.752441,35,21,18,23,0,1,0,0,62,21,13,11
2026/02/03/14:19:28,2058.336267,0.940125,0.748955,0.961688,0.752441,35,21,18,23,0,1,0,0,62,21,13,11
2026/02/03/14:19:29,2059.336425,0.940125,0.748955,0.961688,0.752441,35,21,18,23,0,1,0,0,62,21,13,11
2026/02/03/14:19:30,2060.336526,0.940125,0.748955,0.961688,0.752441,35,21,18,23,0,1,0,0,62,21,13,11
2026/02/03/14:19:31,2061.336618,0.940125,0.748955,0.961688,0.752441,35,21,18,23,0,1,0,0,62,21,13,11
2026/02/03/14:19:32,2062.336732,0.940125,0.748955,0.961688,0.752441,35,21,18,23,0,1,0,0,62,21,13,11
2026/02/03/14:19:33,2063.336826,0.940125,0.748955,0.961688,0.752441,35,21,18,23,0,1,0,0,62,21,13,11
2026/02/03/14:19:34,2064.336935,0.940125,0.748955,0.961688,0.752441,35,21,18,23,0,1,0,0,62,21,13,11
2026/02/03/14:19:35,2065.337039,0.940125,0.748955,0.961688,0.752441,35,21,18,23,0,1,0,0,62,21,13,11
2026/02/03/14:19:36,2066.337150,0.940125,0.748955,0.961688,0.752441,35,21,18,23,0,1,0,0,62,21,13,11
2026/02/03/14:19:37,2067.337249,0.940125,0.748955,0.961688,0.752441,35,21,18,23,0,1,0,0,62,21,13,11
2026/02/03/14:19:38,2068.337384,0.940125,0.748955,0.961688,0.752441,35,21,18,23,0,1,0,0,62,21,13,11
2026/02/03/14:19:39,2069.337445,0.940125,0.748955,0.961688,0.752441,35,21,18,23,0,1,0,0,62,21,13,11
2026/02/03/14:19:40,2070.337612,0.940125,0.748955,0.961688,0.752441,35,21,18,23,0,1,0,0,62,21,13,11
2026/02/03/14:19:41,2071.337711,0.940125,0.748955,0.961688,0.752441,35,21,18,23,0,1,0,0,62,21,13,11
2026/02/03/14:19:42,2072.337766,0.940125,0.748955,0.961688,0.752441,35,21,18,23,0,1,0,0,62,21,13,11
2026/02/03/14:19:43,2073.337857,0.940125,0.748955,0.961688,0.752441,35,21,18,23,0,1,0,0,62,21,13,11
2026/02/03/14:19:44,2074.337964,0.940125,0.748955,0.961688,0.752441,35,21,18,23,0,1,0,0,62,21,13,11
2026/02/03/14:19:45,2075.338069,0.940125,0.748955,0.961688,0.752441,35,21,18,23,0,1,0,0,62,21,13,11
2026/02/03/14:19:46,2076.338224,0.940125,0.748955,0.961688,0.752441,35,21,18,23,0,1,0,0,62,21,13,11
2026/02/03/14:19:47,2077.338319,0.962625,0.766790,1.010500,0.825359,40,20,18,23,2,4,0,0,62,22,13,11
2026/02/03/14:19:48,2078.338407,0.970437,0.772454,1.010500,0.825359,41,20,18,23,1,4,0,0,62,22,13,11
2026/02/03/14:19:49,2079.338555,0.970437,0.772454,1.010500,0.825359,41,20,18,23,1,4,0,0,62,22,13,11
2026/02/03/14:19:50,2080.338671,0.967688,0.779358,1.004188,0.817678,40,21,18,23,1,3,0,0,63,22,13,11
2026/02/03/14:19:51,2081.338768,0.967688,0.779358,1.004188,0.817678,40,21,18,23,1,3,0,0,63,22,13,11
2026/02/03/14:19:52,2082.338917,0.967688,0.779358,1.004188,0.817678,40,21,18,23,1,3,0,0,63,22,13,11
2026/02/03/14:19:53,2083.339019,0.967688,0.779358,1.004188,0.817678,40,21,18,23,1,3,0,0,63,22,13,11
2026/02/03/14:19:54,2084.339111,0.967688,0.779358,1.004188,0.817678,40,21,18,23,1,3,0,0,63,22,13,11
2026/02/03/14:19:55,2085.339273,0.967688,0.779358,1.004188,0.817678,40,21,18,23,1,3,0,0,63,22,13,11
2026/02/03/14:19:56,2086.339386,0.967688,0.779358,1.004188,0.817678,40,21,18,23,1,3,0,0,63,22,13,11
2026/02/03/14:19:57,2087.339407,0.967688,0.779358,1.004188,0.817678,40,21,18,23,1,3,0,0,63,22,13,11
2026/02/03/14:19:58,2088.339572,0.967688,0.779358,1.004188,0.817678,40,21,18,23,1,3,0,0,63,22,13,11
2026/02/03/14:19:59,2089.339664,0.967688,0.779358,1.004188,0.817678,40,21,18,23,1,3,0,0,63,22,13,11
2026/02/03/14:20:00,2090.339824,0.967688,0.779358,1.004188,0.817678,40,21,18,23,1,3,0,0,63,22,13,11
2026/02/03/14:20:01,2091.339923,0.967688,0.779358,1.004188,0.817678,40,21,18,23,1,3,0,0,63,22,13,11
2026/02/03/14:20:02,2092.340090,0.967688,0.779358,1.004188,0.817678,40,21,18,23,1,3,0,0,63,22,13,11
2026/02/03/14:20:03,2093.340190,0.967688,0.779358,1.004188,0.817678,40,21,18,23,1,3,0,0,63,22,13,11
2026/02/03/14:20:04,2094.340383,0.967688,0.779358,1.004188,0.817678,40,21,18,23,1,3,0,0,63,22,13,11
2026/02/03/14:20:05,2095.340458,0.967812,0.791536,0.992938,0.809607,41,22,18,22,0,2,0,0,63,22,13,12
2026/02/03/14:20:06,2096.340540,0.967812,0.791536,0.992938,0.809607,41,22,18,22,0,2,0,0,63,22,13,12
2026/02/03/14:20:07,2097.340673,0.967812,0.791536,0.992938,0.809607,41,22,18,22,0,2,0,0,63,22,13,12
2026/02/03/14:20:08,2098.340788,0.967812,0.791536,0.992938,0.809607,41,22,18,22,0,2,0,0,63,22,13,12
2026/02/03/14:20:09,2099.340890,0.967812,0.791536,0.992938,0.809607,41,22,18,22,0,2,0,0,63,22,13,12
2026/02/03/14:20:10,2100.340981,0.967812,0.791536,0.992938,0.809607,41,22,18,22,0,2,0,0,63,22,13,12
2026/02/03/14:20:11,2101.341084,0.967812,0.791536,0.992938,0.809607,41,22,18,22,0,2,0,0,63,22,13,12
2026/02/03/14:20:12,2102.341183,0.967812,0.791536,0.992938,0.809607,41,22,18,22,0,2,0,0,63,22,13,12
2026/02/03/14:20:13,2103.341304,0.967812,0.791536,1.011688,0.819026,41,22,18,22,3,2,0,0,63,22,13,12
2026/02/03/14:20:14,2104.341449,0.967812,0.791536,1.011688,0.819026,41,22,18,22,3,2,0,0,63,22,13,12
2026/02/03/14:20:15,2105.341605,0.967812,0.791536,1.011688,0.819026,41,22,18,22,3,2,0,0,63,22,13,12
2026/02/03/14:20:16,2106.341688,0.966938,0.765506,1.001000,0.775271,42,20,18,22,2,1,0,0,63,24,13,12
2026/02/03/14:20:17,2107.341800,0.966938,0.765506,1.001000,0.775271,42,20,18,22,2,1,0,0,63,24,13,12
2026/02/03/14:20:18,2108.341981,0.966938,0.765506,1.001000,0.775271,42,20,18,22,2,1,0,0,63,24,13,12
2026/02/03/14:20:19,2109.342121,0.966938,0.765506,1.001000,0.775271,42,20,18,22,2,1,0,0,63,24,13,12
2026/02/03/14:20:20,2110.342215,0.966938,0.765506,1.001000,0.775271,42,20,18,22,2,1,0,0,63,24,13,12
2026/02/03/14:20:21,2111.342396,0.966938,0.765506,1.001000,0.775271,42,20,18,22,2,1,0,0,63,24,13,12
2026/02/03/14:20:22,2112.342532,0.966938,0.765506,1.001000,0.775271,42,20,18,22,2,1,0,0,63,24,13,12
2026/02/03/14:20:23,2113.342712,0.966938,0.765506,1.001000,0.775271,42,20,18,22,2,1,0,0,63,24,13,12
2026/02/03/14:20:24,2114.342814,0.966938,0.765506,1.001000,0.775271,42,20,18,22,2,1,0,0,63,24,13,12
2026/02/03/14:20:25,2115.342896,0.966938,0.765506,1.001000,0.775271,42,20,18,22,2,1,0,0,63,24,13,12
2026/02/03/14:20:26,2116.343002,0.966938,0.765506,1.001000,0.775271,42,20,18,22,2,1,0,0,63,24,13,12
2026/02/03/14:20:27,2117.343111,0.966938,0.765506,1.001000,0.775271,42,20,18,22,2,1,0,0,63,24,13,12
2026/02/03/14:20:28,2118.343199,0.966938,0.765506,1.001000,0.775271,42,20,18,22,2,1,0,0,63,24,13,12
2026/02/03/14:20:29,2119.343302,0.966938,0.765506,1.001000,0.775271,42,20,18,22,2,1,0,0,63,24,13,12
2026/02/03/14:20:30,2120.343435,0.966938,0.765506,1.001000,0.775271,42,20,18,22,2,1,0,0,63,24,13,12
2026/02/03/14:20:31,2121.343533,0.966938,0.765506,1.001000,0.775271,42,20,18,22,2,1,0,0,63,24,13,12
2026/02/03/14:20:32,2122.343620,0.966938,0.765506,1.001000,0.775271,42,20,18,22,2,1,0,0,63,24,13,12
2026/02/03/14:20:33,2123.343783,0.960688,0.762366,0.982250,0.765852,41,20,18,22,0,1,0,0,64,24,13,12
2026/02/03/14:20:34,2124.343949,0.960688,0.762366,0.982250,0.765852,41,20,18,22,0,1,0,0,64,24,13,12
2026/02/03/14:20:35,2125.344043,0.960688,0.762366,0.982250,0.765852,41,20,18,22,0,1,0,0,64,24,13,12
2026/02/03/14:20:36,2126.344147,0.960688,0.762366,0.982250,0.765852,41,20,18,22,0,1,0,0,64,24,13,12
2026/02/03/14:20:37,2127.344243,0.960688,0.762366,0.982250,0.765852,41,20,18,22,0,1,0,0,64,24,13,12
2026/02/03/14:20:38,2128.344366,0.937250,0.745375,0.958812,0.748861,38,20,18,22,0,1,0,0,67,24,13,12
2026/02/03/14:20:39,2129.344433,0.937250,0.745375,0.958812,0.748861,38,20,18,22,0,1,0,0,67,24,13,12
2026/02/03/14:20:40,2130.344529,0.937250,0.745375,0.958812,0.748861,38,20,18,22,0,1,0,0,67,24,13,12
2026/02/03/14:20:41,2131.344689,0.937250,0.745375,0.958812,0.748861,38,20,18,22,0,1,0,0,67,24,13,12
2026/02/03/14:20:42,2132.344853,0.937250,0.745375,0.958812,0.748861,38,20,18,22,0,1,0,0,67,24,13,12
2026/02/03/14:20:43,2133.344970,0.937250,0.745375,0.958812,0.748861,38,20,18,22,0,1,0,0,67,24,13,12
2026/02/03/14:20:44,2134.345048,0.937250,0.745375,0.958812,0.748861,38,20,18,22,0,1,0,0,67,24,13,12
2026/02/03/14:20:45,2135.345270,0.937250,0.745375,0.958812,0.748861,38,20,18,22,0,1,0,0,67,24,13,12
2026/02/03/14:20:46,2136.345383,0.937250,0.745375,0.958812,0.748861,38,20,18,22,0,1,0,0,67,24,13,12
2026/02/03/14:20:47,2137.345433,0.937250,0.745375,0.958812,0.748861,38,20,18,22,0,1,0,0,67,24,13,12
2026/02/03/14:20:48,2138.345542,0.937250,0.745375,0.958812,0.748861,38,20,18,22,0,1,0,0,67,24,13,12
2026/02/03/14:20:49,2139.345637,0.937250,0.745375,0.958812,0.748861,38,20,18,22,0,1,0,0,67,24,13,12
2026/02/03/14:20:50,2140.345751,0.937250,0.745375,0.958812,0.748861,38,20,18,22,0,1,0,0,67,24,13,12
2026/02/03/14:20:51,2141.345876,0.937250,0.745375,0.958812,0.748861,38,20,18,22,0,1,0,0,67,24,13,12
2026/02/03/14:20:52,2142.345980,0.937250,0.745375,0.958812,0.748861,38,20,18,22,0,1,0,0,67,24,13,12
2026/02/03/14:20:53,2143.346067,0.937250,0.745375,0.958812,0.748861,38,20,18,22,0,1,0,0,67,24,13,12
2026/02/03/14:20:54,2144.346172,0.937250,0.745375,0.958812,0.748861,38,20,18,22,0,1,0,0,67,24,13,12
2026/02/03/14:20:55,2145.346265,0.937250,0.745375,0.958812,0.748861,38,20,18,22,0,1,0,0,67,24,13,12
2026/02/03/14:20:56,2146.346430,0.937250,0.745375,0.958812,0.748861,38,20,18,22,0,1,0,0,67,24,13,12
2026/02/03/14:20:57,2147.346519,0.937250,0.745375,0.958812,0.748861,38,20,18,22,0,1,0,0,67,24,13,12
2026/02/03/14:20:58,2148.346693,0.937250,0.745375,0.958812,0.748861,38,20,18,22,0,1,0,0,67,24,13,12
2026/02/03/14:20:59,2149.346807,0.937250,0.745375,0.958812,0.748861,38,20,18,22,0,1,0,0,67,24,13,12
2026/02/03/14:21:00,2150.346878,0.937250,0.745375,0.958812,0.748861,38,20,18,22,0,1,0,0,67,24,13,12
2026/02/03/14:21:01,2151.346980,0.937250,0.745375,0.958812,0.748861,38,20,18,22,0,1,0,0,67,24,13,12
2026/02/03/14:21:02,2152.347106,0.937250,0.745375,0.958812,0.748861,38,20,18,22,0,1,0,0,67,24,13,12
2026/02/03/14:21:03,2153.347189,0.937250,0.745375,0.958812,0.748861,38,20,18,22,0,1,0,0,67,24,13,12
2026/02/03/14:21:04,2154.347294,0.937250,0.745375,0.958812,0.748861,38,20,18,22,0,1,0,0,67,24,13,12
2026/02/03/14:21:05,2155.347419,0.937250,0.745375,0.958812,0.748861,38,20,18,22,0,1,0,0,67,24,13,12
2026/02/03/14:21:06,2156.347513,0.937250,0.745375,0.958812,0.748861,38,20,18,22,0,1,0,0,67,24,13,12
2026/02/03/14:21:07,2157.347840,0.937250,0.745375,0.958812,0.748861,38,20,18,22,0,1,0,0,67,24,13,12
2026/02/03/14:21:08,2158.347960,0.937250,0.745375,0.958812,0.748861,38,20,18,22,0,1,0,0,67,24,13,12
2026/02/03/14:21:09,2159.348049,0.947562,0.754888,0.969125,0.758374,38,20,21,22,0,1,0,0,67,24,13,12
2026/02/03/14:21:10,2160.348140,0.947562,0.754888,0.969125,0.758374,38,20,21,22,0,1,0,0,67,24,13,12
2026/02/03/14:21:11,2161.348229,0.947562,0.754888,0.969125,0.758374,38,20,21,22,0,1,0,0,67,24,13,12
2026/02/03/14:21:12,2162.348397,0.947562,0.754888,0.969125,0.758374,38,20,21,22,0,1,0,0,67,24,13,12
2026/02/03/14:21:13,2163.348489,0.947562,0.754888,0.969125,0.758374,38,20,21,22,0,1,0,0,67,24,13,12
2026/02/03/14:21:14,2164.348597,0.947562,0.754888,0.969125,0.758374,38,20,21,22,0,1,0,0,67,24,13,12
2026/02/03/14:21:15,2165.348740,0.947562,0.754888,0.969125,0.758374,38,20,21,22,0,1,0,0,67,24,13,12
2026/02/03/14:21:16,2166.348884,0.947562,0.754888,0.969125,0.758374,38,20,21,22,0,1,0,0,67,24,13,12
2026/02/03/14:21:17,2167.348987,0.947562,0.754888,0.969125,0.758374,38,20,21,22,0,1,0,0,67,24,13,12
2026/02/03/14:21:18,2168.349075,0.947562,0.754888,0.969125,0.758374,38,20,21,22,0,1,0,0,67,24,13,12
2026/02/03/14:21:19,2169.349167,0.947562,0.754888,0.969125,0.758374,38,20,21,22,0,1,0,0,67,24,13,12
2026/02/03/14:21:20,2170.349314,0.947562,0.754888,0.969125,0.758374,38,20,21,22,0,1,0,0,67,24,13,12
2026/02/03/14:21:21,2171.349470,0.947562,0.754888,0.969125,0.758374,38,20,21,22,0,1,0,0,67,24,13,12
2026/02/03/14:21:22,2172.349619,0.947562,0.754888,0.969125,0.758374,38,20,21,22,0,1,0,0,67,24,13,12
2026/02/03/14:21:23,2173.349768,0.947562,0.754888,0.969125,0.758374,38,20,21,22,0,1,0,0,67,24,13,12
2026/02/03/14:21:24,2174.349921,0.947562,0.754888,0.987750,0.769926,38,20,21,22,3,1,0,0,67,24,13,12
2026/02/03/14:21:25,2175.350018,0.970063,0.770123,0.991625,0.773609,42,20,21,22,0,1,0,0,67,24,13,12
2026/02/03/14:21:26,2176.350112,0.970063,0.770123,0.991625,0.773609,42,20,21,22,0,1,0,0,67,24,13,12
2026/02/03/14:21:27,2177.350238,0.962313,0.762756,0.983875,0.766242,40,20,21,22,0,1,0,0,69,24,13,12
2026/02/03/14:21:28,2178.372787,0.962313,0.762756,0.983875,0.766242,40,20,21,22,0,1,0,0,69,24,13,12
2026/02/03/14:21:29,2179.372892,0.962313,0.762756,0.983875,0.766242,40,20,21,22,0,1,0,0,69,24,13,12
2026/02/03/14:21:30,2180.373750,0.962313,0.762756,0.983875,0.766242,40,20,21,22,0,1,0,0,69,24,13,12
2026/02/03/14:21:32,2182.474583,0.962313,0.762756,0.983875,0.766242,40,20,21,22,0,1,0,0,69,24,13,12
2026/02/03/14:21:34,2184.593872,0.962313,0.762756,0.983875,0.766242,40,20,21,22,0,1,0,0,69,24,13,12
2026/02/03/14:21:37,2187.392935,0.962313,0.762756,0.983875,0.766242,40,20,21,22,0,1,0,0,69,24,13,12
2026/02/03/14:21:40,2190.680774,0.962313,0.762756,0.983875,0.766242,40,20,21,22,0,1,0,0,69,24,13,12
2026/02/03/14:21:45,2195.077846,0.962313,0.762756,0.983875,0.766242,40,20,21,22,0,1,0,0,69,24,13,12
2026/02/03/14:21:46,2196.077958,0.962313,0.762756,0.983875,0.766242,40,20,21,22,0,1,0,0,69,24,13,12
2026/02/03/14:21:47,2197.078111,0.962313,0.762756,0.983875,0.766242,40,20,21,22,0,1,0,0,69,24,13,12
2026/02/03/14:21:48,2198.078268,0.962313,0.762756,0.983875,0.766242,40,20,21,22,0,1,0,0,69,24,13,12
2026/02/03/14:21:49,2199.078373,0.962313,0.762756,0.983875,0.766242,40,20,21,22,0,1,0,0,69,24,13,12
2026/02/03/14:21:50,2200.078415,0.962313,0.762756,0.983875,0.766242,40,20,21,22,0,1,0,0,69,24,13,12
2026/02/03/14:21:51,2201.078523,0.962313,0.762756,0.983875,0.766242,40,20,21,22,0,1,0,0,69,24,13,12
2026/02/03/14:21:52,2202.078618,0.962313,0.762756,0.983875,0.766242,40,20,21,22,0,1,0,0,69,24,13,12
2026/02/03/14:21:53,2203.078716,0.962313,0.762756,0.983875,0.766242,40,20,21,22,0,1,0,0,69,24,13,12
2026/02/03/14:21:54,2204.078823,0.937562,0.752450,0.959125,0.755937,37,20,21,22,0,1,0,0,72,24,13,12
2026/02/03/14:21:55,2205.078920,0.932250,0.747851,0.953812,0.751338,36,20,21,22,0,1,0,0,73,24,13,12
2026/02/03/14:21:56,2206.078997,0.932250,0.747851,0.953812,0.751338,36,20,21,22,0,1,0,0,73,24,13,12
2026/02/03/14:21:57,2207.079109,0.932250,0.747851,0.953812,0.751338,36,20,21,22,0,1,0,0,73,24,13,12
2026/02/03/14:21:58,2208.079206,0.932250,0.747851,0.953812,0.751338,36,20,21,22,0,1,0,0,73,24,13,12
2026/02/03/14:21:59,2209.079302,0.932250,0.747851,0.953812,0.751338,36,20,21,22,0,1,0,0,73,24,13,12
2026/02/03/14:22:00,2210.079397,0.932250,0.747851,0.953812,0.751338,36,20,21,22,0,1,0,0,73,24,13,12
2026/02/03/14:22:01,2211.079497,0.932250,0.747851,0.953812,0.751338,36,20,21,22,0,1,0,0,73,24,13,12
2026/02/03/14:22:02,2212.079594,0.953812,0.751338,0.953812,0.751338,36,21,21,22,0,0,0,0,75,24,13,12
2026/02/03/14:22:03,2213.079681,0.953812,0.751338,0.953812,0.751338,36,21,21,22,0,0,0,0,75,24,13,12
2026/02/03/14:22:04,2214.079777,0.953812,0.751338,0.953812,0.751338,36,21,21,22,0,0,0,0,75,24,13,12
2026/02/03/14:22:05,2215.079872,0.953812,0.751338,0.953812,0.751338,36,21,21,22,0,0,0,0,75,24,13,12
2026/02/03/14:22:06,2216.079969,0.953812,0.751338,0.953812,0.751338,36,21,21,22,0,0,0,0,75,24,13,12
2026/02/03/14:22:07,2217.080068,0.953812,0.751338,0.953812,0.751338,36,21,21,22,0,0,0,0,75,24,13,12
2026/02/03/14:22:08,2218.080158,0.953812,0.751338,0.953812,0.751338,36,21,21,22,0,0,0,0,75,24,13,12
2026/02/03/14:22:09,2219.080265,0.953812,0.751338,0.953812,0.751338,36,21,21,22,0,0,0,0,75,24,13,12
2026/02/03/14:22:10,2220.083446,0.946438,0.747404,0.946438,0.747404,35,21,21,22,0,0,0,0,76,24,13,12
2026/02/03/14:22:11,2221.083531,0.939063,0.743470,0.939063,0.743470,34,21,21,22,0,0,0,0,77,24,13,12
2026/02/03/14:22:12,2222.083649,0.939063,0.743470,0.939063,0.743470,34,21,21,22,0,0,0,0,77,24,13,12
2026/02/03/14:22:13,2223.083735,0.939063,0.743470,0.939063,0.743470,34,21,21,22,0,0,0,0,77,24,13,12
2026/02/03/14:22:14,2224.083852,0.939063,0.743470,0.939063,0.743470,34,21,21,22,0,0,0,0,77,24,13,12
2026/02/03/14:22:15,2225.083946,0.939063,0.743470,0.939063,0.743470,34,21,21,22,0,0,0,0,77,24,13,12
2026/02/03/14:22:16,2226.084040,0.939063,0.743470,0.939063,0.743470,34,21,21,22,0,0,0,0,77,24,13,12
2026/02/03/14:22:17,2227.084137,0.939063,0.743470,0.939063,0.743470,34,21,21,22,0,0,0,0,77,24,13,12
2026/02/03/14:22:18,2228.084214,0.939063,0.743470,0.939063,0.743470,34,21,21,22,0,0,0,0,77,24,13,12
2026/02/03/14:22:19,2229.084399,0.939063,0.743470,0.939063,0.743470,34,21,21,22,0,0,0,0,77,24,13,12
2026/02/03/14:22:20,2230.084492,0.939063,0.743470,0.939063,0.743470,34,21,21,22,0,0,0,0,77,24,13,12
2026/02/03/14:22:21,2231.084576,0.939063,0.743470,0.939063,0.743470,34,21,21,22,0,0,0,0,77,24,13,12
2026/02/03/14:22:22,2232.084728,0.939063,0.743470,0.939063,0.743470,34,21,21,22,0,0,0,0,77,24,13,12
2026/02/03/14:22:23,2233.084889,0.939063,0.743470,0.939063,0.743470,34,21,21,22,0,0,0,0,77,24,13,12
2026/02/03/14:22:24,2234.084961,0.939063,0.743470,0.939063,0.743470,34,21,21,22,0,0,0,0,77,24,13,12
2026/02/03/14:22:25,2235.085063,0.939063,0.743470,0.939063,0.743470,34,21,21,22,0,0,0,0,77,24,13,12
2026/02/03/14:22:26,2236.085197,0.939063,0.743470,0.939063,0.743470,34,21,21,22,0,0,0,0,77,24,13,12
2026/02/03/14:22:27,2237.085372,0.939063,0.743470,0.939063,0.743470,34,21,21,22,0,0,0,0,77,24,13,12
2026/02/03/14:22:28,2238.085428,0.928750,0.733957,0.928750,0.733957,34,21,18,22,0,0,0,0,77,24,16,12
2026/02/03/14:22:29,2239.085520,0.928750,0.733957,0.928750,0.733957,34,21,18,22,0,0,0,0,77,24,16,12
2026/02/03/14:22:30,2240.085616,0.928750,0.733957,0.928750,0.733957,34,21,18,22,0,0,0,0,77,24,16,12
2026/02/03/14:22:31,2241.085772,0.928750,0.733957,0.928750,0.733957,34,21,18,22,0,0,0,0,77,24,16,12
2026/02/03/14:22:32,2242.085873,0.928750,0.733957,0.928750,0.733957,34,21,18,22,0,0,0,0,77,24,16,12
2026/02/03/14:22:33,2243.085980,0.928750,0.733957,0.928750,0.733957,34,21,18,22,0,0,0,0,77,24,16,12
2026/02/03/14:22:34,2244.086054,0.928750,0.733957,0.928750,0.733957,34,21,18,22,0,0,0,0,77,24,16,12
2026/02/03/14:22:35,2245.086165,0.928750,0.733957,0.928750,0.733957,34,21,18,22,0,0,0,0,77,24,16,12
2026/02/03/14:22:36,2246.086256,0.928750,0.733957,0.928750,0.733957,34,21,18,22,0,0,0,0,77,24,16,12
2026/02/03/14:22:37,2247.086361,0.928750,0.733957,0.928750,0.733957,34,21,18,22,0,0,0,0,77,24,16,12
2026/02/03/14:22:38,2248.086412,0.928750,0.733957,0.928750,0.733957,34,21,18,22,0,0,0,0,77,24,16,12
2026/02/03/14:22:39,2249.086485,0.928750,0.733957,0.928750,0.733957,34,21,18,22,0,0,0,0,77,24,16,12
2026/02/03/14:22:40,2250.086581,0.928750,0.733957,0.928750,0.733957,34,21,18,22,0,0,0,0,77,24,16,12
2026/02/03/14:22:41,2251.086672,0.928750,0.733957,0.928750,0.733957,34,21,18,22,0,0,0,0,77,24,16,12
2026/02/03/14:22:42,2252.086752,0.928750,0.733957,0.928750,0.733957,34,21,18,22,0,0,0,0,77,24,16,12
2026/02/03/14:22:43,2253.086831,0.928750,0.733957,0.928750,0.733957,34,21,18,22,0,0,0,0,77,24,16,12
2026/02/03/14:22:44,2254.086939,0.928750,0.733957,0.928750,0.733957,34,21,18,22,0,0,0,0,77,24,16,12
2026/02/03/14:22:45,2255.087021,0.928750,0.733957,0.928750,0.733957,34,21,18,22,0,0,0,0,77,24,16,12
2026/02/03/14:22:46,2256.087110,0.928750,0.733957,0.928750,0.733957,34,21,18,22,0,0,0,0,77,24,16,12
2026/02/03/14:22:47,2257.087216,0.928750,0.733957,0.928750,0.733957,34,21,18,22,0,0,0,0,77,24,16,12
2026/02/03/14:22:48,2258.087324,0.928750,0.733957,0.928750,0.733957,34,21,18,22,0,0,0,0,77,24,16,12
2026/02/03/14:22:49,2259.087477,0.928750,0.733957,0.928750,0.733957,34,21,18,22,0,0,0,0,77,24,16,12
2026/02/03/14:22:50,2260.087531,0.928750,0.733957,0.928750,0.733957,34,21,18,22,0,0,0,0,77,24,16,12
2026/02/03/14:22:51,2261.087682,0.928750,0.733957,0.928750,0.733957,34,21,18,22,0,0,0,0,77,24,16,12
2026/02/03/14:22:52,2262.087790,0.928750,0.733957,0.928750,0.733957,34,21,18,22,0,0,0,0,77,24,16,12
2026/02/03/14:22:53,2263.087943,0.928750,0.733957,0.928750,0.733957,34,21,18,22,0,0,0,0,77,24,16,12
2026/02/03/14:22:54,2264.088092,0.928750,0.733957,0.928750,0.733957,34,21,18,22,0,0,0,0,77,24,16,12
2026/02/03/14:22:55,2265.088269,0.928750,0.733957,0.928750,0.733957,34,21,18,22,0,0,0,0,77,24,16,12
2026/02/03/14:22:56,2266.088425,0.928750,0.733957,0.928750,0.733957,34,21,18,22,0,0,0,0,77,24,16,12
2026/02/03/14:22:57,2267.088580,0.928750,0.733957,0.928750,0.733957,34,21,18,22,0,0,0,0,77,24,16,12
2026/02/03/14:22:58,2268.088727,0.928750,0.733957,0.928750,0.733957,34,21,18,22,0,0,0,0,77,24,16,12
2026/02/03/14:22:59,2269.088844,0.928750,0.733957,0.928750,0.733957,34,21,18,22,0,0,0,0,77,24,16,12
2026/02/03/14:23:00,2270.089010,0.928750,0.733957,0.928750,0.733957,34,21,18,22,0,0,0,0,77,24,16,12
2026/02/03/14:23:01,2271.089160,0.928750,0.733957,0.928750,0.733957,34,21,18,22,0,0,0,0,77,24,16,12
2026/02/03/14:23:02,2272.089251,0.928750,0.733957,0.928750,0.733957,34,21,18,22,0,0,0,0,77,24,16,12
2026/02/03/14:23:03,2273.089379,0.928750,0.733957,0.928750,0.733957,34,21,18,22,0,0,0,0,77,24,16,12
2026/02/03/14:23:04,2274.089428,0.928750,0.733957,0.928750,0.733957,34,21,18,22,0,0,0,0,77,24,16,12
2026/02/03/14:23:05,2275.089574,0.928750,0.733957,0.928750,0.733957,34,21,18,22,0,0,0,0,77,24,16,12
2026/02/03/14:23:06,2276.089685,0.928750,0.733957,0.928750,0.733957,34,21,18,22,0,0,0,0,77,24,16,12
2026/02/03/14:23:07,2277.089832,0.928750,0.733957,0.928750,0.733957,34,21,18,22,0,0,0,0,77,24,16,12
2026/02/03/14:23:08,2278.089933,0.928750,0.733957,0.928750,0.733957,34,21,18,22,0,0,0,0,77,24,16,12
2026/02/03/14:23:09,2279.090033,0.928750,0.733957,0.928750,0.733957,34,21,18,22,0,0,0,0,77,24,16,12
2026/02/03/14:23:10,2280.090123,0.928750,0.733957,0.928750,0.733957,34,21,18,22,0,0,0,0,77,24,16,12
2026/02/03/14:23:11,2281.090277,0.928750,0.733957,0.928750,0.733957,34,21,18,22,0,0,0,0,77,24,16,12
2026/02/03/14:23:12,2282.090437,0.928750,0.733957,0.928750,0.733957,34,21,18,22,0,0,0,0,77,24,16,12
2026/02/03/14:23:13,2283.090523,0.928750,0.733957,0.928750,0.733957,34,21,18,22,0,0,0,0,77,24,16,12
2026/02/03/14:23:14,2284.090690,0.928750,0.733957,0.928750,0.733957,34,21,18,22,0,0,0,0,77,24,16,12
2026/02/03/14:23:15,2285.090857,0.928750,0.733957,0.928750,0.733957,34,21,18,22,0,0,0,0,77,24,16,12
2026/02/03/14:23:16,2286.091017,0.928750,0.733957,0.928750,0.733957,34,21,18,22,0,0,0,0,77,24,16,12
2026/02/03/14:23:17,2287.091106,0.928750,0.733957,0.928750,0.733957,34,21,18,22,0,0,0,0,77,24,16,12
2026/02/03/14:23:18,2288.091260,0.928750,0.733957,0.928750,0.733957,34,21,18,22,0,0,0,0,77,24,16,12
2026/02/03/14:23:19,2289.091423,0.928750,0.733957,0.928750,0.733957,34,21,18,22,0,0,0,0,77,24,16,12
2026/02/03/14:23:20,2290.091579,0.928750,0.733957,0.928750,0.733957,34,21,18,22,0,0,0,0,77,24,16,12
2026/02/03/14:23:21,2291.091683,0.928750,0.733957,0.928750,0.733957,34,21,18,22,0,0,0,0,77,24,16,12
2026/02/03/14:23:22,2292.091838,0.928750,0.733957,0.928750,0.733957,34,21,18,22,0,0,0,0,77,24,16,12
2026/02/03/14:23:23,2293.091993,0.928750,0.733957,0.928750,0.733957,34,21,18,22,0,0,0,0,77,24,16,12
2026/02/03/14:23:24,2294.092098,0.928750,0.733957,0.928750,0.733957,34,21,18,22,0,0,0,0,77,24,16,12
2026/02/03/14:23:25,2295.092250,0.928750,0.733957,0.928750,0.733957,34,21,18,22,0,0,0,0,77,24,16,12
2026/02/03/14:23:26,2296.092419,0.928750,0.733957,0.928750,0.733957,34,21,18,22,0,0,0,0,77,24,16,12
2026/02/03/14:23:27,2297.092515,0.928750,0.733957,0.928750,0.733957,34,21,18,22,0,0,0,0,77,24,16,12
2026/02/03/14:23:28,2298.092577,0.928750,0.733957,0.928750,0.733957,34,21,18,22,0,0,0,0,77,24,16,12
2026/02/03/14:23:29,2299.092736,0.928750,0.733957,0.928750,0.733957,34,21,18,22,0,0,0,0,77,24,16,12
2026/02/03/14:23:30,2300.092882,0.928750,0.733957,0.928750,0.733957,34,21,18,22,0,0,0,0,77,24,16,12
2026/02/03/14:23:31,2301.092993,0.928750,0.733957,0.928750,0.733957,34,21,18,22,0,0,0,0,77,24,16,12
2026/02/03/14:23:32,2302.093100,0.928750,0.733957,0.928750,0.733957,34,21,18,22,0,0,0,0,77,24,16,12
2026/02/03/14:23:33,2303.093257,0.928750,0.733957,0.928750,0.733957,34,21,18,22,0,0,0,0,77,24,16,12
2026/02/03/14:23:34,2304.093384,0.928750,0.733957,0.928750,0.733957,34,21,18,22,0,0,0,0,77,24,16,12
2026/02/03/14:23:35,2305.093427,0.928750,0.733957,0.928750,0.733957,34,21,18,22,0,0,0,0,77,24,16,12
2026/02/03/14:23:36,2306.093542,0.928750,0.733957,0.928750,0.733957,34,21,18,22,0,0,0,0,77,24,16,12
2026/02/03/14:23:37,2307.093614,0.928750,0.733957,0.928750,0.733957,34,21,18,22,0,0,0,0,77,24,16,12
2026/02/03/14:23:38,2308.093679,0.928750,0.733957,0.928750,0.733957,34,21,18,22,0,0,0,0,77,24,16,12
2026/02/03/14:23:39,2309.093844,0.928750,0.733957,0.928750,0.733957,34,21,18,22,0,0,0,0,77,24,16,12
2026/02/03/14:23:40,2310.093913,0.928750,0.733957,0.928750,0.733957,34,21,18,22,0,0,0,0,77,24,16,12
2026/02/03/14:23:41,2311.094051,0.928750,0.733957,0.928750,0.733957,34,21,18,22,0,0,0,0,77,24,16,12
2026/02/03/14:23:42,2312.094190,0.928750,0.733957,0.928750,0.733957,34,21,18,22,0,0,0,0,77,24,16,12
2026/02/03/14:23:43,2313.094333,0.928750,0.733957,0.928750,0.733957,34,21,18,22,0,0,0,0,77,24,16,12
2026/02/03/14:23:44,2314.094421,0.928750,0.733957,0.928750,0.733957,34,21,18,22,0,0,0,0,77,24,16,12
2026/02/03/14:23:45,2315.094528,0.928750,0.733957,0.928750,0.733957,34,21,18,22,0,0,0,0,77,24,16,12
2026/02/03/14:23:46,2316.094617,0.892625,0.721081,0.892625,0.721081,32,21,18,22,0,0,0,0,79,24,16,12
2026/02/03/14:23:47,2317.094769,0.892625,0.721081,0.892625,0.721081,32,21,18,22,0,0,0,0,79,24,16,12
2026/02/03/14:23:48,2318.094857,0.892625,0.721081,0.892625,0.721081,32,21,18,22,0,0,0,0,79,24,16,12
2026/02/03/14:23:49,2319.094950,0.892625,0.721081,0.892625,0.721081,32,21,18,22,0,0,0,0,79,24,16,12
2026/02/03/14:23:50,2320.095124,0.892625,0.721081,0.892625,0.721081,32,21,18,22,0,0,0,0,79,24,16,12
2026/02/03/14:23:51,2321.095239,0.892625,0.721081,0.892625,0.721081,32,21,18,22,0,0,0,0,79,24,16,12
2026/02/03/14:23:52,2322.095400,0.892625,0.721081,0.892625,0.721081,32,21,18,22,0,0,0,0,79,24,16,12
2026/02/03/14:23:53,2323.095500,0.892625,0.721081,0.892625,0.721081,32,21,18,22,0,0,0,0,79,24,16,12
2026/02/03/14:23:54,2324.095652,0.892625,0.721081,0.892625,0.721081,32,21,18,22,0,0,0,0,79,24,16,12
2026/02/03/14:23:55,2325.095805,0.892625,0.721081,0.892625,0.721081,32,21,18,22,0,0,0,0,79,24,16,12
2026/02/03/14:23:56,2326.095911,0.892625,0.721081,0.892625,0.721081,32,21,18,22,0,0,0,0,79,24,16,12
2026/02/03/14:23:57,2327.096016,0.892625,0.721081,0.892625,0.721081,32,21,18,22,0,0,0,0,79,24,16,12
2026/02/03/14:23:58,2328.096084,0.892625,0.721081,0.892625,0.721081,32,21,18,22,0,0,0,0,79,24,16,12
2026/02/03/14:23:59,2329.096247,0.892625,0.721081,0.892625,0.721081,32,21,18,22,0,0,0,0,79,24,16,12
2026/02/03/14:24:00,2330.096333,0.892625,0.721081,0.892625,0.721081,32,21,18,22,0,0,0,0,79,24,16,12
2026/02/03/14:24:01,2331.096435,0.892625,0.721081,0.892625,0.721081,32,21,18,22,0,0,0,0,79,24,16,12
2026/02/03/14:24:02,2332.096593,0.892625,0.721081,0.892625,0.721081,32,21,18,22,0,0,0,0,79,24,16,12
2026/02/03/14:24:03,2333.096705,0.892625,0.721081,0.892625,0.721081,32,21,18,22,0,0,0,0,79,24,16,12
2026/02/03/14:24:04,2334.096848,0.892625,0.721081,0.892625,0.721081,32,21,18,22,0,0,0,0,79,24,16,12
2026/02/03/14:24:05,2335.097001,0.892625,0.721081,0.892625,0.721081,32,21,18,22,0,0,0,0,79,24,16,12
2026/02/03/14:24:06,2336.097117,0.892625,0.721081,0.892625,0.721081,32,21,18,22,0,0,0,0,79,24,16,12
2026/02/03/14:24:07,2337.097215,0.892625,0.721081,0.892625,0.721081,32,21,18,22,0,0,0,0,79,24,16,12
2026/02/03/14:24:08,2338.097404,0.892625,0.721081,0.892625,0.721081,32,21,18,22,0,0,0,0,79,24,16,12
2026/02/03/14:24:09,2339.097477,0.892625,0.721081,0.892625,0.721081,32,21,18,22,0,0,0,0,79,24,16,12
2026/02/03/14:24:10,2340.097626,0.892625,0.721081,0.892625,0.721081,32,21,18,22,0,0,0,0,79,24,16,12
2026/02/03/14:24:11,2341.097785,0.892625,0.721081,0.892625,0.721081,32,21,18,22,0,0,0,0,79,24,16,12
2026/02/03/14:24:12,2342.097887,0.892625,0.721081,0.892625,0.721081,32,21,18,22,0,0,0,0,79,24,16,12
2026/02/03/14:24:13,2343.098037,0.892625,0.721081,0.892625,0.721081,32,21,18,22,0,0,0,0,79,24,16,12
2026/02/03/14:24:14,2344.098194,0.892625,0.721081,0.892625,0.721081,32,21,18,22,0,0,0,0,79,24,16,12
2026/02/03/14:24:15,2345.098310,0.892625,0.721081,0.892625,0.721081,32,21,18,22,0,0,0,0,79,24,16,12
2026/02/03/14:24:16,2346.098457,0.892625,0.721081,0.892625,0.721081,32,21,18,22,0,0,0,0,79,24,16,12
2026/02/03/14:24:17,2347.098579,0.892625,0.721081,0.892625,0.721081,32,21,18,22,0,0,0,0,79,24,16,12
2026/02/03/14:24:18,2348.098709,0.892625,0.721081,0.892625,0.721081,32,21,18,22,0,0,0,0,79,24,16,12
2026/02/03/14:24:19,2349.098800,0.892625,0.721081,0.892625,0.721081,32,21,18,22,0,0,0,0,79,24,16,12
2026/02/03/14:24:20,2350.098986,0.892625,0.721081,0.892625,0.721081,32,21,18,22,0,0,0,0,79,24,16,12
2026/02/03/14:24:21,2351.099078,0.892625,0.721081,0.892625,0.721081,32,21,18,22,0,0,0,0,79,24,16,12
2026/02/03/14:24:22,2352.099171,0.892625,0.721081,0.892625,0.721081,32,21,18,22,0,0,0,0,79,24,16,12
2026/02/03/14:24:23,2353.099279,0.892625,0.721081,0.892625,0.721081,32,21,18,22,0,0,0,0,79,24,16,12
2026/02/03/14:24:24,2354.099405,0.892625,0.721081,0.892625,0.721081,32,21,18,22,0,0,0,0,79,24,16,12
2026/02/03/14:24:25,2355.099447,0.892625,0.721081,0.892625,0.721081,32,21,18,22,0,0,0,0,79,24,16,12
2026/02/03/14:24:26,2356.099547,0.892625,0.721081,0.892625,0.721081,32,21,18,22,0,0,0,0,79,24,16,12
2026/02/03/14:24:27,2357.099685,0.892625,0.721081,0.892625,0.721081,32,21,18,22,0,0,0,0,79,24,16,12
2026/02/03/14:24:28,2358.099840,0.892625,0.721081,0.892625,0.721081,32,21,18,22,0,0,0,0,79,24,16,12
2026/02/03/14:24:29,2359.099947,0.892625,0.721081,0.892625,0.721081,32,21,18,22,0,0,0,0,79,24,16,12
2026/02/03/14:24:30,2360.100092,0.892625,0.721081,0.892625,0.721081,32,21,18,22,0,0,0,0,79,24,16,12
2026/02/03/14:24:31,2361.100186,0.892625,0.721081,0.892625,0.721081,32,21,18,22,0,0,0,0,79,24,16,12
2026/02/03/14:24:32,2362.100272,0.892625,0.721081,0.892625,0.721081,32,21,18,22,0,0,0,0,79,24,16,12
2026/02/03/14:24:33,2363.100394,0.892625,0.721081,0.892625,0.721081,32,21,18,22,0,0,0,0,79,24,16,12
2026/02/03/14:24:34,2364.100526,0.892625,0.721081,0.892625,0.721081,32,21,18,22,0,0,0,0,79,24,16,12
2026/02/03/14:24:35,2365.100676,0.892625,0.721081,0.892625,0.721081,32,21,18,22,0,0,0,0,79,24,16,12
2026/02/03/14:24:36,2366.100828,0.892625,0.721081,0.892625,0.721081,32,21,18,22,0,0,0,0,79,24,16,12
2026/02/03/14:24:37,2367.100976,0.892625,0.721081,0.892625,0.721081,32,21,18,22,0,0,0,0,79,24,16,12
2026/02/03/14:24:38,2368.101067,0.892625,0.721081,0.892625,0.721081,32,21,18,22,0,0,0,0,79,24,16,12
2026/02/03/14:24:39,2369.101164,0.892625,0.721081,0.892625,0.721081,32,21,18,22,0,0,0,0,79,24,16,12
2026/02/03/14:24:40,2370.101258,0.892625,0.721081,0.892625,0.721081,32,21,18,22,0,0,0,0,79,24,16,12
2026/02/03/14:24:41,2371.101385,0.892625,0.721081,0.892625,0.721081,32,21,18,22,0,0,0,0,79,24,16,12
2026/02/03/14:24:42,2372.101520,0.892625,0.721081,0.892625,0.721081,32,21,18,22,0,0,0,0,79,24,16,12
2026/02/03/14:24:43,2373.101619,0.892625,0.721081,0.892625,0.721081,32,21,18,22,0,0,0,0,79,24,16,12
2026/02/03/14:24:44,2374.101720,0.892625,0.721081,0.892625,0.721081,32,21,18,22,0,0,0,0,79,24,16,12
2026/02/03/14:24:45,2375.101809,0.892625,0.721081,0.892625,0.721081,32,21,18,22,0,0,0,0,79,24,16,12
2026/02/03/14:24:46,2376.101911,0.892625,0.721081,0.892625,0.721081,32,21,18,22,0,0,0,0,79,24,16,12
2026/02/03/14:24:47,2377.102038,0.892625,0.721081,0.892625,0.721081,32,21,18,22,0,0,0,0,79,24,16,12
2026/02/03/14:24:48,2378.102147,0.892625,0.721081,0.892625,0.721081,32,21,18,22,0,0,0,0,79,24,16,12
2026/02/03/14:24:49,2379.102298,0.892625,0.721081,0.892625,0.721081,32,21,18,22,0,0,0,0,79,24,16,12
2026/02/03/14:24:50,2380.102466,0.892625,0.721081,0.892625,0.721081,32,21,18,22,0,0,0,0,79,24,16,12
2026/02/03/14:24:51,2381.102607,0.892625,0.721081,0.892625,0.721081,32,21,18,22,0,0,0,0,79,24,16,12
2026/02/03/14:24:52,2382.102768,0.892625,0.721081,0.892625,0.721081,32,21,18,22,0,0,0,0,79,24,16,12
2026/02/03/14:24:53,2383.102862,0.892625,0.721081,0.892625,0.721081,32,21,18,22,0,0,0,0,79,24,16,12
2026/02/03/14:24:54,2384.103018,0.892625,0.721081,0.892625,0.721081,32,21,18,22,0,0,0,0,79,24,16,12
2026/02/03/14:24:55,2385.103131,0.892625,0.721081,0.892625,0.721081,32,21,18,22,0,0,0,0,79,24,16,12
2026/02/03/14:24:56,2386.103242,0.892625,0.721081,0.892625,0.721081,32,21,18,22,0,0,0,0,79,24,16,12
2026/02/03/14:24:57,2387.103372,0.892625,0.721081,0.892625,0.721081,32,21,18,22,0,0,0,0,79,24,16,12
2026/02/03/14:24:58,2388.103421,0.892625,0.721081,0.892625,0.721081,32,21,18,22,0,0,0,0,79,24,16,12
2026/02/03/14:24:59,2389.103574,0.892625,0.721081,0.892625,0.721081,32,21,18,22,0,0,0,0,79,24,16,12
2026/02/03/14:25:00,2390.103721,0.892625,0.721081,0.892625,0.721081,32,21,18,22,0,0,0,0,79,24,16,12
2026/02/03/14:25:01,2391.103871,0.892625,0.721081,0.892625,0.721081,32,21,18,22,0,0,0,0,79,24,16,12
2026/02/03/14:25:02,2392.104030,0.892625,0.721081,0.892625,0.721081,32,21,18,22,0,0,0,0,79,24,16,12
2026/02/03/14:25:03,2393.104133,0.892625,0.721081,0.892625,0.721081,32,21,18,22,0,0,0,0,79,24,16,12
2026/02/03/14:25:04,2394.104227,0.892625,0.721081,0.892625,0.721081,32,21,18,22,0,0,0,0,79,24,16,12
2026/02/03/14:25:05,2395.104402,0.892625,0.721081,0.892625,0.721081,32,21,18,22,0,0,0,0,79,24,16,12
2026/02/03/14:25:06,2396.104558,0.892625,0.721081,0.892625,0.721081,32,21,18,22,0,0,0,0,79,24,16,12
2026/02/03/14:25:07,2397.104637,0.892625,0.721081,0.892625,0.721081,32,21,18,22,0,0,0,0,79,24,16,12
2026/02/03/14:25:08,2398.104797,0.892625,0.721081,0.892625,0.721081,32,21,18,22,0,0,0,0,79,24,16,12
2026/02/03/14:25:09,2399.104991,0.892625,0.721081,0.892625,0.721081,32,21,18,22,0,0,0,0,79,24,16,12
2026/02/03/14:25:10,2400.105040,0.892625,0.721081,0.892625,0.721081,32,21,18,22,0,0,0,0,79,24,16,12
2026/02/03/14:25:11,2401.105138,0.892625,0.721081,0.892625,0.721081,32,21,18,22,0,0,0,0,79,24,16,12
2026/02/03/14:25:12,2402.105209,0.892625,0.721081,0.892625,0.721081,32,21,18,22,0,0,0,0,79,24,16,12
2026/02/03/14:25:13,2403.105336,0.925937,0.750086,0.974437,0.769220,33,23,20,22,2,0,0,0,79,24,16,12
2026/02/03/14:25:14,2404.105431,0.925937,0.750086,0.974437,0.769220,33,23,20,22,2,0,0,0,79,24,16,12
2026/02/03/14:25:15,2405.105587,0.925937,0.750086,0.974437,0.769220,33,23,20,22,2,0,0,0,79,24,16,12
2026/02/03/14:25:16,2406.105714,0.925937,0.750086,0.974437,0.769220,33,23,20,22,2,0,0,0,79,24,16,12
2026/02/03/14:25:17,2407.105803,0.925937,0.750086,0.974437,0.769220,33,23,20,22,2,0,0,0,79,24,16,12
2026/02/03/14:25:18,2408.105896,0.925937,0.750086,0.974437,0.769220,33,23,20,22,2,0,0,0,79,24,16,12
2026/02/03/14:25:19,2409.106008,0.925937,0.750086,0.974437,0.769220,33,23,20,22,2,0,0,0,79,24,16,12
2026/02/03/14:25:20,2410.106201,0.925937,0.750086,0.974437,0.769220,33,23,20,22,2,0,0,0,79,24,16,12
2026/02/03/14:25:21,2411.106312,0.925937,0.750086,0.974437,0.769220,33,23,20,22,2,0,0,0,79,24,16,12
2026/02/03/14:25:22,2412.106425,0.925937,0.750086,0.974437,0.769220,33,23,20,22,2,0,0,0,79,24,16,12
2026/02/03/14:25:23,2413.106516,0.925937,0.750086,0.974437,0.769220,33,23,20,22,2,0,0,0,79,24,16,12
2026/02/03/14:25:24,2414.106665,0.925937,0.750086,0.974437,0.769220,33,23,20,22,2,0,0,0,79,24,16,12
2026/02/03/14:25:25,2415.106824,0.925937,0.750086,0.974437,0.769220,33,23,20,22,2,0,0,0,79,24,16,12
2026/02/03/14:25:26,2416.106983,0.925937,0.750086,0.974437,0.769220,33,23,20,22,2,0,0,0,79,24,16,12
2026/02/03/14:25:27,2417.107076,0.925937,0.750086,0.974437,0.769220,33,23,20,22,2,0,0,0,79,24,16,12
2026/02/03/14:25:28,2418.107233,0.925937,0.750086,0.974437,0.769220,33,23,20,22,2,0,0,0,79,24,16,12
2026/02/03/14:25:29,2419.107425,0.925937,0.750086,0.974437,0.769220,33,23,20,22,2,0,0,0,79,24,16,12
2026/02/03/14:25:30,2420.107565,0.925937,0.750086,0.974437,0.769220,33,23,20,22,2,0,0,0,79,24,16,12
2026/02/03/14:25:31,2421.107711,0.925937,0.750086,0.974437,0.769220,33,23,20,22,2,0,0,0,79,24,16,12
2026/02/03/14:25:32,2422.107836,0.925937,0.750086,0.974437,0.769220,33,23,20,22,2,0,0,0,79,24,16,12
2026/02/03/14:25:33,2423.107974,0.925937,0.750086,0.974437,0.769220,33,23,20,22,2,0,0,0,79,24,16,12
2026/02/03/14:25:34,2424.108071,0.963125,0.782708,1.011625,0.801843,38,23,20,22,2,0,0,0,79,24,16,12
2026/02/03/14:25:35,2425.108166,0.963125,0.782708,1.011625,0.801843,38,23,20,22,2,0,0,0,79,24,16,12
2026/02/03/14:25:36,2426.108287,0.963125,0.782708,1.011625,0.801843,38,23,20,22,2,0,0,0,79,24,16,12
2026/02/03/14:25:37,2427.108436,0.956625,0.774743,1.005125,0.793877,38,21,20,22,2,0,0,0,79,26,16,12
2026/02/03/14:25:38,2428.108534,0.956625,0.774743,1.005125,0.793877,38,21,20,22,2,0,0,0,79,26,16,12
2026/02/03/14:25:39,2429.108693,0.946000,0.764498,0.994500,0.783633,36,21,20,22,2,0,0,0,81,26,16,12
2026/02/03/14:25:40,2430.108863,0.946000,0.764498,0.994500,0.783633,36,21,20,22,2,0,0,0,81,26,16,12
2026/02/03/14:25:41,2431.109022,0.938187,0.760764,0.986688,0.779898,35,21,20,22,2,0,0,0,82,26,16,12
2026/02/03/14:25:42,2432.109118,0.938187,0.760764,0.986688,0.779898,35,21,20,22,2,0,0,0,82,26,16,12
2026/02/03/14:25:43,2433.109211,0.938187,0.760764,0.986688,0.779898,35,21,20,22,2,0,0,0,82,26,16,12
2026/02/03/14:25:44,2434.109322,0.938187,0.760764,0.986688,0.779898,35,21,20,22,2,0,0,0,82,26,16,12
2026/02/03/14:25:45,2435.109438,0.938187,0.760764,0.986688,0.779898,35,21,20,22,2,0,0,0,82,26,16,12
2026/02/03/14:25:46,2436.109525,0.938187,0.760764,0.986688,0.779898,35,21,20,22,2,0,0,0,82,26,16,12
2026/02/03/14:25:47,2437.109677,0.938187,0.760764,0.986688,0.779898,35,21,20,22,2,0,0,0,82,26,16,12
2026/02/03/14:25:48,2438.109796,0.938187,0.760764,0.986688,0.779898,35,21,20,22,2,0,0,0,82,26,16,12
2026/02/03/14:25:49,2439.109888,0.938187,0.760764,0.986688,0.779898,35,21,20,22,2,0,0,0,82,26,16,12
2026/02/03/14:25:50,2440.110022,0.933125,0.750484,0.981625,0.769618,34,21,20,22,2,0,0,0,83,26,16,12
2026/02/03/14:25:51,2441.110168,0.933125,0.750484,0.981625,0.769618,34,21,20,22,2,0,0,0,83,26,16,12
2026/02/03/14:25:52,2442.110306,0.933125,0.750484,0.981625,0.769618,34,21,20,22,2,0,0,0,83,26,16,12
2026/02/03/14:25:53,2443.110398,0.933125,0.750484,0.981625,0.769618,34,21,20,22,2,0,0,0,83,26,16,12
2026/02/03/14:25:54,2444.110485,0.933125,0.750484,0.981625,0.769618,34,21,20,22,2,0,0,0,83,26,16,12
2026/02/03/14:25:55,2445.110612,0.933125,0.750484,0.981625,0.769618,34,21,20,22,2,0,0,0,83,26,16,12
2026/02/03/14:25:56,2446.110719,0.933125,0.750484,0.981625,0.769618,34,21,20,22,2,0,0,0,83,26,16,12
2026/02/03/14:25:57,2447.110844,0.933125,0.750484,0.981625,0.769618,34,21,20,22,2,0,0,0,83,26,16,12
2026/02/03/14:25:58,2448.110930,0.933125,0.750484,0.981625,0.769618,34,21,20,22,2,0,0,0,83,26,16,12
2026/02/03/14:25:59,2449.111037,0.933125,0.750484,0.981625,0.769618,34,21,20,22,2,0,0,0,83,26,16,12
2026/02/03/14:26:00,2450.111117,0.933125,0.750484,0.981625,0.769618,34,21,20,22,2,0,0,0,83,26,16,12
2026/02/03/14:26:01,2451.111257,0.933125,0.750484,0.981625,0.769618,34,21,20,22,2,0,0,0,83,26,16,12
2026/02/03/14:26:02,2452.111336,0.933125,0.750484,0.981625,0.769618,34,21,20,22,2,0,0,0,83,26,16,12
2026/02/03/14:26:03,2453.111435,0.933125,0.750484,0.981625,0.769618,34,21,20,22,2,0,0,0,83,26,16,12
2026/02/03/14:26:04,2454.111499,0.933125,0.750484,0.981625,0.769618,34,21,20,22,2,0,0,0,83,26,16,12
2026/02/03/14:26:05,2455.111581,0.933125,0.750484,0.981625,0.769618,34,21,20,22,2,0,0,0,83,26,16,12
2026/02/03/14:26:06,2456.111666,0.933125,0.750484,0.981625,0.769618,34,21,20,22,2,0,0,0,83,26,16,12
2026/02/03/14:26:07,2457.111756,0.933125,0.750484,0.981625,0.769618,34,21,20,22,2,0,0,0,83,26,16,12
2026/02/03/14:26:08,2458.111862,0.933125,0.750484,0.981625,0.769618,34,21,20,22,2,0,0,0,83,26,16,12
2026/02/03/14:26:09,2459.111968,0.933125,0.750484,0.981625,0.769618,34,21,20,22,2,0,0,0,83,26,16,12
2026/02/03/14:26:10,2460.112098,0.933125,0.750484,0.981625,0.769618,34,21,20,22,2,0,0,0,83,26,16,12
2026/02/03/14:26:11,2461.112241,0.933125,0.750484,0.981625,0.769618,34,21,20,22,2,0,0,0,83,26,16,12
2026/02/03/14:26:12,2462.112319,0.933125,0.750484,0.981625,0.769618,34,21,20,22,2,0,0,0,83,26,16,12
2026/02/03/14:26:13,2463.112405,0.933125,0.750484,0.981625,0.769618,34,21,20,22,2,0,0,0,83,26,16,12
2026/02/03/14:26:14,2464.112495,0.933125,0.750484,0.981625,0.769618,34,21,20,22,2,0,0,0,83,26,16,12
2026/02/03/14:26:15,2465.112638,0.933125,0.750484,0.981625,0.769618,34,21,20,22,2,0,0,0,83,26,16,12
2026/02/03/14:26:16,2466.112781,0.933125,0.750484,0.981625,0.769618,34,21,20,22,2,0,0,0,83,26,16,12
2026/02/03/14:26:17,2467.112877,0.933125,0.750484,0.981625,0.769618,34,21,20,22,2,0,0,0,83,26,16,12
2026/02/03/14:26:18,2468.171658,0.933125,0.750484,0.981625,0.769618,34,21,20,22,2,0,0,0,83,26,16,12
2026/02/03/14:26:19,2469.290371,0.933125,0.750484,0.981625,0.769618,34,21,20,22,2,0,0,0,83,26,16,12
2026/02/03/14:26:21,2470.994725,0.933125,0.750484,0.981625,0.769618,34,21,20,22,2,0,0,0,83,26,16,12
2026/02/03/14:26:23,2473.089210,0.933125,0.750484,0.981625,0.769618,34,21,20,22,2,0,0,0,83,26,16,12
2026/02/03/14:26:25,2475.191552,0.933125,0.750484,0.981625,0.769618,34,21,20,22,2,0,0,0,83,26,16,12
2026/02/03/14:26:26,2476.979811,0.933125,0.750484,0.933125,0.750484,34,21,20,22,0,0,0,0,83,26,16,12
2026/02/03/14:26:29,2479.589199,0.933125,0.750484,0.933125,0.750484,34,21,20,22,0,0,0,0,83,26,16,12
2026/02/03/14:26:32,2482.390357,0.933125,0.750484,0.933125,0.750484,34,21,20,22,0,0,0,0,83,26,16,12
2026/02/03/14:26:33,2483.456109,0.933125,0.750484,0.933125,0.750484,34,21,20,22,0,0,0,0,83,26,16,12
2026/02/03/14:26:34,2484.456239,0.933125,0.750484,0.933125,0.750484,34,21,20,22,0,0,0,0,83,26,16,12
2026/02/03/14:26:35,2485.456375,0.933125,0.750484,0.933125,0.750484,34,21,20,22,0,0,0,0,83,26,16,12
2026/02/03/14:26:36,2486.456484,0.933125,0.750484,0.933125,0.750484,34,21,20,22,0,0,0,0,83,26,16,12
2026/02/03/14:26:37,2487.456648,0.933125,0.750484,0.933125,0.750484,34,21,20,22,0,0,0,0,83,26,16,12
2026/02/03/14:26:38,2488.456756,0.933125,0.750484,0.933125,0.750484,34,21,20,22,0,0,0,0,83,26,16,12
2026/02/03/14:26:39,2489.456882,0.933125,0.750484,0.933125,0.750484,34,21,20,22,0,0,0,0,83,26,16,12
2026/02/03/14:26:40,2490.457033,0.933125,0.750484,0.933125,0.750484,34,21,20,22,0,0,0,0,83,26,16,12
2026/02/03/14:26:41,2491.457194,0.933125,0.750484,0.933125,0.750484,34,21,20,22,0,0,0,0,83,26,16,12
2026/02/03/14:26:42,2492.457293,0.933125,0.750484,0.933125,0.750484,34,21,20,22,0,0,0,0,83,26,16,12
2026/02/03/14:26:43,2493.457447,0.933125,0.750484,0.933125,0.750484,34,21,20,22,0,0,0,0,83,26,16,12
2026/02/03/14:26:44,2494.457541,0.933125,0.750484,0.933125,0.750484,34,21,20,22,0,0,0,0,83,26,16,12
2026/02/03/14:26:45,2495.457632,0.933125,0.750484,0.933125,0.750484,34,21,20,22,0,0,0,0,83,26,16,12
2026/02/03/14:26:46,2496.457731,0.933125,0.750484,0.933125,0.750484,34,21,20,22,0,0,0,0,83,26,16,12
2026/02/03/14:26:47,2497.457914,0.933125,0.750484,0.933125,0.750484,34,21,20,22,0,0,0,0,83,26,16,12
2026/02/03/14:26:48,2498.458012,0.933125,0.750484,0.933125,0.750484,34,21,20,22,0,0,0,0,83,26,16,12
2026/02/03/14:26:49,2499.458104,0.933125,0.750484,0.933125,0.750484,34,21,20,22,0,0,0,0,83,26,16,12
2026/02/03/14:26:50,2500.458208,0.933125,0.750484,0.933125,0.750484,34,21,20,22,0,0,0,0,83,26,16,12
2026/02/03/14:26:51,2501.458307,0.933125,0.750484,0.933125,0.750484,34,21,20,22,0,0,0,0,83,26,16,12
2026/02/03/14:26:52,2502.458424,0.933125,0.750484,0.933125,0.750484,34,21,20,22,0,0,0,0,83,26,16,12
2026/02/03/14:26:53,2503.458532,0.933125,0.750484,0.933125,0.750484,34,21,20,22,0,0,0,0,83,26,16,12
2026/02/03/14:26:54,2504.458663,0.933125,0.750484,0.933125,0.750484,34,21,20,22,0,0,0,0,83,26,16,12
2026/02/03/14:26:55,2505.458777,0.933125,0.750484,0.933125,0.750484,34,21,20,22,0,0,0,0,83,26,16,12
2026/02/03/14:26:56,2506.458916,0.933125,0.750484,0.933125,0.750484,34,21,20,22,0,0,0,0,83,26,16,12
2026/02/03/14:26:57,2507.459103,0.933125,0.750484,0.933125,0.750484,34,21,20,22,0,0,0,0,83,26,16,12
2026/02/03/14:26:58,2508.459222,0.933125,0.750484,0.933125,0.750484,34,21,20,22,0,0,0,0,83,26,16,12
2026/02/03/14:26:59,2509.459331,0.933125,0.750484,0.933125,0.750484,34,21,20,22,0,0,0,0,83,26,16,12
2026/02/03/14:27:00,2510.459439,0.933125,0.750484,0.933125,0.750484,34,21,20,22,0,0,0,0,83,26,16,12
2026/02/03/14:27:01,2511.459615,0.933125,0.750484,0.933125,0.750484,34,21,20,22,0,0,0,0,83,26,16,12
2026/02/03/14:27:02,2512.459769,0.933125,0.750484,0.933125,0.750484,34,21,20,22,0,0,0,0,83,26,16,12
2026/02/03/14:27:03,2513.459870,0.933125,0.750484,0.933125,0.750484,34,21,20,22,0,0,0,0,83,26,16,12
2026/02/03/14:27:04,2514.459968,0.933125,0.750484,0.933125,0.750484,34,21,20,22,0,0,0,0,83,26,16,12
2026/02/03/14:27:05,2515.460114,0.933125,0.750484,0.933125,0.750484,34,21,20,22,0,0,0,0,83,26,16,12
2026/02/03/14:27:06,2516.460255,0.933125,0.750484,0.933125,0.750484,34,21,20,22,0,0,0,0,83,26,16,12
2026/02/03/14:27:07,2517.460417,0.933125,0.750484,0.933125,0.750484,34,21,20,22,0,0,0,0,83,26,16,12
2026/02/03/14:27:08,2518.460517,0.933125,0.750484,0.933125,0.750484,34,21,20,22,0,0,0,0,83,26,16,12
2026/02/03/14:27:09,2519.460675,0.933125,0.750484,0.933125,0.750484,34,21,20,22,0,0,0,0,83,26,16,12
2026/02/03/14:27:10,2520.460771,0.933125,0.750484,0.933125,0.750484,34,21,20,22,0,0,0,0,83,26,16,12
2026/02/03/14:27:11,2521.460866,0.933125,0.750484,0.933125,0.750484,34,21,20,22,0,0,0,0,83,26,16,12
2026/02/03/14:27:12,2522.460972,0.933125,0.750484,0.933125,0.750484,34,21,20,22,0,0,0,0,83,26,16,12
2026/02/03/14:27:13,2523.461053,0.933125,0.750484,0.933125,0.750484,34,21,20,22,0,0,0,0,83,26,16,12
2026/02/03/14:27:14,2524.461201,0.933125,0.750484,0.933125,0.750484,34,21,20,22,0,0,0,0,83,26,16,12
2026/02/03/14:27:15,2525.461321,0.933125,0.750484,0.933125,0.750484,34,21,20,22,0,0,0,0,83,26,16,12
2026/02/03/14:27:16,2526.461433,0.933125,0.750484,0.933125,0.750484,34,21,20,22,0,0,0,0,83,26,16,12
2026/02/03/14:27:17,2527.461533,0.933125,0.750484,0.933125,0.750484,34,21,20,22,0,0,0,0,83,26,16,12
2026/02/03/14:27:18,2528.461632,0.933125,0.750484,0.933125,0.750484,34,21,20,22,0,0,0,0,83,26,16,12
2026/02/03/14:27:19,2529.461785,0.933125,0.750484,0.933125,0.750484,34,21,20,22,0,0,0,0,83,26,16,12
2026/02/03/14:27:20,2530.461879,0.933125,0.750484,0.933125,0.750484,34,21,20,22,0,0,0,0,83,26,16,12
2026/02/03/14:27:21,2531.461980,0.933125,0.750484,0.933125,0.750484,34,21,20,22,0,0,0,0,83,26,16,12
2026/02/03/14:27:22,2532.462075,0.933125,0.750484,0.933125,0.750484,34,21,20,22,0,0,0,0,83,26,16,12
2026/02/03/14:27:23,2533.462231,0.933125,0.750484,0.933125,0.750484,34,21,20,22,0,0,0,0,83,26,16,12
2026/02/03/14:27:24,2534.462405,0.933125,0.750484,0.933125,0.750484,34,21,20,22,0,0,0,0,83,26,16,12
2026/02/03/14:27:25,2535.462561,0.933125,0.750484,0.933125,0.750484,34,21,20,22,0,0,0,0,83,26,16,12
2026/02/03/14:27:26,2536.462711,0.933125,0.750484,0.933125,0.750484,34,21,20,22,0,0,0,0,83,26,16,12
2026/02/03/14:27:27,2537.462867,0.933125,0.750484,0.933125,0.750484,34,21,20,22,0,0,0,0,83,26,16,12
2026/02/03/14:27:28,2538.463005,0.933125,0.750484,0.933125,0.750484,34,21,20,22,0,0,0,0,83,26,16,12
2026/02/03/14:27:29,2539.463158,0.933125,0.750484,0.933125,0.750484,34,21,20,22,0,0,0,0,83,26,16,12
2026/02/03/14:27:30,2540.463263,0.933125,0.750484,0.933125,0.750484,34,21,20,22,0,0,0,0,83,26,16,12
2026/02/03/14:27:31,2541.463378,0.933125,0.750484,0.933125,0.750484,34,21,20,22,0,0,0,0,83,26,16,12
2026/02/03/14:27:32,2542.463420,0.933125,0.750484,0.933125,0.750484,34,21,20,22,0,0,0,0,83,26,16,12
2026/02/03/14:27:33,2543.463533,0.933125,0.750484,0.933125,0.750484,34,21,20,22,0,0,0,0,83,26,16,12
2026/02/03/14:27:34,2544.463629,0.933125,0.750484,0.933125,0.750484,34,21,20,22,0,0,0,0,83,26,16,12
2026/02/03/14:27:35,2545.463767,0.933125,0.750484,0.933125,0.750484,34,21,20,22,0,0,0,0,83,26,16,12
2026/02/03/14:27:36,2546.463871,0.933125,0.750484,0.933125,0.750484,34,21,20,22,0,0,0,0,83,26,16,12
2026/02/03/14:27:37,2547.463971,0.933125,0.750484,0.933125,0.750484,34,21,20,22,0,0,0,0,83,26,16,12
2026/02/03/14:27:38,2548.464066,0.933125,0.750484,0.933125,0.750484,34,21,20,22,0,0,0,0,83,26,16,12
2026/02/03/14:27:39,2549.464171,0.933125,0.750484,0.933125,0.750484,34,21,20,22,0,0,0,0,83,26,16,12
2026/02/03/14:27:40,2550.464260,0.933125,0.750484,0.933125,0.750484,34,21,20,22,0,0,0,0,83,26,16,12
2026/02/03/14:27:41,2551.464468,0.933125,0.750484,0.933125,0.750484,34,21,20,22,0,0,0,0,83,26,16,12
2026/02/03/14:27:42,2552.464508,0.933125,0.750484,0.933125,0.750484,34,21,20,22,0,0,0,0,83,26,16,12
2026/02/03/14:27:43,2553.464603,0.933125,0.750484,0.933125,0.750484,34,21,20,22,0,0,0,0,83,26,16,12
2026/02/03/14:27:44,2554.464756,0.933125,0.750484,0.933125,0.750484,34,21,20,22,0,0,0,0,83,26,16,12
2026/02/03/14:27:45,2555.464859,0.933125,0.750484,0.933125,0.750484,34,21,20,22,0,0,0,0,83,26,16,12
2026/02/03/14:27:46,2556.464959,0.933125,0.750484,0.933125,0.750484,34,21,20,22,0,0,0,0,83,26,16,12
2026/02/03/14:27:47,2557.465061,0.933125,0.750484,0.933125,0.750484,34,21,20,22,0,0,0,0,83,26,16,12
2026/02/03/14:27:48,2558.465190,0.933125,0.750484,0.933125,0.750484,34,21,20,22,0,0,0,0,83,26,16,12
2026/02/03/14:27:49,2559.465275,0.933125,0.750484,0.933125,0.750484,34,21,20,22,0,0,0,0,83,26,16,12
2026/02/03/14:27:50,2560.465406,0.933125,0.750484,0.933125,0.750484,34,21,20,22,0,0,0,0,83,26,16,12
2026/02/03/14:27:51,2561.465504,0.933125,0.750484,0.933125,0.750484,34,21,20,22,0,0,0,0,83,26,16,12
2026/02/03/14:27:52,2562.465594,0.933125,0.750484,0.933125,0.750484,34,21,20,22,0,0,0,0,83,26,16,12
2026/02/03/14:27:53,2563.465697,0.933125,0.750484,0.933125,0.750484,34,21,20,22,0,0,0,0,83,26,16,12
2026/02/03/14:27:54,2564.465793,0.933125,0.750484,0.933125,0.750484,34,21,20,22,0,0,0,0,83,26,16,12
2026/02/03/14:27:55,2565.465884,0.933125,0.750484,0.933125,0.750484,34,21,20,22,0,0,0,0,83,26,16,12
2026/02/03/14:27:56,2566.465985,0.933125,0.750484,0.933125,0.750484,34,21,20,22,0,0,0,0,83,26,16,12
2026/02/03/14:27:57,2567.466146,0.933125,0.750484,0.933125,0.750484,34,21,20,22,0,0,0,0,83,26,16,12
2026/02/03/14:27:58,2568.466252,0.933125,0.750484,0.933125,0.750484,34,21,20,22,0,0,0,0,83,26,16,12
2026/02/03/14:27:59,2569.466361,0.933125,0.750484,0.933125,0.750484,34,21,20,22,0,0,0,0,83,26,16,12
2026/02/03/14:28:00,2570.466454,0.933125,0.750484,0.933125,0.750484,34,21,20,22,0,0,0,0,83,26,16,12
2026/02/03/14:28:01,2571.466535,0.933125,0.750484,0.933125,0.750484,34,21,20,22,0,0,0,0,83,26,16,12
2026/02/03/14:28:02,2572.466631,0.933125,0.750484,0.933125,0.750484,34,21,20,22,0,0,0,0,83,26,16,12
2026/02/03/14:28:03,2573.466730,0.933125,0.750484,0.933125,0.750484,34,21,20,22,0,0,0,0,83,26,16,12
2026/02/03/14:28:04,2574.466823,0.933125,0.750484,0.933125,0.750484,34,21,20,22,0,0,0,0,83,26,16,12
2026/02/03/14:28:05,2575.466918,0.933125,0.750484,0.933125,0.750484,34,21,20,22,0,0,0,0,83,26,16,12
2026/02/03/14:28:06,2576.467068,0.933125,0.750484,0.933125,0.750484,34,21,20,22,0,0,0,0,83,26,16,12
2026/02/03/14:28:07,2577.467166,0.933125,0.750484,0.933125,0.750484,34,21,20,22,0,0,0,0,83,26,16,12
2026/02/03/14:28:08,2578.467375,0.933125,0.750484,0.933125,0.750484,34,21,20,22,0,0,0,0,83,26,16,12
2026/02/03/14:28:09,2579.467438,0.933125,0.750484,0.933125,0.750484,34,21,20,22,0,0,0,0,83,26,16,12
2026/02/03/14:28:10,2580.467586,0.933125,0.750484,0.933125,0.750484,34,21,20,22,0,0,0,0,83,26,16,12
2026/02/03/14:28:11,2581.467682,0.933125,0.750484,0.933125,0.750484,34,21,20,22,0,0,0,0,83,26,16,12
2026/02/03/14:28:12,2582.467817,0.933125,0.750484,0.933125,0.750484,34,21,20,22,0,0,0,0,83,26,16,12
2026/02/03/14:28:13,2583.467957,0.933125,0.750484,0.933125,0.750484,34,21,20,22,0,0,0,0,83,26,16,12
2026/02/03/14:28:14,2584.468052,0.933125,0.750484,0.933125,0.750484,34,21,20,22,0,0,0,0,83,26,16,12
2026/02/03/14:28:15,2585.468210,0.933125,0.750484,0.933125,0.750484,34,21,20,22,0,0,0,0,83,26,16,12
2026/02/03/14:28:16,2586.468391,0.933125,0.750484,0.933125,0.750484,34,21,20,22,0,0,0,0,83,26,16,12
2026/02/03/14:28:17,2587.468524,0.933125,0.750484,0.933125,0.750484,34,21,20,22,0,0,0,0,83,26,16,12
2026/02/03/14:28:18,2588.468634,0.933125,0.750484,0.933125,0.750484,34,21,20,22,0,0,0,0,83,26,16,12
2026/02/03/14:28:19,2589.468804,0.933125,0.750484,0.933125,0.750484,34,21,20,22,0,0,0,0,83,26,16,12
2026/02/03/14:28:20,2590.468953,0.933125,0.750484,0.933125,0.750484,34,21,20,22,0,0,0,0,83,26,16,12
2026/02/03/14:28:21,2591.469058,0.933125,0.750484,0.933125,0.750484,34,21,20,22,0,0,0,0,83,26,16,12
2026/02/03/14:28:22,2592.469221,0.933125,0.750484,0.933125,0.750484,34,21,20,22,0,0,0,0,83,26,16,12
2026/02/03/14:28:23,2593.469400,0.933125,0.750484,0.933125,0.750484,34,21,20,22,0,0,0,0,83,26,16,12
2026/02/03/14:28:24,2594.469447,0.945500,0.762215,0.958250,0.792409,36,21,20,22,2,0,0,0,83,26,16,12
2026/02/03/14:28:25,2595.469541,0.945500,0.762215,0.958250,0.792409,36,21,20,22,2,0,0,0,83,26,16,12
2026/02/03/14:28:26,2596.469636,0.945500,0.762215,0.958250,0.792409,36,21,20,22,2,0,0,0,83,26,16,12
2026/02/03/14:28:27,2597.469735,0.945500,0.762215,0.958250,0.792409,36,21,20,22,2,0,0,0,83,26,16,12
2026/02/03/14:28:28,2598.469839,0.945500,0.762215,0.958250,0.792409,36,21,20,22,2,0,0,0,83,26,16,12
2026/02/03/14:28:29,2599.469999,0.945500,0.762215,0.958250,0.792409,36,21,20,22,2,0,0,0,83,26,16,12
2026/02/03/14:28:30,2600.470095,0.945500,0.762215,0.958250,0.792409,36,21,20,22,2,0,0,0,83,26,16,12
2026/02/03/14:28:31,2601.470187,0.945500,0.762215,0.958250,0.792409,36,21,20,22,2,0,0,0,83,26,16,12
2026/02/03/14:28:32,2602.470319,0.945500,0.762215,0.958250,0.792409,36,21,20,22,2,0,0,0,83,26,16,12
2026/02/03/14:28:33,2603.470426,0.945500,0.762215,0.958250,0.792409,36,21,20,22,2,0,0,0,83,26,16,12
2026/02/03/14:28:34,2604.470524,0.945500,0.762215,0.958250,0.792409,36,21,20,22,2,0,0,0,83,26,16,12
2026/02/03/14:28:35,2605.470620,0.945500,0.762215,0.958250,0.792409,36,21,20,22,2,0,0,0,83,26,16,12
2026/02/03/14:28:36,2606.470711,0.945500,0.762215,0.958250,0.792409,36,21,20,22,2,0,0,0,83,26,16,12
2026/02/03/14:28:37,2607.470819,0.945500,0.762215,0.958250,0.792409,36,21,20,22,2,0,0,0,83,26,16,12
2026/02/03/14:28:38,2608.470924,0.945500,0.762215,0.958250,0.792409,36,21,20,22,2,0,0,0,83,26,16,12
2026/02/03/14:28:39,2609.471025,0.945500,0.762215,0.958250,0.792409,36,21,20,22,2,0,0,0,83,26,16,12
2026/02/03/14:28:40,2610.471178,0.945500,0.762215,0.958250,0.792409,36,21,20,22,2,0,0,0,83,26,16,12
2026/02/03/14:28:41,2611.471289,0.945500,0.762215,0.958250,0.792409,36,21,20,22,2,0,0,0,83,26,16,12
2026/02/03/14:28:42,2612.471421,0.945500,0.762215,0.958250,0.792409,36,21,20,22,2,0,0,0,83,26,16,12
2026/02/03/14:28:43,2613.471537,0.945500,0.762215,0.958250,0.792409,36,21,20,22,2,0,0,0,83,26,16,12
2026/02/03/14:28:44,2614.471993,0.945500,0.762215,0.958250,0.792409,36,21,20,22,2,0,0,0,83,26,16,12
2026/02/03/14:28:45,2615.472488,0.945500,0.762215,0.958250,0.792409,36,21,20,22,2,0,0,0,83,26,16,12
2026/02/03/14:28:46,2616.472592,0.945500,0.762215,0.958250,0.792409,36,21,20,22,2,0,0,0,83,26,16,12
2026/02/03/14:28:47,2617.472746,0.945500,0.762215,0.958250,0.792409,36,21,20,22,2,0,0,0,83,26,16,12
2026/02/03/14:28:48,2618.473095,0.945500,0.762215,0.958250,0.792409,36,21,20,22,2,0,0,0,83,26,16,12
2026/02/03/14:28:49,2619.473205,0.945500,0.762215,0.958250,0.792409,36,21,20,22,2,0,0,0,83,26,16,12
2026/02/03/14:28:50,2620.473306,0.945500,0.762215,0.958250,0.792409,36,21,20,22,2,0,0,0,83,26,16,12
2026/02/03/14:28:51,2621.473449,0.945500,0.762215,0.958250,0.792409,36,21,20,22,2,0,0,0,83,26,16,12
2026/02/03/14:28:52,2622.473543,0.945500,0.762215,0.958250,0.792409,36,21,20,22,2,0,0,0,83,26,16,12
2026/02/03/14:28:53,2623.473642,0.945500,0.762215,0.958250,0.792409,36,21,20,22,2,0,0,0,83,26,16,12
2026/02/03/14:28:54,2624.473740,0.945500,0.762215,0.958250,0.792409,36,21,20,22,2,0,0,0,83,26,16,12
2026/02/03/14:28:55,2625.473866,0.945500,0.762215,0.945500,0.762215,36,21,20,22,0,0,0,0,83,26,16,12
2026/02/03/14:28:56,2626.473953,0.945500,0.762215,0.945500,0.762215,36,21,20,22,0,0,0,0,83,26,16,12
2026/02/03/14:28:57,2627.474060,0.945500,0.762215,0.945500,0.762215,36,21,20,22,0,0,0,0,83,26,16,12
2026/02/03/14:28:58,2628.474203,0.945500,0.762215,0.945500,0.762215,36,21,20,22,0,0,0,0,83,26,16,12
2026/02/03/14:28:59,2629.474419,0.945500,0.762215,0.945500,0.762215,36,21,20,22,0,0,0,0,83,26,16,12
2026/02/03/14:29:00,2630.474480,0.945500,0.762215,0.945500,0.762215,36,21,20,22,0,0,0,0,83,26,16,12
2026/02/03/14:29:01,2631.474591,0.945500,0.762215,0.945500,0.762215,36,21,20,22,0,0,0,0,83,26,16,12
2026/02/03/14:29:02,2632.474696,0.945500,0.762215,0.945500,0.762215,36,21,20,22,0,0,0,0,83,26,16,12
2026/02/03/14:29:03,2633.482426,0.945500,0.762215,0.945500,0.762215,36,21,20,22,0,0,0,0,83,26,16,12
2026/02/03/14:29:04,2634.482539,0.945500,0.762215,0.945500,0.762215,36,21,20,22,0,0,0,0,83,26,16,12
2026/02/03/14:29:05,2635.482629,0.945500,0.762215,0.945500,0.762215,36,21,20,22,0,0,0,0,83,26,16,12
2026/02/03/14:29:06,2636.482733,0.945500,0.762215,0.945500,0.762215,36,21,20,22,0,0,0,0,83,26,16,12
2026/02/03/14:29:07,2637.482857,0.945500,0.762215,0.945500,0.762215,36,21,20,22,0,0,0,0,83,26,16,12
2026/02/03/14:29:08,2638.482952,0.945500,0.762215,0.945500,0.762215,36,21,20,22,0,0,0,0,83,26,16,12
2026/02/03/14:29:09,2639.483040,0.945500,0.762215,0.945500,0.762215,36,21,20,22,0,0,0,0,83,26,16,12
2026/02/03/14:29:10,2640.483173,0.945500,0.762215,0.945500,0.762215,36,21,20,22,0,0,0,0,83,26,16,12
2026/02/03/14:29:11,2641.483273,0.945500,0.762215,0.945500,0.762215,36,21,20,22,0,0,0,0,83,26,16,12
2026/02/03/14:29:12,2642.483391,0.945500,0.762215,0.945500,0.762215,36,21,20,22,0,0,0,0,83,26,16,12
2026/02/03/14:29:13,2643.483429,0.945500,0.762215,0.945500,0.762215,36,21,20,22,0,0,0,0,83,26,16,12
2026/02/03/14:29:14,2644.483539,0.945500,0.762215,0.945500,0.762215,36,21,20,22,0,0,0,0,83,26,16,12
2026/02/03/14:29:15,2645.483612,0.945500,0.762215,0.945500,0.762215,36,21,20,22,0,0,0,0,83,26,16,12
2026/02/03/14:29:16,2646.483727,0.945500,0.762215,0.945500,0.762215,36,21,20,22,0,0,0,0,83,26,16,12
2026/02/03/14:29:17,2647.483814,0.945500,0.762215,0.945500,0.762215,36,21,20,22,0,0,0,0,83,26,16,12
2026/02/03/14:29:18,2648.483914,0.945500,0.762215,0.945500,0.762215,36,21,20,22,0,0,0,0,83,26,16,12
2026/02/03/14:29:19,2649.484032,0.945500,0.762215,0.945500,0.762215,36,21,20,22,0,0,0,0,83,26,16,12
2026/02/03/14:29:20,2650.484092,0.945500,0.762215,0.945500,0.762215,36,21,20,22,0,0,0,0,83,26,16,12
2026/02/03/14:29:21,2651.484195,0.945500,0.762215,0.945500,0.762215,36,21,20,22,0,0,0,0,83,26,16,12
2026/02/03/14:29:22,2652.484356,0.945500,0.762215,0.945500,0.762215,36,21,20,22,0,0,0,0,83,26,16,12
2026/02/03/14:29:23,2653.484440,0.945500,0.762215,0.945500,0.762215,36,21,20,22,0,0,0,0,83,26,16,12
2026/02/03/14:29:24,2654.484600,0.945500,0.762215,0.945500,0.762215,36,21,20,22,0,0,0,0,83,26,16,12
2026/02/03/14:29:25,2655.484695,0.945500,0.762215,0.945500,0.762215,36,21,20,22,0,0,0,0,83,26,16,12
2026/02/03/14:29:26,2656.484786,0.945500,0.762215,0.945500,0.762215,36,21,20,22,0,0,0,0,83,26,16,12
2026/02/03/14:29:27,2657.484878,0.945500,0.762215,0.945500,0.762215,36,21,20,22,0,0,0,0,83,26,16,12
2026/02/03/14:29:28,2658.484969,0.945500,0.762215,0.945500,0.762215,36,21,20,22,0,0,0,0,83,26,16,12
2026/02/03/14:29:29,2659.485054,0.945500,0.762215,0.945500,0.762215,36,21,20,22,0,0,0,0,83,26,16,12
2026/02/03/14:29:30,2660.485154,0.945500,0.762215,0.945500,0.762215,36,21,20,22,0,0,0,0,83,26,16,12
2026/02/03/14:29:31,2661.485260,0.945500,0.762215,0.945500,0.762215,36,21,20,22,0,0,0,0,83,26,16,12
2026/02/03/14:29:32,2662.485340,0.945500,0.762215,0.945500,0.762215,36,21,20,22,0,0,0,0,83,26,16,12
2026/02/03/14:29:33,2663.485408,0.945500,0.762215,0.945500,0.762215,36,21,20,22,0,0,0,0,83,26,16,12
2026/02/03/14:29:34,2664.485525,0.945500,0.762215,0.945500,0.762215,36,21,20,22,0,0,0,0,83,26,16,12
2026/02/03/14:29:35,2665.485629,0.945500,0.762215,0.945500,0.762215,36,21,20,22,0,0,0,0,83,26,16,12
2026/02/03/14:29:36,2666.485720,0.945500,0.762215,0.945500,0.762215,36,21,20,22,0,0,0,0,83,26,16,12
2026/02/03/14:29:37,2667.485813,0.945500,0.762215,0.945500,0.762215,36,21,20,22,0,0,0,0,83,26,16,12
2026/02/03/14:29:38,2668.485912,0.945500,0.762215,0.945500,0.762215,36,21,20,22,0,0,0,0,83,26,16,12
2026/02/03/14:29:39,2669.486014,0.945500,0.762215,0.945500,0.762215,36,21,20,22,0,0,0,0,83,26,16,12
2026/02/03/14:29:40,2670.486107,0.945500,0.762215,0.945500,0.762215,36,21,20,22,0,0,0,0,83,26,16,12
2026/02/03/14:29:41,2671.486249,0.945500,0.762215,0.945500,0.762215,36,21,20,22,0,0,0,0,83,26,16,12
2026/02/03/14:29:42,2672.486363,0.945500,0.762215,0.945500,0.762215,36,21,20,22,0,0,0,0,83,26,16,12
2026/02/03/14:29:43,2673.486413,0.945500,0.762215,0.945500,0.762215,36,21,20,22,0,0,0,0,83,26,16,12
2026/02/03/14:29:44,2674.486521,0.945500,0.762215,0.945500,0.762215,36,21,20,22,0,0,0,0,83,26,16,12
2026/02/03/14:29:45,2675.486605,0.945500,0.762215,0.945500,0.762215,36,21,20,22,0,0,0,0,83,26,16,12
2026/02/03/14:29:46,2676.486705,0.945500,0.762215,0.945500,0.762215,36,21,20,22,0,0,0,0,83,26,16,12
2026/02/03/14:29:47,2677.486817,0.945500,0.762215,0.945500,0.762215,36,21,20,22,0,0,0,0,83,26,16,12
2026/02/03/14:29:48,2678.486907,0.945500,0.762215,0.945500,0.762215,36,21,20,22,0,0,0,0,83,26,16,12
2026/02/03/14:29:49,2679.487085,0.945500,0.762215,0.945500,0.762215,36,21,20,22,0,0,0,0,83,26,16,12
2026/02/03/14:29:50,2680.487170,0.945500,0.762215,0.945500,0.762215,36,21,20,22,0,0,0,0,83,26,16,12
2026/02/03/14:29:51,2681.487264,0.945500,0.762215,0.945500,0.762215,36,21,20,22,0,0,0,0,83,26,16,12
2026/02/03/14:29:52,2682.487366,0.945500,0.762215,0.945500,0.762215,36,21,20,22,0,0,0,0,83,26,16,12
2026/02/03/14:29:53,2683.487453,0.945500,0.762215,0.945500,0.762215,36,21,20,22,0,0,0,0,83,26,16,12
2026/02/03/14:29:54,2684.487544,0.945500,0.762215,0.945500,0.762215,36,21,20,22,0,0,0,0,83,26,16,12
2026/02/03/14:29:55,2685.487710,0.945500,0.762215,0.945500,0.762215,36,21,20,22,0,0,0,0,83,26,16,12
2026/02/03/14:29:56,2686.487827,0.945500,0.762215,0.945500,0.762215,36,21,20,22,0,0,0,0,83,26,16,12
2026/02/03/14:29:57,2687.487910,0.945500,0.762215,0.945500,0.762215,36,21,20,22,0,0,0,0,83,26,16,12
2026/02/03/14:29:58,2688.488060,0.945500,0.762215,0.945500,0.762215,36,21,20,22,0,0,0,0,83,26,16,12
2026/02/03/14:29:59,2689.488190,0.945500,0.762215,0.945500,0.762215,36,21,20,22,0,0,0,0,83,26,16,12
2026/02/03/14:30:00,2690.488284,0.945500,0.762215,0.945500,0.762215,36,21,20,22,0,0,0,0,83,26,16,12
2026/02/03/14:30:01,2691.488411,0.945500,0.762215,0.945500,0.762215,36,21,20,22,0,0,0,0,83,26,16,12
2026/02/03/14:30:02,2692.488497,0.945500,0.762215,0.945500,0.762215,36,21,20,22,0,0,0,0,83,26,16,12
2026/02/03/14:30:03,2693.488585,0.945500,0.762215,0.945500,0.762215,36,21,20,22,0,0,0,0,83,26,16,12
2026/02/03/14:30:04,2694.488661,0.945500,0.762215,0.945500,0.762215,36,21,20,22,0,0,0,0,83,26,16,12
2026/02/03/14:30:05,2695.488760,0.945500,0.762215,0.945500,0.762215,36,21,20,22,0,0,0,0,83,26,16,12
2026/02/03/14:30:06,2696.488851,0.945500,0.762215,0.945500,0.762215,36,21,20,22,0,0,0,0,83,26,16,12
2026/02/03/14:30:07,2697.488937,0.945500,0.762215,0.945500,0.762215,36,21,20,22,0,0,0,0,83,26,16,12
2026/02/03/14:30:08,2698.489065,0.945500,0.762215,0.945500,0.762215,36,21,20,22,0,0,0,0,83,26,16,12
2026/02/03/14:30:09,2699.489126,0.945500,0.762215,0.945500,0.762215,36,21,20,22,0,0,0,0,83,26,16,12
2026/02/03/14:30:10,2700.489209,0.945500,0.762215,0.945500,0.762215,36,21,20,22,0,0,0,0,83,26,16,12
2026/02/03/14:30:11,2701.489330,0.945500,0.762215,0.945500,0.762215,36,21,20,22,0,0,0,0,83,26,16,12
2026/02/03/14:30:12,2702.489415,0.945500,0.762215,0.945500,0.762215,36,21,20,22,0,0,0,0,83,26,16,12
2026/02/03/14:30:13,2703.489512,0.945500,0.762215,0.945500,0.762215,36,21,20,22,0,0,0,0,83,26,16,12
2026/02/03/14:30:14,2704.489602,0.945500,0.762215,0.945500,0.762215,36,21,20,22,0,0,0,0,83,26,16,12
2026/02/03/14:30:15,2705.489683,0.945500,0.762215,0.945500,0.762215,36,21,20,22,0,0,0,0,83,26,16,12
2026/02/03/14:30:16,2706.489786,0.945500,0.762215,0.945500,0.762215,36,21,20,22,0,0,0,0,83,26,16,12
2026/02/03/14:30:17,2707.489880,0.945500,0.762215,0.945500,0.762215,36,21,20,22,0,0,0,0,83,26,16,12
2026/02/03/14:30:18,2708.489971,0.945500,0.762215,0.945500,0.762215,36,21,20,22,0,0,0,0,83,26,16,12
2026/02/03/14:30:19,2709.490086,0.945500,0.762215,0.945500,0.762215,36,21,20,22,0,0,0,0,83,26,16,12
2026/02/03/14:30:20,2710.490135,0.945500,0.762215,0.945500,0.762215,36,21,20,22,0,0,0,0,83,26,16,12
2026/02/03/14:30:21,2711.490223,0.945500,0.762215,0.945500,0.762215,36,21,20,22,0,0,0,0,83,26,16,12
2026/02/03/14:30:22,2712.490372,0.945500,0.762215,0.945500,0.762215,36,21,20,22,0,0,0,0,83,26,16,12
2026/02/03/14:30:23,2713.490460,0.945500,0.762215,0.945500,0.762215,36,21,20,22,0,0,0,0,83,26,16,12
2026/02/03/14:30:24,2714.490543,0.945500,0.762215,0.945500,0.762215,36,21,20,22,0,0,0,0,83,26,16,12
2026/02/03/14:30:25,2715.490657,0.945500,0.762215,0.945500,0.762215,36,21,20,22,0,0,0,0,83,26,16,12
2026/02/03/14:30:26,2716.490739,0.945500,0.762215,0.945500,0.762215,36,21,20,22,0,0,0,0,83,26,16,12
2026/02/03/14:30:27,2717.490842,0.945500,0.762215,0.945500,0.762215,36,21,20,22,0,0,0,0,83,26,16,12
2026/02/03/14:30:28,2718.490939,0.945500,0.762215,0.945500,0.762215,36,21,20,22,0,0,0,0,83,26,16,12
2026/02/03/14:30:29,2719.491074,0.945500,0.762215,0.945500,0.762215,36,21,20,22,0,0,0,0,83,26,16,12
2026/02/03/14:30:30,2720.491162,0.945500,0.762215,0.945500,0.762215,36,21,20,22,0,0,0,0,83,26,16,12
2026/02/03/14:30:31,2721.491269,0.945500,0.762215,0.945500,0.762215,36,21,20,22,0,0,0,0,83,26,16,12
2026/02/03/14:30:32,2722.491372,0.945500,0.762215,0.945500,0.762215,36,21,20,22,0,0,0,0,83,26,16,12
2026/02/03/14:30:33,2723.491420,0.945500,0.762215,0.945500,0.762215,36,21,20,22,0,0,0,0,83,26,16,12
2026/02/03/14:30:34,2724.491528,0.945500,0.762215,0.945500,0.762215,36,21,20,22,0,0,0,0,83,26,16,12
2026/02/03/14:30:35,2725.491611,0.945500,0.762215,0.945500,0.762215,36,21,20,22,0,0,0,0,83,26,16,12
2026/02/03/14:30:36,2726.491729,0.945500,0.762215,0.945500,0.762215,36,21,20,22,0,0,0,0,83,26,16,12
2026/02/03/14:30:37,2727.491816,0.945500,0.762215,0.945500,0.762215,36,21,20,22,0,0,0,0,83,26,16,12
2026/02/03/14:30:38,2728.491914,0.945500,0.762215,0.945500,0.762215,36,21,20,22,0,0,0,0,83,26,16,12
2026/02/03/14:30:39,2729.492067,0.945500,0.762215,0.945500,0.762215,36,21,20,22,0,0,0,0,83,26,16,12
2026/02/03/14:30:40,2730.492168,0.945500,0.762215,0.945500,0.762215,36,21,20,22,0,0,0,0,83,26,16,12
2026/02/03/14:30:41,2731.492274,0.945500,0.762215,0.945500,0.762215,36,21,20,22,0,0,0,0,83,26,16,12
2026/02/03/14:30:42,2732.492384,0.945500,0.762215,0.945500,0.762215,36,21,20,22,0,0,0,0,83,26,16,12
2026/02/03/14:30:43,2733.492425,0.945500,0.762215,0.945500,0.762215,36,21,20,22,0,0,0,0,83,26,16,12
2026/02/03/14:30:44,2734.492498,0.945500,0.762215,0.945500,0.762215,36,21,20,22,0,0,0,0,83,26,16,12
2026/02/03/14:30:45,2735.492629,0.945500,0.762215,0.945500,0.762215,36,21,20,22,0,0,0,0,83,26,16,12
2026/02/03/14:30:46,2736.492730,0.945500,0.762215,0.945500,0.762215,36,21,20,22,0,0,0,0,83,26,16,12
2026/02/03/14:30:47,2737.492822,0.945500,0.762215,0.945500,0.762215,36,21,20,22,0,0,0,0,83,26,16,12
2026/02/03/14:30:48,2738.492907,0.945500,0.762215,0.945500,0.762215,36,21,20,22,0,0,0,0,83,26,16,12
2026/02/03/14:30:49,2739.493023,0.945500,0.762215,0.945500,0.762215,36,21,20,22,0,0,0,0,83,26,16,12
2026/02/03/14:30:50,2740.493135,0.945500,0.762215,0.945500,0.762215,36,21,20,22,0,0,0,0,83,26,16,12
2026/02/03/14:30:51,2741.493234,0.945500,0.762215,0.945500,0.762215,36,21,20,22,0,0,0,0,83,26,16,12
2026/02/03/14:30:52,2742.493319,0.945500,0.762215,0.945500,0.762215,36,21,20,22,0,0,0,0,83,26,16,12
2026/02/03/14:30:53,2743.493407,0.945500,0.762215,0.945500,0.762215,36,21,20,22,0,0,0,0,83,26,16,12
2026/02/03/14:30:54,2744.493521,0.945500,0.762215,0.945500,0.762215,36,21,20,22,0,0,0,0,83,26,16,12
2026/02/03/14:30:55,2745.493620,0.945500,0.762215,0.945500,0.762215,36,21,20,22,0,0,0,0,83,26,16,12
2026/02/03/14:30:56,2746.493710,0.945500,0.762215,0.945500,0.762215,36,21,20,22,0,0,0,0,83,26,16,12
2026/02/03/14:30:57,2747.493812,0.945500,0.762215,0.945500,0.762215,36,21,20,22,0,0,0,0,83,26,16,12
2026/02/03/14:30:58,2748.493918,0.923750,0.751455,0.923750,0.751455,36,21,18,22,0,0,0,0,83,26,18,12
2026/02/03/14:30:59,2749.494047,0.923750,0.751455,0.923750,0.751455,36,21,18,22,0,0,0,0,83,26,18,12
2026/02/03/14:31:00,2750.494122,0.923750,0.751455,0.923750,0.751455,36,21,18,22,0,0,0,0,83,26,18,12
2026/02/03/14:31:01,2751.494226,0.923750,0.751455,0.923750,0.751455,36,21,18,22,0,0,0,0,83,26,18,12
2026/02/03/14:31:02,2752.494321,0.923750,0.751455,0.923750,0.751455,36,21,18,22,0,0,0,0,83,26,18,12
2026/02/03/14:31:03,2753.494409,0.923750,0.751455,0.923750,0.751455,36,21,18,22,0,0,0,0,83,26,18,12
2026/02/03/14:31:04,2754.494570,0.923750,0.751455,0.923750,0.751455,36,21,18,22,0,0,0,0,83,26,18,12
2026/02/03/14:31:05,2755.494663,0.923750,0.751455,0.923750,0.751455,36,21,18,22,0,0,0,0,83,26,18,12
2026/02/03/14:31:06,2756.494745,0.923750,0.751455,0.923750,0.751455,36,21,18,22,0,0,0,0,83,26,18,12
2026/02/03/14:31:07,2757.494917,0.923750,0.751455,0.923750,0.751455,36,21,18,22,0,0,0,0,83,26,18,12
2026/02/03/14:31:08,2758.495009,0.923750,0.751455,0.923750,0.751455,36,21,18,22,0,0,0,0,83,26,18,12
2026/02/03/14:31:09,2759.495109,0.923750,0.751455,0.923750,0.751455,36,21,18,22,0,0,0,0,83,26,18,12
2026/02/03/14:31:10,2760.495200,0.923750,0.751455,0.923750,0.751455,36,21,18,22,0,0,0,0,83,26,18,12
2026/02/03/14:31:11,2761.495296,0.923750,0.751455,0.923750,0.751455,36,21,18,22,0,0,0,0,83,26,18,12
2026/02/03/14:31:12,2762.495384,0.923750,0.751455,0.923750,0.751455,36,21,18,22,0,0,0,0,83,26,18,12
2026/02/03/14:31:13,2763.495438,0.923750,0.751455,0.923750,0.751455,36,21,18,22,0,0,0,0,83,26,18,12
2026/02/03/14:31:14,2764.495522,0.923750,0.751455,0.923750,0.751455,36,21,18,22,0,0,0,0,83,26,18,12
2026/02/03/14:31:15,2765.495627,0.923750,0.751455,0.923750,0.751455,36,21,18,22,0,0,0,0,83,26,18,12
2026/02/03/14:31:16,2766.495726,0.923750,0.751455,0.923750,0.751455,36,21,18,22,0,0,0,0,83,26,18,12
2026/02/03/14:31:17,2767.495822,0.923750,0.751455,0.923750,0.751455,36,21,18,22,0,0,0,0,83,26,18,12
2026/02/03/14:31:18,2768.495978,0.923750,0.751455,0.923750,0.751455,36,21,18,22,0,0,0,0,83,26,18,12
2026/02/03/14:31:19,2769.496072,0.923750,0.751455,0.923750,0.751455,36,21,18,22,0,0,0,0,83,26,18,12
2026/02/03/14:31:20,2770.496149,0.919188,0.733089,0.919188,0.733089,36,20,18,22,0,0,0,0,83,27,18,12
2026/02/03/14:31:21,2771.496255,0.919188,0.733089,0.919188,0.733089,36,20,18,22,0,0,0,0,83,27,18,12
2026/02/03/14:31:22,2772.496375,0.919188,0.733089,0.919188,0.733089,36,20,18,22,0,0,0,0,83,27,18,12
2026/02/03/14:31:23,2773.496418,0.919188,0.733089,0.919188,0.733089,36,20,18,22,0,0,0,0,83,27,18,12
2026/02/03/14:31:24,2774.496505,0.919188,0.733089,0.919188,0.733089,36,20,18,22,0,0,0,0,83,27,18,12
2026/02/03/14:31:25,2775.496701,0.919188,0.733089,0.919188,0.733089,36,20,18,22,0,0,0,0,83,27,18,12
2026/02/03/14:31:26,2776.496729,0.919188,0.733089,0.919188,0.733089,36,20,18,22,0,0,0,0,83,27,18,12
2026/02/03/14:31:27,2777.496842,0.919188,0.733089,0.919188,0.733089,36,20,18,22,0,0,0,0,83,27,18,12
2026/02/03/14:31:28,2778.496929,0.919188,0.733089,0.919188,0.733089,36,20,18,22,0,0,0,0,83,27,18,12
2026/02/03/14:31:29,2779.497013,0.919188,0.733089,0.919188,0.733089,36,20,18,22,0,0,0,0,83,27,18,12
2026/02/03/14:31:30,2780.497116,0.919188,0.733089,0.919188,0.733089,36,20,18,22,0,0,0,0,83,27,18,12
2026/02/03/14:31:31,2781.497191,0.919188,0.733089,0.919188,0.733089,36,20,18,22,0,0,0,0,83,27,18,12
2026/02/03/14:31:32,2782.497286,0.919188,0.733089,0.919188,0.733089,36,20,18,22,0,0,0,0,83,27,18,12
2026/02/03/14:31:33,2783.497399,0.919188,0.733089,0.919188,0.733089,36,20,18,22,0,0,0,0,83,27,18,12
2026/02/03/14:31:34,2784.497488,0.919188,0.733089,0.919188,0.733089,36,20,18,22,0,0,0,0,83,27,18,12
2026/02/03/14:31:35,2785.497579,0.919188,0.733089,0.919188,0.733089,36,20,18,22,0,0,0,0,83,27,18,12
2026/02/03/14:31:36,2786.497674,0.919188,0.733089,0.919188,0.733089,36,20,18,22,0,0,0,0,83,27,18,12
2026/02/03/14:31:37,2787.497785,0.919188,0.733089,0.919188,0.733089,36,20,18,22,0,0,0,0,83,27,18,12
2026/02/03/14:31:38,2788.497858,0.919188,0.733089,0.919188,0.733089,36,20,18,22,0,0,0,0,83,27,18,12
2026/02/03/14:31:39,2789.498013,0.919188,0.733089,0.919188,0.733089,36,20,18,22,0,0,0,0,83,27,18,12
2026/02/03/14:31:40,2790.498074,0.919188,0.733089,0.919188,0.733089,36,20,18,22,0,0,0,0,83,27,18,12
2026/02/03/14:31:41,2791.498147,0.919188,0.733089,0.919188,0.733089,36,20,18,22,0,0,0,0,83,27,18,12
2026/02/03/14:31:42,2792.498263,0.919188,0.733089,0.919188,0.733089,36,20,18,22,0,0,0,0,83,27,18,12
2026/02/03/14:31:43,2793.498378,0.919188,0.733089,0.919188,0.733089,36,20,18,22,0,0,0,0,83,27,18,12
2026/02/03/14:31:44,2794.498458,0.919188,0.733089,0.919188,0.733089,36,20,18,22,0,0,0,0,83,27,18,12
2026/02/03/14:31:45,2795.498532,0.919188,0.733089,0.919188,0.733089,36,20,18,22,0,0,0,0,83,27,18,12
2026/02/03/14:31:46,2796.498618,0.919188,0.733089,0.919188,0.733089,36,20,18,22,0,0,0,0,83,27,18,12
2026/02/03/14:31:47,2797.498762,0.919188,0.733089,0.919188,0.733089,36,20,18,22,0,0,0,0,83,27,18,12
2026/02/03/14:31:48,2798.498861,0.919188,0.733089,0.919188,0.733089,36,20,18,22,0,0,0,0,83,27,18,12
2026/02/03/14:31:49,2799.498996,0.919188,0.733089,0.919188,0.733089,36,20,18,22,0,0,0,0,83,27,18,12
2026/02/03/14:31:50,2800.499108,0.919188,0.733089,0.919188,0.733089,36,20,18,22,0,0,0,0,83,27,18,12
2026/02/03/14:31:51,2801.499257,0.919188,0.733089,0.919188,0.733089,36,20,18,22,0,0,0,0,83,27,18,12
2026/02/03/14:31:52,2802.499358,0.919188,0.733089,0.919188,0.733089,36,20,18,22,0,0,0,0,83,27,18,12
2026/02/03/14:31:53,2803.499434,0.919188,0.733089,0.919188,0.733089,36,20,18,22,0,0,0,0,83,27,18,12
2026/02/03/14:31:54,2804.499571,0.919188,0.733089,0.919188,0.733089,36,20,18,22,0,0,0,0,83,27,18,12
2026/02/03/14:31:55,2805.499678,0.919188,0.733089,0.919188,0.733089,36,20,18,22,0,0,0,0,83,27,18,12
2026/02/03/14:31:56,2806.499768,0.919188,0.733089,0.919188,0.733089,36,20,18,22,0,0,0,0,83,27,18,12
2026/02/03/14:31:57,2807.499867,0.919188,0.733089,0.919188,0.733089,36,20,18,22,0,0,0,0,83,27,18,12
2026/02/03/14:31:58,2808.499969,0.919188,0.733089,0.919188,0.733089,36,20,18,22,0,0,0,0,83,27,18,12
2026/02/03/14:31:59,2809.500066,0.919188,0.733089,0.919188,0.733089,36,20,18,22,0,0,0,0,83,27,18,12
2026/02/03/14:32:00,2810.500145,0.919188,0.733089,0.919188,0.733089,36,20,18,22,0,0,0,0,83,27,18,12
2026/02/03/14:32:01,2811.500237,0.919188,0.733089,0.919188,0.733089,36,20,18,22,0,0,0,0,83,27,18,12
2026/02/03/14:32:02,2812.500306,0.919188,0.733089,0.919188,0.733089,36,20,18,22,0,0,0,0,83,27,18,12
2026/02/03/14:32:03,2813.500422,0.919188,0.733089,0.919188,0.733089,36,20,18,22,0,0,0,0,83,27,18,12
2026/02/03/14:32:04,2814.500496,0.919188,0.733089,0.919188,0.733089,36,20,18,22,0,0,0,0,83,27,18,12
2026/02/03/14:32:05,2815.500615,0.919188,0.733089,0.919188,0.733089,36,20,18,22,0,0,0,0,83,27,18,12
2026/02/03/14:32:06,2816.500674,0.919188,0.733089,0.919188,0.733089,36,20,18,22,0,0,0,0,83,27,18,12
2026/02/03/14:32:07,2817.500779,0.919188,0.733089,0.919188,0.733089,36,20,18,22,0,0,0,0,83,27,18,12
2026/02/03/14:32:08,2818.500916,0.919188,0.733089,0.919188,0.733089,36,20,18,22,0,0,0,0,83,27,18,12
2026/02/03/14:32:09,2819.500999,0.919188,0.733089,0.919188,0.733089,36,20,18,22,0,0,0,0,83,27,18,12
2026/02/03/14:32:10,2820.501098,0.919188,0.733089,0.919188,0.733089,36,20,18,22,0,0,0,0,83,27,18,12
2026/02/03/14:32:11,2821.501191,0.919188,0.733089,0.919188,0.733089,36,20,18,22,0,0,0,0,83,27,18,12
2026/02/03/14:32:12,2822.501266,0.919188,0.733089,0.919188,0.733089,36,20,18,22,0,0,0,0,83,27,18,12
2026/02/03/14:32:13,2823.501426,0.919188,0.733089,0.919188,0.733089,36,20,18,22,0,0,0,0,83,27,18,12
2026/02/03/14:32:14,2824.501542,0.919188,0.733089,0.919188,0.733089,36,20,18,22,0,0,0,0,83,27,18,12
2026/02/03/14:32:15,2825.501663,0.919188,0.733089,0.919188,0.733089,36,20,18,22,0,0,0,0,83,27,18,12
2026/02/03/14:32:16,2826.501823,0.919188,0.733089,0.919188,0.733089,36,20,18,22,0,0,0,0,83,27,18,12
2026/02/03/14:32:17,2827.501920,0.919188,0.733089,0.919188,0.733089,36,20,18,22,0,0,0,0,83,27,18,12
2026/02/03/14:32:18,2828.502070,0.919188,0.733089,0.919188,0.733089,36,20,18,22,0,0,0,0,83,27,18,12
2026/02/03/14:32:19,2829.502162,0.919188,0.733089,0.919188,0.733089,36,20,18,22,0,0,0,0,83,27,18,12
2026/02/03/14:32:20,2830.502303,0.919188,0.733089,0.919188,0.733089,36,20,18,22,0,0,0,0,83,27,18,12
2026/02/03/14:32:21,2831.502583,0.919188,0.733089,0.919188,0.733089,36,20,18,22,0,0,0,0,83,27,18,12
2026/02/03/14:32:22,2832.502731,0.919188,0.733089,0.919188,0.733089,36,20,18,22,0,0,0,0,83,27,18,12
2026/02/03/14:32:23,2833.503578,0.919188,0.733089,0.919188,0.733089,36,20,18,22,0,0,0,0,83,27,18,12
2026/02/03/14:32:24,2834.503671,0.919188,0.733089,0.919188,0.733089,36,20,18,22,0,0,0,0,83,27,18,12
2026/02/03/14:32:25,2835.503769,0.919188,0.733089,0.919188,0.733089,36,20,18,22,0,0,0,0,83,27,18,12
2026/02/03/14:32:26,2836.503906,0.919188,0.733089,0.919188,0.733089,36,20,18,22,0,0,0,0,83,27,18,12
2026/02/03/14:32:27,2837.504016,0.919188,0.733089,0.919188,0.733089,36,20,18,22,0,0,0,0,83,27,18,12
2026/02/03/14:32:28,2838.504107,0.919188,0.733089,0.919188,0.733089,36,20,18,22,0,0,0,0,83,27,18,12
2026/02/03/14:32:29,2839.504211,0.919188,0.733089,0.919188,0.733089,36,20,18,22,0,0,0,0,83,27,18,12
2026/02/03/14:32:30,2840.504305,0.919188,0.733089,0.919188,0.733089,36,20,18,22,0,0,0,0,83,27,18,12
2026/02/03/14:32:31,2841.504419,0.919188,0.733089,0.919188,0.733089,36,20,18,22,0,0,0,0,83,27,18,12
2026/02/03/14:32:32,2842.504533,0.919188,0.733089,0.919188,0.733089,36,20,18,22,0,0,0,0,83,27,18,12
2026/02/03/14:32:33,2843.504743,0.919188,0.733089,0.919188,0.733089,36,20,18,22,0,0,0,0,83,27,18,12
2026/02/03/14:32:34,2844.504786,0.919188,0.733089,0.919188,0.733089,36,20,18,22,0,0,0,0,83,27,18,12
2026/02/03/14:32:35,2845.504867,0.919188,0.733089,0.919188,0.733089,36,20,18,22,0,0,0,0,83,27,18,12
2026/02/03/14:32:36,2846.504954,0.919188,0.733089,0.919188,0.733089,36,20,18,22,0,0,0,0,83,27,18,12
2026/02/03/14:32:37,2847.505066,0.919188,0.733089,0.919188,0.733089,36,20,18,22,0,0,0,0,83,27,18,12
2026/02/03/14:32:38,2848.505148,0.919188,0.733089,0.919188,0.733089,36,20,18,22,0,0,0,0,83,27,18,12
2026/02/03/14:32:39,2849.505493,0.919188,0.733089,0.919188,0.733089,36,20,18,22,0,0,0,0,83,27,18,12
2026/02/03/14:32:40,2850.505583,0.919188,0.733089,0.919188,0.733089,36,20,18,22,0,0,0,0,83,27,18,12
2026/02/03/14:32:41,2851.505738,0.919188,0.733089,0.919188,0.733089,36,20,18,22,0,0,0,0,83,27,18,12
2026/02/03/14:32:42,2852.505826,0.919188,0.733089,0.919188,0.733089,36,20,18,22,0,0,0,0,83,27,18,12
2026/02/03/14:32:43,2853.505964,0.919188,0.733089,0.919188,0.733089,36,20,18,22,0,0,0,0,83,27,18,12
2026/02/03/14:32:44,2854.506125,0.919188,0.733089,0.919188,0.733089,36,20,18,22,0,0,0,0,83,27,18,12
2026/02/03/14:32:45,2855.506209,0.919188,0.733089,0.919188,0.733089,36,20,18,22,0,0,0,0,83,27,18,12
2026/02/03/14:32:46,2856.506312,0.919188,0.733089,0.919188,0.733089,36,20,18,22,0,0,0,0,83,27,18,12
2026/02/03/14:32:47,2857.506397,0.919188,0.733089,0.919188,0.733089,36,20,18,22,0,0,0,0,83,27,18,12
2026/02/03/14:32:48,2858.506479,0.919188,0.733089,0.919188,0.733089,36,20,18,22,0,0,0,0,83,27,18,12
2026/02/03/14:32:49,2859.506569,0.919188,0.733089,0.919188,0.733089,36,20,18,22,0,0,0,0,83,27,18,12
2026/02/03/14:32:50,2860.506654,0.919188,0.733089,0.919188,0.733089,36,20,18,22,0,0,0,0,83,27,18,12
2026/02/03/14:32:51,2861.506747,0.919188,0.733089,0.919188,0.733089,36,20,18,22,0,0,0,0,83,27,18,12
2026/02/03/14:32:52,2862.506825,0.919188,0.733089,0.919188,0.733089,36,20,18,22,0,0,0,0,83,27,18,12
2026/02/03/14:32:53,2863.506939,0.919188,0.733089,0.919188,0.733089,36,20,18,22,0,0,0,0,83,27,18,12
2026/02/03/14:32:54,2864.507004,0.919188,0.733089,0.919188,0.733089,36,20,18,22,0,0,0,0,83,27,18,12
2026/02/03/14:32:55,2865.507155,0.919188,0.733089,0.919188,0.733089,36,20,18,22,0,0,0,0,83,27,18,12
2026/02/03/14:32:56,2866.507250,0.919188,0.733089,0.919188,0.733089,36,20,18,22,0,0,0,0,83,27,18,12
2026/02/03/14:32:57,2867.507408,0.919188,0.733089,0.919188,0.733089,36,20,18,22,0,0,0,0,83,27,18,12
2026/02/03/14:32:58,2868.507423,0.919188,0.733089,0.919188,0.733089,36,20,18,22,0,0,0,0,83,27,18,12
2026/02/03/14:32:59,2869.507498,0.919188,0.733089,0.919188,0.733089,36,20,18,22,0,0,0,0,83,27,18,12
2026/02/03/14:33:00,2870.507597,0.919188,0.733089,0.919188,0.733089,36,20,18,22,0,0,0,0,83,27,18,12
2026/02/03/14:33:01,2871.507695,0.919188,0.733089,0.919188,0.733089,36,20,18,22,0,0,0,0,83,27,18,12
2026/02/03/14:33:02,2872.507808,0.919188,0.733089,0.919188,0.733089,36,20,18,22,0,0,0,0,83,27,18,12
2026/02/03/14:33:03,2873.507899,0.919188,0.733089,0.919188,0.733089,36,20,18,22,0,0,0,0,83,27,18,12
2026/02/03/14:33:04,2874.507996,0.919188,0.733089,0.919188,0.733089,36,20,18,22,0,0,0,0,83,27,18,12
2026/02/03/14:33:05,2875.508086,0.919188,0.733089,0.919188,0.733089,36,20,18,22,0,0,0,0,83,27,18,12
2026/02/03/14:33:06,2876.508172,0.919188,0.733089,0.919188,0.733089,36,20,18,22,0,0,0,0,83,27,18,12
2026/02/03/14:33:07,2877.508271,0.919188,0.733089,0.919188,0.733089,36,20,18,22,0,0,0,0,83,27,18,12
2026/02/03/14:33:08,2878.508401,0.919188,0.733089,0.919188,0.733089,36,20,18,22,0,0,0,0,83,27,18,12
2026/02/03/14:33:09,2879.508491,0.919188,0.733089,0.919188,0.733089,36,20,18,22,0,0,0,0,83,27,18,12
2026/02/03/14:33:10,2880.508628,0.919188,0.733089,0.919188,0.733089,36,20,18,22,0,0,0,0,83,27,18,12
2026/02/03/14:33:11,2881.508714,0.919188,0.733089,0.919188,0.733089,36,20,18,22,0,0,0,0,83,27,18,12
2026/02/03/14:33:12,2882.508783,0.919188,0.733089,0.919188,0.733089,36,20,18,22,0,0,0,0,83,27,18,12
2026/02/03/14:33:13,2883.508924,0.919188,0.733089,0.919188,0.733089,36,20,18,22,0,0,0,0,83,27,18,12
2026/02/03/14:33:14,2884.509023,0.919188,0.733089,0.919188,0.733089,36,20,18,22,0,0,0,0,83,27,18,12
2026/02/03/14:33:15,2885.509100,0.919188,0.733089,0.919188,0.733089,36,20,18,22,0,0,0,0,83,27,18,12
2026/02/03/14:33:16,2886.509189,0.952438,0.763930,0.959125,0.768061,36,20,21,24,0,0,0,1,83,27,18,12
2026/02/03/14:33:17,2887.509277,0.952438,0.763930,0.959125,0.768061,36,20,21,24,0,0,0,1,83,27,18,12
2026/02/03/14:33:18,2888.509426,0.939063,0.755667,0.939063,0.755667,36,20,21,22,0,0,0,0,83,27,18,14
2026/02/03/14:33:19,2889.509583,0.939063,0.755667,0.939063,0.755667,36,20,21,22,0,0,0,0,83,27,18,14
2026/02/03/14:33:20,2890.509717,0.939063,0.755667,0.939063,0.755667,36,20,21,22,0,0,0,0,83,27,18,14
2026/02/03/14:33:21,2891.509805,0.939063,0.755667,0.939063,0.755667,36,20,21,22,0,0,0,0,83,27,18,14
2026/02/03/14:33:22,2892.509948,0.939063,0.755667,0.939063,0.755667,36,20,21,22,0,0,0,0,83,27,18,14
2026/02/03/14:33:23,2893.510036,0.939063,0.755667,0.939063,0.755667,36,20,21,22,0,0,0,0,83,27,18,14
2026/02/03/14:33:24,2894.510173,0.939063,0.755667,0.939063,0.755667,36,20,21,22,0,0,0,0,83,27,18,14
2026/02/03/14:33:25,2895.510322,0.939063,0.755667,0.939063,0.755667,36,20,21,22,0,0,0,0,83,27,18,14
2026/02/03/14:33:26,2896.510431,0.939063,0.755667,0.939063,0.755667,36,20,21,22,0,0,0,0,83,27,18,14
2026/02/03/14:33:27,2897.510503,0.947937,0.762896,0.947937,0.762896,38,20,21,22,0,0,0,0,83,27,18,14
2026/02/03/14:33:28,2898.510651,0.951937,0.773017,1.047813,0.817939,38,21,21,22,0,6,1,0,83,27,18,14
2026/02/03/14:33:29,2899.510769,0.951937,0.773017,1.047813,0.817939,38,21,21,22,0,6,1,0,83,27,18,14
2026/02/03/14:33:30,2900.510882,0.951937,0.773017,1.047813,0.817939,38,21,21,22,0,6,1,0,83,27,18,14
2026/02/03/14:33:31,2901.510983,0.951937,0.773017,1.047813,0.817939,38,21,21,22,0,6,1,0,83,27,18,14
2026/02/03/14:33:32,2902.511029,0.951937,0.773017,1.047813,0.817939,38,21,21,22,0,6,1,0,83,27,18,14
2026/02/03/14:33:33,2903.511134,0.951937,0.773017,1.047813,0.817939,38,21,21,22,0,6,1,0,83,27,18,14
2026/02/03/14:33:34,2904.511245,0.951937,0.773017,1.047813,0.817939,38,21,21,22,0,6,1,0,83,27,18,14
2026/02/03/14:33:35,2905.511333,0.951937,0.773017,1.047813,0.817939,38,21,21,22,0,6,1,0,83,27,18,14
2026/02/03/14:33:36,2906.511416,0.951937,0.773017,1.033187,0.811391,38,21,21,22,2,4,0,0,83,27,18,14
2026/02/03/14:33:37,2907.511517,0.951937,0.773017,1.033187,0.811391,38,21,21,22,2,4,0,0,83,27,18,14
2026/02/03/14:33:38,2908.511617,0.951937,0.773017,1.033187,0.811391,38,21,21,22,2,4,0,0,83,27,18,14
2026/02/03/14:33:39,2909.511779,0.951937,0.773017,1.033187,0.811391,38,21,21,22,2,4,0,0,83,27,18,14
2026/02/03/14:33:40,2910.511854,0.951937,0.773017,1.033187,0.811391,38,21,21,22,2,4,0,0,83,27,18,14
2026/02/03/14:33:41,2911.511956,0.947937,0.762896,1.029187,0.801270,38,20,21,22,2,4,0,0,83,28,18,14
2026/02/03/14:33:42,2912.512074,0.947937,0.762896,1.029187,0.801270,38,20,21,22,2,4,0,0,83,28,18,14
2026/02/03/14:33:43,2913.512165,0.947937,0.762896,1.029187,0.801270,38,20,21,22,2,4,0,0,83,28,18,14
2026/02/03/14:33:44,2914.512264,0.947937,0.762896,1.029187,0.801270,38,20,21,22,2,4,0,0,83,28,18,14
2026/02/03/14:33:45,2915.512335,0.947937,0.762896,1.029187,0.801270,38,20,21,22,2,4,0,0,83,28,18,14
2026/02/03/14:33:46,2916.512494,0.947937,0.762896,1.029187,0.801270,38,20,21,22,2,4,0,0,83,28,18,14
2026/02/03/14:33:47,2917.512563,0.947937,0.762896,1.029187,0.801270,38,20,21,22,2,4,0,0,83,28,18,14
2026/02/03/14:33:48,2918.512664,0.947937,0.762896,1.029187,0.801270,38,20,21,22,2,4,0,0,83,28,18,14
2026/02/03/14:33:49,2919.512767,0.947937,0.762896,1.029187,0.801270,38,20,21,22,2,4,0,0,83,28,18,14
2026/02/03/14:33:50,2920.512841,0.947937,0.762896,1.029187,0.801270,38,20,21,22,2,4,0,0,83,28,18,14
2026/02/03/14:33:51,2921.512953,0.945875,0.760650,1.020312,0.794041,36,21,21,22,2,3,0,0,85,28,18,14
2026/02/03/14:33:52,2922.513085,0.945875,0.760650,1.020312,0.794041,36,21,21,22,2,3,0,0,85,28,18,14
2026/02/03/14:33:53,2923.513252,0.968688,0.805655,1.105625,0.891629,39,22,22,22,3,7,0,0,85,28,18,14
2026/02/03/14:33:54,2924.513325,0.972437,0.812544,1.148875,0.987959,39,22,23,22,6,7,4,0,85,28,18,14
2026/02/03/14:33:55,2925.513438,0.973625,0.801531,1.146875,0.954090,36,23,25,22,7,6,2,0,88,28,18,14
2026/02/03/14:33:56,2926.513498,0.973625,0.801531,1.146875,0.954090,36,23,25,22,7,6,2,0,88,28,18,14
2026/02/03/14:33:57,2927.513607,0.973625,0.801531,1.134375,0.942041,36,23,25,22,5,6,2,0,88,28,18,14
2026/02/03/14:33:58,2928.513705,0.973625,0.801531,1.134375,0.942041,36,23,25,22,5,6,2,0,88,28,18,14
2026/02/03/14:33:59,2929.513796,0.973625,0.801531,1.134375,0.942041,36,23,25,22,5,6,2,0,88,28,18,14
2026/02/03/14:34:00,2930.513898,0.963688,0.798228,1.104562,0.932131,36,22,25,22,5,4,2,0,88,29,18,14
2026/02/03/14:34:01,2931.514034,0.971437,0.801820,1.104562,0.932131,37,22,25,22,4,4,2,0,88,29,18,14
2026/02/03/14:34:02,2932.514139,0.971437,0.801820,1.104562,0.932131,37,22,25,22,4,4,2,0,88,29,18,14
2026/02/03/14:34:03,2933.514235,0.971437,0.801820,1.092563,0.932274,37,22,25,22,3,7,2,0,88,29,18,14
2026/02/03/14:34:04,2934.514306,0.974625,0.806037,1.112188,0.960465,37,23,25,22,3,8,3,0,88,29,18,14
2026/02/03/14:34:05,2935.514444,0.974625,0.806037,1.112188,0.960465,37,23,25,22,3,8,3,0,88,29,18,14
2026/02/03/14:34:06,2936.514561,0.974625,0.806037,1.095875,0.936744,37,23,25,22,3,7,3,0,88,29,18,14
2026/02/03/14:34:07,2937.514633,0.974625,0.806037,1.085000,0.927015,37,23,25,22,3,4,3,0,88,29,18,14
2026/02/03/14:34:08,2938.514863,0.974625,0.806037,1.085000,0.927015,37,23,25,22,3,4,3,0,88,29,18,14
2026/02/03/14:34:09,2939.514978,0.971437,0.801820,1.081813,0.922798,37,22,25,22,3,4,3,0,88,30,18,14
2026/02/03/14:34:10,2940.515044,0.971437,0.801820,1.078625,0.901962,37,22,25,22,3,4,2,0,88,30,18,14
2026/02/03/14:34:11,2941.515208,0.971437,0.801820,1.078625,0.901962,37,22,25,22,3,4,2,0,88,30,18,14
2026/02/03/14:34:12,2942.515292,0.971437,0.801820,1.078625,0.901962,37,22,25,22,3,4,2,0,88,30,18,14
2026/02/03/14:34:13,2943.515405,0.971437,0.801820,1.065375,0.898824,37,22,25,22,3,3,2,0,88,30,18,14
2026/02/03/14:34:14,2944.515487,0.971437,0.801820,1.065375,0.898824,37,22,25,22,3,3,2,0,88,30,18,14
2026/02/03/14:34:15,2945.515601,0.971437,0.801820,1.065375,0.898824,37,22,25,22,3,3,2,0,88,30,18,14
2026/02/03/14:34:16,2946.515692,0.971437,0.801820,1.065375,0.898824,37,22,25,22,3,3,2,0,88,30,18,14
2026/02/03/14:34:17,2947.515769,0.971437,0.801820,1.065375,0.898824,37,22,25,22,3,3,2,0,88,30,18,14
2026/02/03/14:34:18,2948.515864,0.971437,0.801820,1.065375,0.898824,37,22,25,22,3,3,2,0,88,30,18,14
2026/02/03/14:34:19,2949.515973,0.971437,0.801820,1.065375,0.898824,37,22,25,22,3,3,2,0,88,30,18,14
2026/02/03/14:34:20,2950.516095,0.971437,0.801820,1.065375,0.898824,37,22,25,22,3,3,2,0,88,30,18,14
2026/02/03/14:34:21,2951.516242,0.971437,0.801820,1.071875,0.907682,37,22,25,22,3,3,2,1,88,30,18,14
2026/02/03/14:34:22,2952.516316,0.971437,0.801820,1.103500,0.940110,37,22,25,22,3,5,4,1,88,30,18,14
2026/02/03/14:34:23,2953.516430,0.971437,0.801820,1.103500,0.940110,37,22,25,22,3,5,4,1,88,30,18,14
2026/02/03/14:34:24,2954.516515,0.971437,0.801820,1.103500,0.940110,37,22,25,22,3,5,4,1,88,30,18,14
2026/02/03/14:34:25,2955.516597,0.971437,0.801820,1.078875,0.924679,37,22,25,22,3,5,2,1,88,30,18,14
2026/02/03/14:34:26,2956.516685,0.971437,0.801820,1.071875,0.907682,37,22,25,22,3,3,2,1,88,30,18,14
2026/02/03/14:34:27,2957.516783,0.971437,0.801820,1.071875,0.907682,37,22,25,22,3,3,2,1,88,30,18,14
2026/02/03/14:34:28,2958.516890,0.971437,0.801820,1.071875,0.907682,37,22,25,22,3,3,2,1,88,30,18,14
2026/02/03/14:34:29,2959.516998,0.971437,0.801820,1.086125,0.953177,37,22,25,22,4,3,2,3,88,30,18,14
2026/02/03/14:34:30,2960.517073,0.971437,0.801820,1.086125,0.953177,37,22,25,22,4,3,2,3,88,30,18,14
2026/02/03/14:34:31,2961.517162,0.971437,0.801820,1.085625,0.920971,37,22,25,22,4,4,2,1,88,30,18,14
2026/02/03/14:34:32,2962.517298,0.971437,0.801820,1.078625,0.913643,37,22,25,22,3,4,2,1,88,30,18,14
2026/02/03/14:34:33,2963.517395,0.971437,0.801820,1.078625,0.913643,37,22,25,22,3,4,2,1,88,30,18,14
2026/02/03/14:34:34,2964.517492,0.971437,0.801820,1.078625,0.913643,37,22,25,22,3,4,2,1,88,30,18,14
2026/02/03/14:34:35,2965.517592,0.971437,0.801820,1.078625,0.913643,37,22,25,22,3,4,2,1,88,30,18,14
2026/02/03/14:34:36,2966.517674,0.971437,0.801820,1.078625,0.913643,37,22,25,22,3,4,2,1,88,30,18,14
2026/02/03/14:34:37,2967.517734,0.971437,0.801820,1.078625,0.913643,37,22,25,22,3,4,2,1,88,30,18,14
2026/02/03/14:34:38,2968.517836,0.963688,0.798228,1.063125,0.906458,36,22,25,22,2,4,2,1,89,30,18,14
2026/02/03/14:34:39,2969.517924,0.963688,0.798228,1.063125,0.906458,36,22,25,22,2,4,2,1,89,30,18,14
2026/02/03/14:34:40,2970.518027,0.963688,0.798228,1.063125,0.906458,36,22,25,22,2,4,2,1,89,30,18,14
2026/02/03/14:34:41,2971.518122,0.963688,0.798228,1.063125,0.906458,36,22,25,22,2,4,2,1,89,30,18,14
2026/02/03/14:34:42,2972.518251,0.963688,0.798228,1.056375,0.900497,36,22,25,22,2,3,2,1,89,30,18,14
2026/02/03/14:34:43,2973.518409,0.963688,0.798228,1.056375,0.900497,36,22,25,22,2,3,2,1,89,30,18,14
2026/02/03/14:34:44,2974.518518,0.963688,0.798228,1.056375,0.900497,36,22,25,22,2,3,2,1,89,30,18,14
2026/02/03/14:34:45,2975.518648,0.969250,0.790367,1.036500,0.877919,36,23,22,23,2,2,2,0,89,30,21,14
2026/02/03/14:34:46,2976.518689,0.974313,0.789558,1.032750,0.869203,37,22,22,23,1,2,2,0,89,31,21,14
2026/02/03/14:34:47,2977.518774,0.974313,0.789558,1.032750,0.869203,37,22,22,23,1,2,2,0,89,31,21,14
2026/02/03/14:34:48,2978.518881,0.975125,0.793496,1.114313,0.881625,36,22,22,25,0,2,5,1,90,31,21,14
2026/02/03/14:34:49,2979.519036,0.975125,0.793496,1.168688,0.920761,36,22,22,25,0,8,5,1,90,31,21,14
2026/02/03/14:34:50,2980.519110,0.975125,0.793496,1.168688,0.920761,36,22,22,25,0,8,5,1,90,31,21,14
2026/02/03/14:34:51,2981.519159,0.973125,0.788158,1.154250,0.902993,36,24,22,23,0,6,5,0,90,31,21,16
2026/02/03/14:34:52,2982.519247,0.975750,0.792314,1.157125,0.997917,36,22,22,25,1,10,2,3,90,33,21,16
2026/02/03/14:34:53,2983.519365,0.975750,0.792314,1.200312,1.021534,36,22,22,25,4,10,4,3,90,33,21,16
2026/02/03/14:34:54,2984.519441,0.975750,0.792314,1.200312,1.021534,36,22,22,25,4,10,4,3,90,33,21,16
2026/02/03/14:34:55,2985.519540,0.975750,0.792314,1.184500,1.017759,36,22,22,25,3,10,4,3,90,33,21,16
2026/02/03/14:34:56,2986.519620,0.975750,0.792314,1.169125,0.999542,36,22,22,25,3,8,4,3,90,33,21,16
2026/02/03/14:34:57,2987.519735,0.975750,0.792314,1.147750,0.996235,36,22,22,25,3,8,4,2,90,33,21,16
2026/02/03/14:34:58,2988.519831,0.975750,0.792314,1.126375,0.992928,36,22,22,25,3,8,4,1,90,33,21,16
2026/02/03/14:34:59,2989.519913,0.975750,0.792314,1.126375,0.992928,36,22,22,25,3,8,4,1,90,33,21,16
2026/02/03/14:35:00,2990.520020,0.975750,0.792314,1.126375,0.992928,36,22,22,25,3,8,4,1,90,33,21,16
2026/02/03/14:35:01,2991.520157,0.975750,0.792314,1.126375,0.992928,36,22,22,25,3,8,4,1,90,33,21,16
2026/02/03/14:35:02,2992.520236,0.975750,0.792314,1.126375,0.992928,36,22,22,25,3,8,4,1,90,33,21,16
2026/02/03/14:35:03,2993.520417,0.975750,0.792314,1.126375,0.992928,36,22,22,25,3,8,4,1,90,33,21,16
2026/02/03/14:35:04,2994.520564,0.975750,0.792314,1.126375,0.992928,36,22,22,25,3,8,4,1,90,33,21,16
2026/02/03/14:35:05,2995.520697,0.975750,0.792314,1.126375,0.992928,36,22,22,25,3,8,4,1,90,33,21,16
2026/02/03/14:35:06,2996.520806,0.975750,0.792314,1.126375,0.992928,36,22,22,25,3,8,4,1,90,33,21,16
2026/02/03/14:35:07,2997.520878,0.975750,0.792314,1.126375,0.992928,36,22,22,25,3,8,4,1,90,33,21,16
2026/02/03/14:35:08,2998.520965,0.975750,0.792314,1.126375,0.992928,36,22,22,25,3,8,4,1,90,33,21,16
2026/02/03/14:35:09,2999.521060,0.975750,0.792314,1.126375,0.992928,36,22,22,25,3,8,4,1,90,33,21,16
2026/02/03/14:35:10,3000.521153,0.975750,0.792314,1.126375,0.992928,36,22,22,25,3,8,4,1,90,33,21,16
2026/02/03/14:35:11,3001.521244,0.974375,0.788788,1.119875,0.984070,36,22,22,25,3,8,4,0,90,33,21,17
2026/02/03/14:35:12,3002.521405,0.974375,0.788788,1.110125,0.913518,36,22,22,25,3,5,4,0,90,33,21,17
2026/02/03/14:35:13,3003.521542,0.974375,0.788788,1.110125,0.913518,36,22,22,25,3,5,4,0,90,33,21,17
2026/02/03/14:35:14,3004.521663,0.974375,0.788788,1.110125,0.913518,36,22,22,25,3,5,4,0,90,33,21,17
2026/02/03/14:35:15,3005.521772,0.974375,0.788788,1.110125,0.913518,36,22,22,25,3,5,4,0,90,33,21,17
2026/02/03/14:35:16,3006.521863,0.974375,0.788788,1.110125,0.913518,36,22,22,25,3,5,4,0,90,33,21,17
2026/02/03/14:35:17,3007.521931,0.974375,0.788788,1.110125,0.913518,36,22,22,25,3,5,4,0,90,33,21,17
2026/02/03/14:35:18,3008.522036,0.974375,0.788788,1.110125,0.913518,36,22,22,25,3,5,4,0,90,33,21,17
2026/02/03/14:35:19,3009.522141,0.974375,0.788788,1.110125,0.913518,36,22,22,25,3,5,4,0,90,33,21,17
2026/02/03/14:35:20,3010.522229,0.974375,0.788788,1.110125,0.913518,36,22,22,25,3,5,4,0,90,33,21,17
2026/02/03/14:35:21,3011.522336,0.964437,0.775571,1.100188,0.900300,36,22,22,22,3,5,4,0,90,33,21,20
2026/02/03/14:35:22,3012.522410,0.970313,0.779159,1.100188,0.900300,37,22,22,22,2,5,4,0,90,33,21,20
2026/02/03/14:35:23,3013.522484,0.970313,0.779159,1.100188,0.900300,37,22,22,22,2,5,4,0,90,33,21,20
2026/02/03/14:35:24,3014.522596,0.970313,0.779159,1.100188,0.900300,37,22,22,22,2,5,4,0,90,33,21,20
2026/02/03/14:35:25,3015.522718,0.970313,0.779159,1.100188,0.900300,37,22,22,22,2,5,4,0,90,33,21,20
2026/02/03/14:35:26,3016.522861,0.970313,0.779159,1.100188,0.900300,37,22,22,22,2,5,4,0,90,33,21,20
2026/02/03/14:35:27,3017.522948,0.970313,0.779159,1.100188,0.900300,37,22,22,22,2,5,4,0,90,33,21,20
2026/02/03/14:35:28,3018.523107,0.970313,0.779159,1.100188,0.900300,37,22,22,22,2,5,4,0,90,33,21,20
2026/02/03/14:35:29,3019.523265,0.970313,0.779159,1.100188,0.900300,37,22,22,22,2,5,4,0,90,33,21,20
2026/02/03/14:35:30,3020.523378,0.970313,0.779159,1.100188,0.900300,37,22,22,22,2,5,4,0,90,33,21,20
2026/02/03/14:35:31,3021.523456,0.970313,0.779159,1.100188,0.900300,37,22,22,22,2,5,4,0,90,33,21,20
2026/02/03/14:35:32,3022.523548,0.970313,0.779159,1.100188,0.900300,37,22,22,22,2,5,4,0,90,33,21,20
2026/02/03/14:35:33,3023.523646,0.970313,0.779159,1.100188,0.900300,37,22,22,22,2,5,4,0,90,33,21,20
2026/02/03/14:35:34,3024.523738,0.970313,0.779159,1.100188,0.900300,37,22,22,22,2,5,4,0,90,33,21,20
2026/02/03/14:35:35,3025.523828,0.970313,0.779159,1.100188,0.900300,37,22,22,22,2,5,4,0,90,33,21,20
2026/02/03/14:35:36,3026.523920,0.959063,0.758492,1.088937,0.879633,37,22,19,22,2,5,4,0,90,33,24,20
2026/02/03/14:35:37,3027.524008,0.959063,0.758492,1.088937,0.879633,37,22,19,22,2,5,4,0,90,33,24,20
2026/02/03/14:35:38,3028.524123,0.959063,0.758492,1.088937,0.879633,37,22,19,22,2,5,4,0,90,33,24,20
2026/02/03/14:35:39,3029.524225,0.959063,0.758492,1.088937,0.879633,37,22,19,22,2,5,4,0,90,33,24,20
2026/02/03/14:35:40,3030.524376,0.959063,0.758492,1.088937,0.879633,37,22,19,22,2,5,4,0,90,33,24,20
2026/02/03/14:35:41,3031.524479,0.959063,0.758492,1.088937,0.879633,37,22,19,22,2,5,4,0,90,33,24,20
2026/02/03/14:35:42,3032.524615,0.959063,0.758492,1.088937,0.879633,37,22,19,22,2,5,4,0,90,33,24,20
2026/02/03/14:35:43,3033.524717,0.959063,0.758492,1.088937,0.879633,37,22,19,22,2,5,4,0,90,33,24,20
2026/02/03/14:35:44,3034.524796,0.959063,0.758492,1.088937,0.879633,37,22,19,22,2,5,4,0,90,33,24,20
2026/02/03/14:35:45,3035.524899,0.959063,0.758492,1.088937,0.879633,37,22,19,22,2,5,4,0,90,33,24,20
2026/02/03/14:35:46,3036.525002,0.959063,0.758492,1.088937,0.879633,37,22,19,22,2,5,4,0,90,33,24,20
2026/02/03/14:35:47,3037.525114,0.959063,0.758492,1.088937,0.879633,37,22,19,22,2,5,4,0,90,33,24,20
2026/02/03/14:35:48,3038.525225,0.959063,0.758492,1.088937,0.879633,37,22,19,22,2,5,4,0,90,33,24,20
2026/02/03/14:35:49,3039.525334,0.959063,0.758492,1.088937,0.879633,37,22,19,22,2,5,4,0,90,33,24,20
2026/02/03/14:35:50,3040.525439,0.959063,0.758492,1.088937,0.879633,37,22,19,22,2,5,4,0,90,33,24,20
2026/02/03/14:35:51,3041.525550,0.959063,0.758492,1.088937,0.879633,37,22,19,22,2,5,4,0,90,33,24,20
2026/02/03/14:35:52,3042.525631,0.959063,0.758492,1.088937,0.879633,37,22,19,22,2,5,4,0,90,33,24,20
2026/02/03/14:35:53,3043.525734,0.959063,0.758492,1.088937,0.879633,37,22,19,22,2,5,4,0,90,33,24,20
2026/02/03/14:35:54,3044.525877,0.959063,0.758492,1.088937,0.879633,37,22,19,22,2,5,4,0,90,33,24,20
2026/02/03/14:35:55,3045.526030,0.959063,0.758492,1.088937,0.879633,37,22,19,22,2,5,4,0,90,33,24,20
2026/02/03/14:35:56,3046.526184,0.959063,0.758492,1.088937,0.879633,37,22,19,22,2,5,4,0,90,33,24,20
2026/02/03/14:35:57,3047.526261,0.959063,0.758492,1.088937,0.879633,37,22,19,22,2,5,4,0,90,33,24,20
2026/02/03/14:35:58,3048.526381,0.959063,0.758492,1.088937,0.879633,37,22,19,22,2,5,4,0,90,33,24,20
2026/02/03/14:35:59,3049.526415,0.959063,0.758492,1.088937,0.879633,37,22,19,22,2,5,4,0,90,33,24,20
2026/02/03/14:36:00,3050.526536,0.959063,0.758492,1.088937,0.879633,37,22,19,22,2,5,4,0,90,33,24,20
2026/02/03/14:36:01,3051.526676,0.959063,0.758492,1.088937,0.879633,37,22,19,22,2,5,4,0,90,33,24,20
2026/02/03/14:36:02,3052.526770,0.959063,0.758492,1.088937,0.879633,37,22,19,22,2,5,4,0,90,33,24,20
2026/02/03/14:36:03,3053.526978,0.959063,0.758492,1.088937,0.879633,37,22,19,22,2,5,4,0,90,33,24,20
2026/02/03/14:36:04,3054.527012,0.959063,0.758492,1.088937,0.879633,37,22,19,22,2,5,4,0,90,33,24,20
2026/02/03/14:36:05,3055.527142,0.959063,0.758492,1.088937,0.879633,37,22,19,22,2,5,4,0,90,33,24,20
2026/02/03/14:36:06,3056.527234,0.959063,0.758492,1.088937,0.879633,37,22,19,22,2,5,4,0,90,33,24,20
2026/02/03/14:36:07,3057.527333,0.959063,0.758492,1.088937,0.879633,37,22,19,22,2,5,4,0,90,33,24,20
2026/02/03/14:36:08,3058.527488,0.959063,0.758492,1.088937,0.879633,37,22,19,22,2,5,4,0,90,33,24,20
2026/02/03/14:36:09,3059.527591,0.959063,0.758492,1.088937,0.879633,37,22,19,22,2,5,4,0,90,33,24,20
2026/02/03/14:36:10,3060.527744,0.959063,0.758492,1.088937,0.879633,37,22,19,22,2,5,4,0,90,33,24,20
2026/02/03/14:36:11,3061.527852,0.959063,0.758492,1.088937,0.879633,37,22,19,22,2,5,4,0,90,33,24,20
2026/02/03/14:36:12,3062.527946,0.959063,0.758492,1.088937,0.879633,37,22,19,22,2,5,4,0,90,33,24,20
2026/02/03/14:36:13,3063.528054,0.959063,0.758492,1.088937,0.879633,37,22,19,22,2,5,4,0,90,33,24,20
2026/02/03/14:36:14,3064.528144,0.959063,0.758492,1.088937,0.879633,37,22,19,22,2,5,4,0,90,33,24,20
2026/02/03/14:36:15,3065.528249,0.959063,0.758492,1.088937,0.879633,37,22,19,22,2,5,4,0,90,33,24,20
2026/02/03/14:36:16,3066.528355,0.959063,0.758492,1.088937,0.879633,37,22,19,22,2,5,4,0,90,33,24,20
2026/02/03/14:36:17,3067.528441,0.959063,0.758492,1.088937,0.879633,37,22,19,22,2,5,4,0,90,33,24,20
2026/02/03/14:36:18,3068.528540,0.959063,0.758492,1.088937,0.879633,37,22,19,22,2,5,4,0,90,33,24,20
2026/02/03/14:36:19,3069.528640,0.959063,0.758492,1.088937,0.879633,37,22,19,22,2,5,4,0,90,33,24,20
2026/02/03/14:36:20,3070.528719,0.959063,0.758492,1.088937,0.879633,37,22,19,22,2,5,4,0,90,33,24,20
2026/02/03/14:36:21,3071.528817,0.959063,0.758492,1.088937,0.879633,37,22,19,22,2,5,4,0,90,33,24,20
2026/02/03/14:36:22,3072.528913,0.959063,0.758492,1.088937,0.879633,37,22,19,22,2,5,4,0,90,33,24,20
2026/02/03/14:36:23,3073.529008,0.959063,0.758492,1.088937,0.879633,37,22,19,22,2,5,4,0,90,33,24,20
2026/02/03/14:36:24,3074.529097,0.959063,0.758492,1.088937,0.879633,37,22,19,22,2,5,4,0,90,33,24,20
2026/02/03/14:36:25,3075.529193,0.959063,0.758492,1.088937,0.879633,37,22,19,22,2,5,4,0,90,33,24,20
2026/02/03/14:36:26,3076.573191,0.959063,0.758492,1.088937,0.879633,37,22,19,22,2,5,4,0,90,33,24,20
2026/02/03/14:36:28,3078.292635,0.959063,0.758492,1.088937,0.879633,37,22,19,22,2,5,4,0,90,33,24,20
2026/02/03/14:36:29,3079.685158,0.959063,0.758492,1.088937,0.879633,37,22,19,22,2,5,4,0,90,33,24,20
2026/02/03/14:36:31,3081.593924,0.959063,0.758492,1.088937,0.879633,37,22,19,22,2,5,4,0,90,33,24,20
2026/02/03/14:36:34,3083.989890,0.959063,0.758492,1.088937,0.879633,37,22,19,22,2,5,4,0,90,33,24,20
2026/02/03/14:36:36,3086.195400,0.959063,0.758492,1.088937,0.879633,37,22,19,22,2,5,4,0,90,33,24,20
2026/02/03/14:36:38,3088.597701,0.959063,0.758492,1.088937,0.879633,37,22,19,22,2,5,4,0,90,33,24,20
2026/02/03/14:36:40,3090.785045,0.959063,0.758492,1.088937,0.879633,37,22,19,22,2,5,4,0,90,33,24,20
2026/02/03/14:36:41,3091.785146,0.959063,0.758492,1.088937,0.879633,37,22,19,22,2,5,4,0,90,33,24,20
2026/02/03/14:36:42,3092.785255,0.959063,0.758492,1.088937,0.879633,37,22,19,22,2,5,4,0,90,33,24,20
2026/02/03/14:36:43,3093.785373,0.959063,0.758492,1.088937,0.879633,37,22,19,22,2,5,4,0,90,33,24,20
2026/02/03/14:36:44,3094.785418,0.959063,0.758492,1.088937,0.879633,37,22,19,22,2,5,4,0,90,33,24,20
2026/02/03/14:36:45,3095.785503,0.959063,0.758492,1.088937,0.879633,37,22,19,22,2,5,4,0,90,33,24,20
2026/02/03/14:36:46,3096.785609,0.959063,0.758492,1.088937,0.879633,37,22,19,22,2,5,4,0,90,33,24,20
2026/02/03/14:36:47,3097.785682,0.959063,0.758492,1.088937,0.879633,37,22,19,22,2,5,4,0,90,33,24,20
2026/02/03/14:36:48,3098.785796,0.959063,0.758492,1.088937,0.879633,37,22,19,22,2,5,4,0,90,33,24,20
2026/02/03/14:36:49,3099.785900,0.959063,0.758492,1.088937,0.879633,37,22,19,22,2,5,4,0,90,33,24,20
2026/02/03/14:36:50,3100.786011,0.959063,0.758492,1.088937,0.879633,37,22,19,22,2,5,4,0,90,33,24,20
2026/02/03/14:36:51,3101.786085,0.959063,0.758492,1.088937,0.879633,37,22,19,22,2,5,4,0,90,33,24,20
2026/02/03/14:36:52,3102.786179,0.959063,0.758492,1.088937,0.879633,37,22,19,22,2,5,4,0,90,33,24,20
2026/02/03/14:36:53,3103.786255,0.959063,0.758492,1.088937,0.879633,37,22,19,22,2,5,4,0,90,33,24,20
2026/02/03/14:36:54,3104.786363,0.959063,0.758492,1.088937,0.879633,37,22,19,22,2,5,4,0,90,33,24,20
2026/02/03/14:36:55,3105.786416,0.959063,0.758492,1.088937,0.879633,37,22,19,22,2,5,4,0,90,33,24,20
2026/02/03/14:36:56,3106.786494,0.959063,0.758492,1.088937,0.879633,37,22,19,22,2,5,4,0,90,33,24,20
2026/02/03/14:36:57,3107.789427,0.959063,0.758492,1.088937,0.879633,37,22,19,22,2,5,4,0,90,33,24,20
2026/02/03/14:36:58,3108.790415,0.959063,0.758492,1.088937,0.879633,37,22,19,22,2,5,4,0,90,33,24,20
2026/02/03/14:37:00,3110.391537,0.959063,0.758492,1.088937,0.879633,37,22,19,22,2,5,4,0,90,33,24,20
2026/02/03/14:37:02,3112.391073,0.959063,0.758492,1.095125,0.896036,37,22,19,22,2,5,5,0,90,33,24,20
2026/02/03/14:37:04,3114.492499,0.963063,0.763294,1.092937,0.884435,38,22,19,22,2,5,4,0,90,33,24,20
2026/02/03/14:37:07,3117.175822,0.963063,0.763294,1.092937,0.884435,38,22,19,22,2,5,4,0,90,33,24,20
2026/02/03/14:37:10,3120.105052,0.963063,0.763294,1.092937,0.884435,38,22,19,22,2,5,4,0,90,33,24,20
2026/02/03/14:37:13,3123.388442,0.963063,0.763294,1.092937,0.884435,38,22,19,22,2,5,4,0,90,33,24,20
2026/02/03/14:37:14,3124.388554,0.959063,0.758492,1.088937,0.879633,37,22,19,22,2,5,4,0,91,33,24,20
2026/02/03/14:37:15,3125.388648,0.959063,0.758492,1.088937,0.879633,37,22,19,22,2,5,4,0,91,33,24,20
2026/02/03/14:37:16,3126.388737,0.959063,0.758492,1.088937,0.879633,37,22,19,22,2,5,4,0,91,33,24,20
2026/02/03/14:37:17,3127.388827,0.971250,0.776436,1.178438,0.979581,37,25,19,22,4,7,6,1,91,33,24,20
2026/02/03/14:37:18,3128.388953,0.971250,0.776436,1.205688,1.007952,37,25,19,22,4,7,9,1,91,33,24,20
2026/02/03/14:37:19,3129.389024,0.971250,0.776436,1.205688,1.007952,37,25,19,22,4,7,9,1,91,33,24,20
2026/02/03/14:37:20,3130.389129,0.971250,0.776436,1.205688,1.007952,37,25,19,22,4,7,9,1,91,33,24,20
2026/02/03/14:37:21,3131.389228,0.971250,0.776436,1.186562,0.958865,37,25,19,22,2,7,8,1,91,33,24,20
2026/02/03/14:37:22,3132.389331,0.971250,0.776436,1.186562,0.958865,37,25,19,22,2,7,8,1,91,33,24,20
2026/02/03/14:37:23,3133.389435,0.967063,0.788777,1.144187,0.949924,35,25,21,22,2,7,6,1,93,33,24,20
2026/02/03/14:37:24,3134.389547,0.967063,0.788777,1.144187,0.949924,35,25,21,22,2,7,6,1,93,33,24,20
2026/02/03/14:37:25,3135.389678,0.967063,0.788777,1.144187,0.949924,35,25,21,22,2,7,6,1,93,33,24,20
2026/02/03/14:37:26,3136.389805,0.967063,0.788777,1.144187,0.949924,35,25,21,22,2,7,6,1,93,33,24,20
2026/02/03/14:37:27,3137.389917,0.967063,0.788777,1.144187,0.949924,35,25,21,22,2,7,6,1,93,33,24,20
2026/02/03/14:37:28,3138.390027,0.967063,0.788777,1.144187,0.949924,35,25,21,22,2,7,6,1,93,33,24,20
2026/02/03/14:37:29,3139.390204,0.967063,0.788777,1.144187,0.949924,35,25,21,22,2,7,6,1,93,33,24,20
2026/02/03/14:37:30,3140.390299,0.967063,0.788777,1.144187,0.949924,35,25,21,22,2,7,6,1,93,33,24,20
2026/02/03/14:37:31,3141.390423,0.946625,0.770886,1.103375,0.916724,35,24,20,22,2,7,4,1,93,34,25,20
2026/02/03/14:37:32,3142.390532,0.959812,0.781017,1.103375,0.916724,35,26,20,22,2,5,4,1,93,34,25,20
2026/02/03/14:37:33,3143.390615,0.959812,0.781017,1.103375,0.916724,35,26,20,22,2,5,4,1,93,34,25,20
2026/02/03/14:37:34,3144.390719,0.959812,0.781017,1.085187,0.910864,35,26,20,22,1,5,4,1,93,34,25,20
2026/02/03/14:37:35,3145.390813,0.959812,0.781017,1.085187,0.910864,35,26,20,22,1,5,4,1,93,34,25,20
2026/02/03/14:37:36,3146.390907,0.959812,0.781017,1.085187,0.910864,35,26,20,22,1,5,4,1,93,34,25,20
2026/02/03/14:37:37,3147.390997,0.959812,0.781017,1.085187,0.910864,35,26,20,22,1,5,4,1,93,34,25,20
2026/02/03/14:37:38,3148.391100,0.959812,0.781017,1.085187,0.910864,35,26,20,22,1,5,4,1,93,34,25,20
2026/02/03/14:37:39,3149.391180,0.959812,0.781017,1.085187,0.910864,35,26,20,22,1,5,4,1,93,34,25,20
2026/02/03/14:37:40,3150.391271,0.959812,0.781017,1.085187,0.910864,35,26,20,22,1,5,4,1,93,34,25,20
2026/02/03/14:37:41,3151.391385,0.959812,0.781017,1.085187,0.910864,35,26,20,22,1,5,4,1,93,34,25,20
2026/02/03/14:37:42,3152.391443,0.959812,0.781017,1.085187,0.910864,35,26,20,22,1,5,4,1,93,34,25,20
2026/02/03/14:37:43,3153.391523,0.959812,0.781017,1.085187,0.910864,35,26,20,22,1,5,4,1,93,34,25,20
2026/02/03/14:37:44,3154.391646,0.961688,0.779931,1.080437,0.904487,35,25,21,22,1,5,3,1,93,35,25,20
2026/02/03/14:37:45,3155.391755,0.961688,0.779931,1.037500,0.875112,35,25,21,22,1,2,3,1,93,35,25,20
2026/02/03/14:37:46,3156.391827,0.961688,0.779931,1.037500,0.875112,35,25,21,22,1,2,3,1,93,35,25,20
2026/02/03/14:37:47,3157.391930,0.961688,0.779931,1.037500,0.875112,35,25,21,22,1,2,3,1,93,35,25,20
2026/02/03/14:37:48,3158.392018,0.961688,0.779931,1.037500,0.875112,35,25,21,22,1,2,3,1,93,35,25,20
2026/02/03/14:37:49,3159.392109,0.961688,0.779931,1.037500,0.875112,35,25,21,22,1,2,3,1,93,35,25,20
2026/02/03/14:37:50,3160.392224,0.961688,0.779931,1.037500,0.875112,35,25,21,22,1,2,3,1,93,35,25,20
2026/02/03/14:37:51,3161.392315,0.961688,0.779931,1.037500,0.875112,35,25,21,22,1,2,3,1,93,35,25,20
2026/02/03/14:37:52,3162.392417,0.961688,0.779931,1.037500,0.875112,35,25,21,22,1,2,3,1,93,35,25,20
2026/02/03/14:37:53,3163.392505,0.961688,0.779931,1.037500,0.875112,35,25,21,22,1,2,3,1,93,35,25,20
2026/02/03/14:37:54,3164.392602,0.961688,0.779931,1.037500,0.875112,35,25,21,22,1,2,3,1,93,35,25,20
2026/02/03/14:37:55,3165.392706,0.961688,0.779931,1.037500,0.875112,35,25,21,22,1,2,3,1,93,35,25,20
2026/02/03/14:37:56,3166.392817,0.952812,0.772985,1.028625,0.868167,35,23,21,22,1,2,3,1,93,37,25,20
2026/02/03/14:37:57,3167.392910,0.952812,0.772985,1.028625,0.868167,35,23,21,22,1,2,3,1,93,37,25,20
2026/02/03/14:37:58,3168.393011,0.952812,0.772985,1.028625,0.868167,35,23,21,22,1,2,3,1,93,37,25,20
2026/02/03/14:37:59,3169.393117,0.952812,0.772985,1.028625,0.868167,35,23,21,22,1,2,3,1,93,37,25,20
2026/02/03/14:38:00,3170.393208,0.952812,0.772985,1.028625,0.868167,35,23,21,22,1,2,3,1,93,37,25,20
2026/02/03/14:38:01,3171.393317,0.952812,0.772985,1.028625,0.868167,35,23,21,22,1,2,3,1,93,37,25,20
2026/02/03/14:38:02,3172.393444,0.952812,0.772985,1.028625,0.868167,35,23,21,22,1,2,3,1,93,37,25,20
2026/02/03/14:38:03,3173.393552,0.952812,0.772985,1.028625,0.868167,35,23,21,22,1,2,3,1,93,37,25,20
2026/02/03/14:38:04,3174.393649,0.952812,0.772985,1.028625,0.868167,35,23,21,22,1,2,3,1,93,37,25,20
2026/02/03/14:38:05,3175.393733,0.952812,0.772985,1.028625,0.868167,35,23,21,22,1,2,3,1,93,37,25,20
2026/02/03/14:38:06,3176.393827,0.952812,0.772985,1.028625,0.868167,35,23,21,22,1,2,3,1,93,37,25,20
2026/02/03/14:38:07,3177.393919,0.952812,0.772985,1.028625,0.868167,35,23,21,22,1,2,3,1,93,37,25,20
2026/02/03/14:38:08,3178.394022,0.952812,0.772985,1.028625,0.868167,35,23,21,22,1,2,3,1,93,37,25,20
2026/02/03/14:38:09,3179.394111,0.946375,0.776005,0.971812,0.850591,36,22,22,22,0,0,2,1,93,38,25,20
2026/02/03/14:38:10,3180.394187,0.946375,0.776005,0.971812,0.850591,36,22,22,22,0,0,2,1,93,38,25,20
2026/02/03/14:38:11,3181.394281,0.946375,0.776005,0.971812,0.850591,36,22,22,22,0,0,2,1,93,38,25,20
2026/02/03/14:38:12,3182.394392,0.946375,0.776005,0.971812,0.850591,36,22,22,22,0,0,2,1,93,38,25,20
2026/02/03/14:38:13,3183.394495,0.946375,0.776005,0.971812,0.850591,36,22,22,22,0,0,2,1,93,38,25,20
2026/02/03/14:38:14,3184.394574,0.934000,0.764274,0.959438,0.838860,34,22,22,22,0,0,2,1,95,38,25,20
2026/02/03/14:38:15,3185.394677,0.934000,0.764274,0.959438,0.838860,34,22,22,22,0,0,2,1,95,38,25,20
2026/02/03/14:38:16,3186.394784,0.934000,0.764274,0.959438,0.838860,34,22,22,22,0,0,2,1,95,38,25,20
2026/02/03/14:38:17,3187.394878,0.934000,0.764274,0.959438,0.838860,34,22,22,22,0,0,2,1,95,38,25,20
2026/02/03/14:38:18,3188.394966,0.934000,0.764274,0.959438,0.838860,34,22,22,22,0,0,2,1,95,38,25,20
2026/02/03/14:38:19,3189.395059,0.934000,0.764274,0.959438,0.838860,34,22,22,22,0,0,2,1,95,38,25,20
2026/02/03/14:38:20,3190.395148,0.932312,0.762844,0.944063,0.822864,34,22,22,20,0,0,2,0,95,38,25,23
2026/02/03/14:38:21,3191.395242,0.932312,0.762844,0.944063,0.822864,34,22,22,20,0,0,2,0,95,38,25,23
2026/02/03/14:38:22,3192.395326,0.932312,0.762844,0.944063,0.822864,34,22,22,20,0,0,2,0,95,38,25,23
2026/02/03/14:38:23,3193.395499,0.932312,0.762844,0.944063,0.822864,34,22,22,20,0,0,2,0,95,38,25,23
2026/02/03/14:38:24,3194.395599,0.932312,0.762844,0.944063,0.822864,34,22,22,20,0,0,2,0,95,38,25,23
2026/02/03/14:38:25,3195.395683,0.932312,0.762844,0.944063,0.822864,34,22,22,20,0,0,2,0,95,38,25,23
2026/02/03/14:38:26,3196.395782,0.932312,0.762844,0.944063,0.822864,34,22,22,20,0,0,2,0,95,38,25,23
2026/02/03/14:38:27,3197.395859,0.932312,0.762844,0.944063,0.822864,34,22,22,20,0,0,2,0,95,38,25,23
2026/02/03/14:38:28,3198.395957,0.932312,0.762844,0.944063,0.822864,34,22,22,20,0,0,2,0,95,38,25,23
2026/02/03/14:38:29,3199.396068,0.932312,0.762844,0.944063,0.822864,34,22,22,20,0,0,2,0,95,38,25,23
2026/02/03/14:38:30,3200.396158,0.932312,0.762844,0.944063,0.822864,34,22,22,20,0,0,2,0,95,38,25,23
2026/02/03/14:38:31,3201.396239,0.932312,0.762844,0.944063,0.822864,34,22,22,20,0,0,2,0,95,38,25,23
2026/02/03/14:38:32,3202.396510,0.932312,0.762844,0.944063,0.822864,34,22,22,20,0,0,2,0,95,38,25,23
2026/02/03/14:38:33,3203.396524,0.932312,0.762844,0.944063,0.822864,34,22,22,20,0,0,2,0,95,38,25,23
2026/02/03/14:38:34,3204.396601,0.932312,0.762844,0.944063,0.822864,34,22,22,20,0,0,2,0,95,38,25,23
2026/02/03/14:38:35,3205.396685,0.932312,0.762844,0.944063,0.822864,34,22,22,20,0,0,2,0,95,38,25,23
2026/02/03/14:38:36,3206.396807,0.932312,0.762844,0.944063,0.822864,34,22,22,20,0,0,2,0,95,38,25,23
2026/02/03/14:38:37,3207.396958,0.932312,0.762844,0.944063,0.822864,34,22,22,20,0,0,2,0,95,38,25,23
2026/02/03/14:38:38,3208.397037,0.932312,0.762844,0.944063,0.822864,34,22,22,20,0,0,2,0,95,38,25,23
2026/02/03/14:38:39,3209.397141,0.932312,0.762844,0.944063,0.822864,34,22,22,20,0,0,2,0,95,38,25,23
2026/02/03/14:38:40,3210.397206,0.932312,0.762844,0.944063,0.822864,34,22,22,20,0,0,2,0,95,38,25,23
2026/02/03/14:38:41,3211.397321,0.932312,0.762844,0.944063,0.822864,34,22,22,20,0,0,2,0,95,38,25,23
2026/02/03/14:38:42,3212.397417,0.932312,0.762844,0.944063,0.822864,34,22,22,20,0,0,2,0,95,38,25,23
2026/02/03/14:38:43,3213.397510,0.932312,0.762844,0.944063,0.822864,34,22,22,20,0,0,2,0,95,38,25,23
2026/02/03/14:38:44,3214.397600,0.932312,0.762844,0.944063,0.822864,34,22,22,20,0,0,2,0,95,38,25,23
2026/02/03/14:38:45,3215.397695,0.932312,0.762844,0.944063,0.822864,34,22,22,20,0,0,2,0,95,38,25,23
2026/02/03/14:38:46,3216.397788,0.932312,0.762844,0.944063,0.822864,34,22,22,20,0,0,2,0,95,38,25,23
2026/02/03/14:38:47,3217.397889,0.932312,0.762844,0.944063,0.822864,34,22,22,20,0,0,2,0,95,38,25,23
2026/02/03/14:38:48,3218.398015,0.932312,0.762844,0.944063,0.822864,34,22,22,20,0,0,2,0,95,38,25,23
2026/02/03/14:38:49,3219.398160,0.918625,0.748278,0.918625,0.748278,34,22,22,19,0,0,0,0,95,38,25,24
2026/02/03/14:38:50,3220.398270,0.918625,0.748278,0.918625,0.748278,34,22,22,19,0,0,0,0,95,38,25,24
2026/02/03/14:38:51,3221.398416,0.918625,0.748278,0.918625,0.748278,34,22,22,19,0,0,0,0,95,38,25,24
2026/02/03/14:38:52,3222.398578,0.918625,0.748278,0.918625,0.748278,34,22,22,19,0,0,0,0,95,38,25,24
2026/02/03/14:38:53,3223.398729,0.918625,0.748278,0.918625,0.748278,34,22,22,19,0,0,0,0,95,38,25,24
2026/02/03/14:38:54,3224.398845,0.918625,0.748278,0.918625,0.748278,34,22,22,19,0,0,0,0,95,38,25,24
2026/02/03/14:38:55,3225.398918,0.918625,0.748278,0.918625,0.748278,34,22,22,19,0,0,0,0,95,38,25,24
2026/02/03/14:38:56,3226.399056,0.918625,0.748278,0.918625,0.748278,34,22,22,19,0,0,0,0,95,38,25,24
2026/02/03/14:38:57,3227.399136,0.918625,0.748278,0.918625,0.748278,34,22,22,19,0,0,0,0,95,38,25,24
2026/02/03/14:38:58,3228.399264,0.918625,0.748278,0.918625,0.748278,34,22,22,19,0,0,0,0,95,38,25,24
2026/02/03/14:38:59,3229.399337,0.918625,0.748278,0.918625,0.748278,34,22,22,19,0,0,0,0,95,38,25,24
2026/02/03/14:39:00,3230.399432,0.918625,0.748278,0.918625,0.748278,34,22,22,19,0,0,0,0,95,38,25,24
2026/02/03/14:39:01,3231.399513,0.918625,0.748278,0.918625,0.748278,34,22,22,19,0,0,0,0,95,38,25,24
2026/02/03/14:39:02,3232.399610,0.918625,0.748278,0.918625,0.748278,34,22,22,19,0,0,0,0,95,38,25,24
2026/02/03/14:39:03,3233.399708,0.918625,0.748278,0.918625,0.748278,34,22,22,19,0,0,0,0,95,38,25,24
2026/02/03/14:39:04,3234.399770,0.918625,0.748278,0.918625,0.748278,34,22,22,19,0,0,0,0,95,38,25,24
2026/02/03/14:39:05,3235.399859,0.918625,0.748278,0.918625,0.748278,34,22,22,19,0,0,0,0,95,38,25,24
2026/02/03/14:39:06,3236.399970,0.918625,0.748278,0.918625,0.748278,34,22,22,19,0,0,0,0,95,38,25,24
2026/02/03/14:39:07,3237.400050,0.918625,0.748278,0.918625,0.748278,34,22,22,19,0,0,0,0,95,38,25,24
2026/02/03/14:39:08,3238.400200,0.918625,0.748278,0.918625,0.748278,34,22,22,19,0,0,0,0,95,38,25,24
2026/02/03/14:39:09,3239.400296,0.918625,0.748278,0.918625,0.748278,34,22,22,19,0,0,0,0,95,38,25,24
2026/02/03/14:39:10,3240.400411,0.918625,0.748278,0.918625,0.748278,34,22,22,19,0,0,0,0,95,38,25,24
2026/02/03/14:39:11,3241.400510,0.918625,0.748278,0.918625,0.748278,34,22,22,19,0,0,0,0,95,38,25,24
2026/02/03/14:39:12,3242.400650,0.918625,0.748278,0.918625,0.748278,34,22,22,19,0,0,0,0,95,38,25,24
2026/02/03/14:39:13,3243.400755,0.918625,0.748278,0.918625,0.748278,34,22,22,19,0,0,0,0,95,38,25,24
2026/02/03/14:39:14,3244.400859,0.918625,0.748278,0.918625,0.748278,34,22,22,19,0,0,0,0,95,38,25,24
2026/02/03/14:39:15,3245.400962,0.918625,0.748278,0.918625,0.748278,34,22,22,19,0,0,0,0,95,38,25,24
2026/02/03/14:39:16,3246.401069,0.918625,0.748278,0.918625,0.748278,34,22,22,19,0,0,0,0,95,38,25,24
2026/02/03/14:39:17,3247.401169,0.918625,0.748278,0.918625,0.748278,34,22,22,19,0,0,0,0,95,38,25,24
2026/02/03/14:39:18,3248.401253,0.918625,0.748278,0.918625,0.748278,34,22,22,19,0,0,0,0,95,38,25,24
2026/02/03/14:39:19,3249.401356,0.918625,0.748278,0.918625,0.748278,34,22,22,19,0,0,0,0,95,38,25,24
2026/02/03/14:39:20,3250.401451,0.918625,0.748278,0.918625,0.748278,34,22,22,19,0,0,0,0,95,38,25,24
2026/02/03/14:39:21,3251.401541,0.918625,0.748278,0.918625,0.748278,34,22,22,19,0,0,0,0,95,38,25,24
2026/02/03/14:39:22,3252.401644,0.918625,0.748278,0.918625,0.748278,34,22,22,19,0,0,0,0,95,38,25,24
2026/02/03/14:39:23,3253.401749,0.918625,0.748278,0.918625,0.748278,34,22,22,19,0,0,0,0,95,38,25,24
2026/02/03/14:39:24,3254.401836,0.918625,0.748278,0.918625,0.748278,34,22,22,19,0,0,0,0,95,38,25,24
2026/02/03/14:39:25,3255.401933,0.918625,0.748278,0.918625,0.748278,34,22,22,19,0,0,0,0,95,38,25,24
2026/02/03/14:39:26,3256.402031,0.918625,0.748278,0.918625,0.748278,34,22,22,19,0,0,0,0,95,38,25,24
2026/02/03/14:39:27,3257.402102,0.918625,0.748278,0.918625,0.748278,34,22,22,19,0,0,0,0,95,38,25,24
2026/02/03/14:39:28,3258.402210,0.918625,0.748278,0.918625,0.748278,34,22,22,19,0,0,0,0,95,38,25,24
2026/02/03/14:39:29,3259.402313,0.918625,0.748278,0.918625,0.748278,34,22,22,19,0,0,0,0,95,38,25,24
2026/02/03/14:39:30,3260.402418,0.918625,0.748278,0.918625,0.748278,34,22,22,19,0,0,0,0,95,38,25,24
2026/02/03/14:39:31,3261.402511,0.918625,0.748278,0.918625,0.748278,34,22,22,19,0,0,0,0,95,38,25,24
2026/02/03/14:39:32,3262.402611,0.918625,0.748278,0.918625,0.748278,34,22,22,19,0,0,0,0,95,38,25,24
2026/02/03/14:39:33,3263.402705,0.918625,0.748278,0.918625,0.748278,34,22,22,19,0,0,0,0,95,38,25,24
2026/02/03/14:39:34,3264.402804,0.918625,0.748278,0.918625,0.748278,34,22,22,19,0,0,0,0,95,38,25,24
2026/02/03/14:39:35,3265.402903,0.918625,0.748278,0.918625,0.748278,34,22,22,19,0,0,0,0,95,38,25,24
2026/02/03/14:39:36,3266.403000,0.918625,0.748278,0.918625,0.748278,34,22,22,19,0,0,0,0,95,38,25,24
2026/02/03/14:39:37,3267.403100,0.918625,0.748278,0.918625,0.748278,34,22,22,19,0,0,0,0,95,38,25,24
2026/02/03/14:39:38,3268.403237,0.918625,0.748278,0.918625,0.748278,34,22,22,19,0,0,0,0,95,38,25,24
2026/02/03/14:39:39,3269.403367,0.918625,0.748278,0.918625,0.748278,34,22,22,19,0,0,0,0,95,38,25,24
2026/02/03/14:39:40,3270.403481,0.918625,0.748278,0.918625,0.748278,34,22,22,19,0,0,0,0,95,38,25,24
2026/02/03/14:39:41,3271.403636,0.918625,0.748278,0.918625,0.748278,34,22,22,19,0,0,0,0,95,38,25,24
2026/02/03/14:39:42,3272.403875,0.918625,0.748278,0.918625,0.748278,34,22,22,19,0,0,0,0,95,38,25,24
2026/02/03/14:39:43,3273.403880,0.918625,0.748278,0.918625,0.748278,34,22,22,19,0,0,0,0,95,38,25,24
2026/02/03/14:39:44,3274.404037,0.918625,0.748278,0.918625,0.748278,34,22,22,19,0,0,0,0,95,38,25,24
2026/02/03/14:39:45,3275.404117,0.918625,0.748278,0.918625,0.748278,34,22,22,19,0,0,0,0,95,38,25,24
2026/02/03/14:39:46,3276.404227,0.918625,0.748278,0.918625,0.748278,34,22,22,19,0,0,0,0,95,38,25,24
2026/02/03/14:39:47,3277.404306,0.918625,0.748278,0.918625,0.748278,34,22,22,19,0,0,0,0,95,38,25,24
2026/02/03/14:39:48,3278.404405,0.918625,0.748278,0.918625,0.748278,34,22,22,19,0,0,0,0,95,38,25,24
2026/02/03/14:39:49,3279.404525,0.905375,0.737698,0.905375,0.737698,34,22,20,19,0,0,0,0,95,38,27,24
2026/02/03/14:39:50,3280.404681,0.905375,0.737698,0.905375,0.737698,34,22,20,19,0,0,0,0,95,38,27,24
2026/02/03/14:39:51,3281.404778,0.905375,0.737698,0.905375,0.737698,34,22,20,19,0,0,0,0,95,38,27,24
2026/02/03/14:39:52,3282.404869,0.905375,0.737698,0.905375,0.737698,34,22,20,19,0,0,0,0,95,38,27,24
2026/02/03/14:39:53,3283.405017,0.905375,0.737698,0.905375,0.737698,34,22,20,19,0,0,0,0,95,38,27,24
2026/02/03/14:39:54,3284.405130,0.905375,0.737698,0.905375,0.737698,34,22,20,19,0,0,0,0,95,38,27,24
2026/02/03/14:39:55,3285.405230,0.905375,0.737698,0.905375,0.737698,34,22,20,19,0,0,0,0,95,38,27,24
2026/02/03/14:39:56,3286.405414,0.905375,0.737698,0.905375,0.737698,34,22,20,19,0,0,0,0,95,38,27,24
2026/02/03/14:39:57,3287.405494,0.905375,0.737698,0.905375,0.737698,34,22,20,19,0,0,0,0,95,38,27,24
2026/02/03/14:39:58,3288.405645,0.905375,0.737698,0.905375,0.737698,34,22,20,19,0,0,0,0,95,38,27,24
2026/02/03/14:39:59,3289.405784,0.905375,0.737698,0.905375,0.737698,34,22,20,19,0,0,0,0,95,38,27,24
2026/02/03/14:40:00,3290.405962,0.905375,0.737698,0.905375,0.737698,34,22,20,19,0,0,0,0,95,38,27,24
2026/02/03/14:40:01,3291.406088,0.905375,0.737698,0.905375,0.737698,34,22,20,19,0,0,0,0,95,38,27,24
2026/02/03/14:40:02,3292.406251,0.905375,0.737698,0.905375,0.737698,34,22,20,19,0,0,0,0,95,38,27,24
2026/02/03/14:40:03,3293.406378,0.905375,0.737698,0.905375,0.737698,34,22,20,19,0,0,0,0,95,38,27,24
2026/02/03/14:40:04,3294.406455,0.905375,0.737698,0.905375,0.737698,34,22,20,19,0,0,0,0,95,38,27,24
2026/02/03/14:40:05,3295.406533,0.905375,0.737698,0.905375,0.737698,34,22,20,19,0,0,0,0,95,38,27,24
2026/02/03/14:40:06,3296.406682,0.905375,0.737698,0.905375,0.737698,34,22,20,19,0,0,0,0,95,38,27,24
2026/02/03/14:40:07,3297.406770,0.905375,0.737698,0.905375,0.737698,34,22,20,19,0,0,0,0,95,38,27,24
2026/02/03/14:40:08,3298.406878,0.905375,0.737698,0.905375,0.737698,34,22,20,19,0,0,0,0,95,38,27,24
2026/02/03/14:40:09,3299.406972,0.905375,0.737698,0.905375,0.737698,34,22,20,19,0,0,0,0,95,38,27,24
2026/02/03/14:40:10,3300.407064,0.905375,0.737698,0.905375,0.737698,34,22,20,19,0,0,0,0,95,38,27,24
2026/02/03/14:40:11,3301.407156,0.905375,0.737698,0.905375,0.737698,34,22,20,19,0,0,0,0,95,38,27,24
2026/02/03/14:40:12,3302.407315,0.905375,0.737698,0.905375,0.737698,34,22,20,19,0,0,0,0,95,38,27,24
2026/02/03/14:40:13,3303.407427,0.905375,0.737698,0.905375,0.737698,34,22,20,19,0,0,0,0,95,38,27,24
2026/02/03/14:40:14,3304.407552,0.905375,0.737698,0.905375,0.737698,34,22,20,19,0,0,0,0,95,38,27,24
2026/02/03/14:40:15,3305.407658,0.905375,0.737698,0.905375,0.737698,34,22,20,19,0,0,0,0,95,38,27,24
2026/02/03/14:40:16,3306.407726,0.905375,0.737698,0.905375,0.737698,34,22,20,19,0,0,0,0,95,38,27,24
2026/02/03/14:40:17,3307.407812,0.905375,0.737698,0.905375,0.737698,34,22,20,19,0,0,0,0,95,38,27,24
2026/02/03/14:40:18,3308.407957,0.905375,0.737698,0.905375,0.737698,34,22,20,19,0,0,0,0,95,38,27,24
2026/02/03/14:40:19,3309.408110,0.905375,0.737698,0.905375,0.737698,34,22,20,19,0,0,0,0,95,38,27,24
2026/02/03/14:40:20,3310.408211,0.905375,0.737698,0.905375,0.737698,34,22,20,19,0,0,0,0,95,38,27,24
2026/02/03/14:40:21,3311.408329,0.905375,0.737698,0.905375,0.737698,34,22,20,19,0,0,0,0,95,38,27,24
2026/02/03/14:40:22,3312.408421,0.905375,0.737698,0.905375,0.737698,34,22,20,19,0,0,0,0,95,38,27,24
2026/02/03/14:40:23,3313.408519,0.905375,0.737698,0.905375,0.737698,34,22,20,19,0,0,0,0,95,38,27,24
2026/02/03/14:40:24,3314.408617,0.905375,0.737698,0.905375,0.737698,34,22,20,19,0,0,0,0,95,38,27,24
2026/02/03/14:40:25,3315.408705,0.905375,0.737698,0.905375,0.737698,34,22,20,19,0,0,0,0,95,38,27,24
2026/02/03/14:40:26,3316.408809,0.905375,0.737698,0.905375,0.737698,34,22,20,19,0,0,0,0,95,38,27,24
2026/02/03/14:40:27,3317.408895,0.905375,0.737698,0.905375,0.737698,34,22,20,19,0,0,0,0,95,38,27,24
2026/02/03/14:40:28,3318.408978,0.905375,0.737698,0.905375,0.737698,34,22,20,19,0,0,0,0,95,38,27,24
2026/02/03/14:40:29,3319.409100,0.905375,0.737698,0.905375,0.737698,34,22,20,19,0,0,0,0,95,38,27,24
2026/02/03/14:40:30,3320.409261,0.905375,0.737698,0.905375,0.737698,34,22,20,19,0,0,0,0,95,38,27,24
2026/02/03/14:40:31,3321.409326,0.905375,0.737698,0.905375,0.737698,34,22,20,19,0,0,0,0,95,38,27,24
2026/02/03/14:40:32,3322.409398,0.905375,0.737698,0.905375,0.737698,34,22,20,19,0,0,0,0,95,38,27,24
2026/02/03/14:40:33,3323.409542,0.905375,0.737698,0.905375,0.737698,34,22,20,19,0,0,0,0,95,38,27,24
2026/02/03/14:40:34,3324.409650,0.905375,0.737698,0.905375,0.737698,34,22,20,19,0,0,0,0,95,38,27,24
2026/02/03/14:40:35,3325.409758,0.905375,0.737698,0.905375,0.737698,34,22,20,19,0,0,0,0,95,38,27,24
2026/02/03/14:40:36,3326.409909,0.905375,0.737698,0.905375,0.737698,34,22,20,19,0,0,0,0,95,38,27,24
2026/02/03/14:40:37,3327.410002,0.905375,0.737698,0.905375,0.737698,34,22,20,19,0,0,0,0,95,38,27,24
2026/02/03/14:40:38,3328.410139,0.905375,0.737698,0.905375,0.737698,34,22,20,19,0,0,0,0,95,38,27,24
2026/02/03/14:40:39,3329.410260,0.905375,0.737698,0.905375,0.737698,34,22,20,19,0,0,0,0,95,38,27,24
2026/02/03/14:40:40,3330.410402,0.905375,0.737698,0.905375,0.737698,34,22,20,19,0,0,0,0,95,38,27,24
2026/02/03/14:40:41,3331.410485,0.905375,0.737698,0.905375,0.737698,34,22,20,19,0,0,0,0,95,38,27,24
2026/02/03/14:40:42,3332.410587,0.905375,0.737698,0.905375,0.737698,34,22,20,19,0,0,0,0,95,38,27,24
2026/02/03/14:40:43,3333.410697,0.905375,0.737698,0.905375,0.737698,34,22,20,19,0,0,0,0,95,38,27,24
2026/02/03/14:40:44,3334.410805,0.905375,0.737698,0.905375,0.737698,34,22,20,19,0,0,0,0,95,38,27,24
2026/02/03/14:40:45,3335.410945,0.905375,0.737698,0.905375,0.737698,34,22,20,19,0,0,0,0,95,38,27,24
2026/02/03/14:40:46,3336.411028,0.905375,0.737698,0.905375,0.737698,34,22,20,19,0,0,0,0,95,38,27,24
2026/02/03/14:40:47,3337.411149,0.905375,0.737698,0.905375,0.737698,34,22,20,19,0,0,0,0,95,38,27,24
2026/02/03/14:40:48,3338.411272,0.905375,0.737698,0.905375,0.737698,34,22,20,19,0,0,0,0,95,38,27,24
2026/02/03/14:40:49,3339.411404,0.905375,0.737698,0.905375,0.737698,34,22,20,19,0,0,0,0,95,38,27,24
2026/02/03/14:40:50,3340.411500,0.898813,0.721992,0.898813,0.721992,33,22,20,19,0,0,0,0,96,38,27,24
2026/02/03/14:40:51,3341.411577,0.898813,0.721992,0.898813,0.721992,33,22,20,19,0,0,0,0,96,38,27,24
2026/02/03/14:40:52,3342.411709,0.898813,0.721992,0.898813,0.721992,33,22,20,19,0,0,0,0,96,38,27,24
2026/02/03/14:40:53,3343.411847,0.898813,0.721992,0.898813,0.721992,33,22,20,19,0,0,0,0,96,38,27,24
2026/02/03/14:40:54,3344.411926,0.898813,0.721992,0.898813,0.721992,33,22,20,19,0,0,0,0,96,38,27,24
2026/02/03/14:40:55,3345.412044,0.898813,0.721992,0.898813,0.721992,33,22,20,19,0,0,0,0,96,38,27,24
2026/02/03/14:40:56,3346.412150,0.898813,0.721992,0.898813,0.721992,33,22,20,19,0,0,0,0,96,38,27,24
2026/02/03/14:40:57,3347.412233,0.898813,0.721992,0.898813,0.721992,33,22,20,19,0,0,0,0,96,38,27,24
2026/02/03/14:40:58,3348.412495,0.898813,0.721992,0.898813,0.721992,33,22,20,19,0,0,0,0,96,38,27,24
2026/02/03/14:40:59,3349.412559,0.898813,0.721992,0.898813,0.721992,33,22,20,19,0,0,0,0,96,38,27,24
2026/02/03/14:41:00,3350.412663,0.898813,0.721992,0.898813,0.721992,33,22,20,19,0,0,0,0,96,38,27,24
2026/02/03/14:41:01,3351.412750,0.898813,0.721992,0.898813,0.721992,33,22,20,19,0,0,0,0,96,38,27,24
2026/02/03/14:41:02,3352.412851,0.898813,0.721992,0.898813,0.721992,33,22,20,19,0,0,0,0,96,38,27,24
2026/02/03/14:41:03,3353.412954,0.898813,0.721992,0.898813,0.721992,33,22,20,19,0,0,0,0,96,38,27,24
2026/02/03/14:41:04,3354.413044,0.898813,0.721992,0.898813,0.721992,33,22,20,19,0,0,0,0,96,38,27,24
2026/02/03/14:41:05,3355.413136,0.898813,0.721992,0.898813,0.721992,33,22,20,19,0,0,0,0,96,38,27,24
2026/02/03/14:41:06,3356.413268,0.898813,0.721992,0.898813,0.721992,33,22,20,19,0,0,0,0,96,38,27,24
2026/02/03/14:41:07,3357.413444,0.898813,0.721992,0.898813,0.721992,33,22,20,19,0,0,0,0,96,38,27,24
2026/02/03/14:41:08,3358.413527,0.898813,0.721992,0.898813,0.721992,33,22,20,19,0,0,0,0,96,38,27,24
2026/02/03/14:41:09,3359.413628,0.898813,0.721992,0.898813,0.721992,33,22,20,19,0,0,0,0,96,38,27,24
2026/02/03/14:41:10,3360.413755,0.898813,0.721992,0.898813,0.721992,33,22,20,19,0,0,0,0,96,38,27,24
2026/02/03/14:41:11,3361.413866,0.898813,0.721992,0.898813,0.721992,33,22,20,19,0,0,0,0,96,38,27,24
2026/02/03/14:41:12,3362.413945,0.898813,0.721992,0.898813,0.721992,33,22,20,19,0,0,0,0,96,38,27,24
2026/02/03/14:41:13,3363.414056,0.898813,0.721992,0.898813,0.721992,33,22,20,19,0,0,0,0,96,38,27,24
2026/02/03/14:41:14,3364.414153,0.898813,0.721992,0.898813,0.721992,33,22,20,19,0,0,0,0,96,38,27,24
2026/02/03/14:41:15,3365.414291,0.898813,0.721992,0.898813,0.721992,33,22,20,19,0,0,0,0,96,38,27,24
2026/02/03/14:41:16,3366.414410,0.898813,0.721992,0.898813,0.721992,33,22,20,19,0,0,0,0,96,38,27,24
2026/02/03/14:41:17,3367.414519,0.898813,0.721992,0.898813,0.721992,33,22,20,19,0,0,0,0,96,38,27,24
2026/02/03/14:41:18,3368.414602,0.898813,0.721992,0.898813,0.721992,33,22,20,19,0,0,0,0,96,38,27,24
2026/02/03/14:41:19,3369.414680,0.898813,0.721992,0.898813,0.721992,33,22,20,19,0,0,0,0,96,38,27,24
2026/02/03/14:41:20,3370.414847,0.898813,0.721992,0.898813,0.721992,33,22,20,19,0,0,0,0,96,38,27,24
2026/02/03/14:41:21,3371.414979,0.898813,0.721992,0.898813,0.721992,33,22,20,19,0,0,0,0,96,38,27,24
2026/02/03/14:41:22,3372.415142,0.898813,0.721992,0.898813,0.721992,33,22,20,19,0,0,0,0,96,38,27,24
2026/02/03/14:41:23,3373.415224,0.898813,0.721992,0.898813,0.721992,33,22,20,19,0,0,0,0,96,38,27,24
2026/02/03/14:41:24,3374.415375,0.898813,0.721992,0.898813,0.721992,33,22,20,19,0,0,0,0,96,38,27,24
2026/02/03/14:41:25,3375.415501,0.898813,0.721992,0.898813,0.721992,33,22,20,19,0,0,0,0,96,38,27,24
2026/02/03/14:41:26,3376.415637,0.898813,0.721992,0.898813,0.721992,33,22,20,19,0,0,0,0,96,38,27,24
2026/02/03/14:41:27,3377.415773,0.898813,0.721992,0.898813,0.721992,33,22,20,19,0,0,0,0,96,38,27,24
2026/02/03/14:41:28,3378.415907,0.898813,0.721992,0.898813,0.721992,33,22,20,19,0,0,0,0,96,38,27,24
2026/02/03/14:41:29,3379.416012,0.898813,0.721992,0.898813,0.721992,33,22,20,19,0,0,0,0,96,38,27,24
2026/02/03/14:41:30,3380.416115,0.898813,0.721992,0.898813,0.721992,33,22,20,19,0,0,0,0,96,38,27,24
2026/02/03/14:41:31,3381.416214,0.898813,0.721992,0.898813,0.721992,33,22,20,19,0,0,0,0,96,38,27,24
2026/02/03/14:41:32,3382.416313,0.898813,0.721992,0.898813,0.721992,33,22,20,19,0,0,0,0,96,38,27,24
2026/02/03/14:41:33,3383.416437,0.898813,0.721992,0.898813,0.721992,33,22,20,19,0,0,0,0,96,38,27,24
2026/02/03/14:41:34,3384.416532,0.898813,0.721992,0.898813,0.721992,33,22,20,19,0,0,0,0,96,38,27,24
2026/02/03/14:41:35,3385.416630,0.898813,0.721992,0.898813,0.721992,33,22,20,19,0,0,0,0,96,38,27,24
2026/02/03/14:41:36,3386.416754,0.898813,0.721992,0.898813,0.721992,33,22,20,19,0,0,0,0,96,38,27,24
2026/02/03/14:41:37,3387.416904,0.898813,0.721992,0.898813,0.721992,33,22,20,19,0,0,0,0,96,38,27,24
2026/02/03/14:41:38,3388.417049,0.898813,0.721992,0.898813,0.721992,33,22,20,19,0,0,0,0,96,38,27,24
2026/02/03/14:41:39,3389.417219,0.898813,0.721992,0.898813,0.721992,33,22,20,19,0,0,0,0,96,38,27,24
2026/02/03/14:41:40,3390.417317,0.898813,0.721992,0.898813,0.721992,33,22,20,19,0,0,0,0,96,38,27,24
2026/02/03/14:41:41,3391.417420,0.898813,0.721992,0.898813,0.721992,33,22,20,19,0,0,0,0,96,38,27,24
2026/02/03/14:41:42,3392.417495,0.898813,0.721992,0.898813,0.721992,33,22,20,19,0,0,0,0,96,38,27,24
2026/02/03/14:41:43,3393.417605,0.898813,0.721992,0.898813,0.721992,33,22,20,19,0,0,0,0,96,38,27,24
2026/02/03/14:41:44,3394.417676,0.898813,0.721992,0.898813,0.721992,33,22,20,19,0,0,0,0,96,38,27,24
2026/02/03/14:41:45,3395.417831,0.898813,0.721992,0.898813,0.721992,33,22,20,19,0,0,0,0,96,38,27,24
2026/02/03/14:41:46,3396.417977,0.898813,0.721992,0.898813,0.721992,33,22,20,19,0,0,0,0,96,38,27,24
2026/02/03/14:41:47,3397.418095,0.898813,0.721992,0.898813,0.721992,33,22,20,19,0,0,0,0,96,38,27,24
2026/02/03/14:41:48,3398.418179,0.898813,0.721992,0.898813,0.721992,33,22,20,19,0,0,0,0,96,38,27,24
2026/02/03/14:41:49,3399.418294,0.924500,0.758385,0.924500,0.758385,33,23,22,21,0,0,0,0,96,38,27,24
2026/02/03/14:41:50,3400.418422,0.924500,0.758385,0.924500,0.758385,33,23,22,21,0,0,0,0,96,38,27,24
2026/02/03/14:41:51,3401.418509,0.924500,0.758385,0.924500,0.758385,33,23,22,21,0,0,0,0,96,38,27,24
2026/02/03/14:41:52,3402.418597,0.917500,0.734602,0.917500,0.734602,33,23,22,19,0,0,0,0,96,38,27,26
2026/02/03/14:41:53,3403.418695,0.911687,0.730080,0.911687,0.730080,33,22,22,19,0,0,0,0,96,39,27,26
2026/02/03/14:41:54,3404.418770,0.911687,0.730080,0.911687,0.730080,33,22,22,19,0,0,0,0,96,39,27,26
2026/02/03/14:41:55,3405.418912,0.911687,0.730080,0.911687,0.730080,33,22,22,19,0,0,0,0,96,39,27,26
2026/02/03/14:41:56,3406.419049,0.911687,0.730080,0.911687,0.730080,33,22,22,19,0,0,0,0,96,39,27,26
2026/02/03/14:41:57,3407.419166,0.911687,0.730080,0.911687,0.730080,33,22,22,19,0,0,0,0,96,39,27,26
2026/02/03/14:41:58,3408.419202,0.911687,0.730080,0.911687,0.730080,33,22,22,19,0,0,0,0,96,39,27,26
2026/02/03/14:41:59,3409.419310,0.911687,0.730080,0.911687,0.730080,33,22,22,19,0,0,0,0,96,39,27,26
2026/02/03/14:42:00,3410.419444,0.911687,0.730080,0.911687,0.730080,33,22,22,19,0,0,0,0,96,39,27,26
2026/02/03/14:42:01,3411.419564,0.911687,0.730080,0.911687,0.730080,33,22,22,19,0,0,0,0,96,39,27,26
2026/02/03/14:42:02,3412.419689,0.898813,0.721992,0.898813,0.721992,33,22,20,19,0,0,0,0,96,39,29,26
2026/02/03/14:42:03,3413.419805,0.898813,0.721992,0.898813,0.721992,33,22,20,19,0,0,0,0,96,39,29,26
2026/02/03/14:42:04,3414.419896,0.898813,0.721992,0.898813,0.721992,33,22,20,19,0,0,0,0,96,39,29,26
2026/02/03/14:42:05,3415.419990,0.898813,0.721992,0.898813,0.721992,33,22,20,19,0,0,0,0,96,39,29,26
2026/02/03/14:42:06,3416.420096,0.898813,0.721992,0.898813,0.721992,33,22,20,19,0,0,0,0,96,39,29,26
2026/02/03/14:42:07,3417.420199,0.898813,0.721992,0.898813,0.721992,33,22,20,19,0,0,0,0,96,39,29,26
2026/02/03/14:42:08,3418.420291,0.898813,0.721992,0.898813,0.721992,33,22,20,19,0,0,0,0,96,39,29,26
2026/02/03/14:42:09,3419.420384,0.898813,0.721992,0.898813,0.721992,33,22,20,19,0,0,0,0,96,39,29,26
2026/02/03/14:42:10,3420.420464,0.898813,0.721992,0.898813,0.721992,33,22,20,19,0,0,0,0,96,39,29,26
2026/02/03/14:42:11,3421.420571,0.898813,0.721992,0.898813,0.721992,33,22,20,19,0,0,0,0,96,39,29,26
2026/02/03/14:42:12,3422.420717,0.898813,0.721992,0.898813,0.721992,33,22,20,19,0,0,0,0,96,39,29,26
2026/02/03/14:42:13,3423.420811,0.898813,0.721992,0.898813,0.721992,33,22,20,19,0,0,0,0,96,39,29,26
2026/02/03/14:42:14,3424.420915,0.898813,0.721992,0.898813,0.721992,33,22,20,19,0,0,0,0,96,39,29,26
2026/02/03/14:42:15,3425.421025,0.898813,0.721992,0.898813,0.721992,33,22,20,19,0,0,0,0,96,39,29,26
2026/02/03/14:42:16,3426.421116,0.898813,0.721992,0.898813,0.721992,33,22,20,19,0,0,0,0,96,39,29,26
2026/02/03/14:42:17,3427.421211,0.898813,0.721992,0.898813,0.721992,33,22,20,19,0,0,0,0,96,39,29,26
2026/02/03/14:42:18,3428.421323,0.898813,0.721992,0.898813,0.721992,33,22,20,19,0,0,0,0,96,39,29,26
2026/02/03/14:42:19,3429.421483,0.898813,0.721992,0.898813,0.721992,33,22,20,19,0,0,0,0,96,39,29,26
2026/02/03/14:42:20,3430.421642,0.898813,0.721992,0.898813,0.721992,33,22,20,19,0,0,0,0,96,39,29,26
2026/02/03/14:42:21,3431.421730,0.898813,0.721992,0.898813,0.721992,33,22,20,19,0,0,0,0,96,39,29,26
2026/02/03/14:42:22,3432.421833,0.898813,0.721992,0.898813,0.721992,33,22,20,19,0,0,0,0,96,39,29,26
2026/02/03/14:42:23,3433.421937,0.898813,0.721992,0.898813,0.721992,33,22,20,19,0,0,0,0,96,39,29,26
2026/02/03/14:42:24,3434.422070,0.898813,0.721992,0.898813,0.721992,33,22,20,19,0,0,0,0,96,39,29,26
2026/02/03/14:42:25,3435.422225,0.898813,0.721992,0.898813,0.721992,33,22,20,19,0,0,0,0,96,39,29,26
2026/02/03/14:42:26,3436.422285,0.898813,0.721992,0.898813,0.721992,33,22,20,19,0,0,0,0,96,39,29,26
2026/02/03/14:42:27,3437.422408,0.898813,0.721992,0.898813,0.721992,33,22,20,19,0,0,0,0,96,39,29,26
2026/02/03/14:42:28,3438.422495,0.898813,0.721992,0.898813,0.721992,33,22,20,19,0,0,0,0,96,39,29,26
2026/02/03/14:42:29,3439.422647,0.898813,0.721992,0.898813,0.721992,33,22,20,19,0,0,0,0,96,39,29,26
2026/02/03/14:42:30,3440.422746,0.898813,0.721992,0.898813,0.721992,33,22,20,19,0,0,0,0,96,39,29,26
2026/02/03/14:42:31,3441.422855,0.898813,0.721992,0.898813,0.721992,33,22,20,19,0,0,0,0,96,39,29,26
2026/02/03/14:42:32,3442.422985,0.898813,0.721992,0.898813,0.721992,33,22,20,19,0,0,0,0,96,39,29,26
2026/02/03/14:42:33,3443.423073,0.898813,0.721992,0.898813,0.721992,33,22,20,19,0,0,0,0,96,39,29,26
2026/02/03/14:42:34,3444.423178,0.898813,0.721992,0.898813,0.721992,33,22,20,19,0,0,0,0,96,39,29,26
2026/02/03/14:42:35,3445.423282,0.898813,0.721992,0.898813,0.721992,33,22,20,19,0,0,0,0,96,39,29,26
2026/02/03/14:42:36,3446.423396,0.898813,0.721992,0.898813,0.721992,33,22,20,19,0,0,0,0,96,39,29,26
2026/02/03/14:42:37,3447.423430,0.898813,0.721992,0.898813,0.721992,33,22,20,19,0,0,0,0,96,39,29,26
2026/02/03/14:42:38,3448.423527,0.898813,0.721992,0.898813,0.721992,33,22,20,19,0,0,0,0,96,39,29,26
2026/02/03/14:42:39,3449.423623,0.898813,0.721992,0.898813,0.721992,33,22,20,19,0,0,0,0,96,39,29,26
2026/02/03/14:42:40,3450.423716,0.898813,0.721992,0.898813,0.721992,33,22,20,19,0,0,0,0,96,39,29,26
2026/02/03/14:42:41,3451.423813,0.898813,0.721992,0.898813,0.721992,33,22,20,19,0,0,0,0,96,39,29,26
2026/02/03/14:42:42,3452.423969,0.898813,0.721992,0.898813,0.721992,33,22,20,19,0,0,0,0,96,39,29,26
2026/02/03/14:42:43,3453.424069,0.898813,0.721992,0.898813,0.721992,33,22,20,19,0,0,0,0,96,39,29,26
2026/02/03/14:42:44,3454.424207,0.898813,0.721992,0.898813,0.721992,33,22,20,19,0,0,0,0,96,39,29,26
2026/02/03/14:42:45,3455.424389,0.898813,0.721992,0.898813,0.721992,33,22,20,19,0,0,0,0,96,39,29,26
2026/02/03/14:42:46,3456.424470,0.898813,0.721992,0.898813,0.721992,33,22,20,19,0,0,0,0,96,39,29,26
2026/02/03/14:42:47,3457.424536,0.898813,0.721992,0.898813,0.721992,33,22,20,19,0,0,0,0,96,39,29,26
2026/02/03/14:42:48,3458.424634,0.898813,0.721992,0.898813,0.721992,33,22,20,19,0,0,0,0,96,39,29,26
2026/02/03/14:42:49,3459.424763,0.898813,0.721992,0.898813,0.721992,33,22,20,19,0,0,0,0,96,39,29,26
2026/02/03/14:42:50,3460.424874,0.898813,0.721992,0.898813,0.721992,33,22,20,19,0,0,0,0,96,39,29,26
2026/02/03/14:42:51,3461.424977,0.898813,0.721992,0.898813,0.721992,33,22,20,19,0,0,0,0,96,39,29,26
2026/02/03/14:42:52,3462.425072,0.898813,0.721992,0.898813,0.721992,33,22,20,19,0,0,0,0,96,39,29,26
2026/02/03/14:42:53,3463.425157,0.898813,0.721992,0.898813,0.721992,33,22,20,19,0,0,0,0,96,39,29,26
2026/02/03/14:42:54,3464.425263,0.898813,0.721992,0.898813,0.721992,33,22,20,19,0,0,0,0,96,39,29,26
2026/02/03/14:42:55,3465.425378,0.898813,0.721992,0.898813,0.721992,33,22,20,19,0,0,0,0,96,39,29,26
2026/02/03/14:42:56,3466.425497,0.898813,0.721992,0.898813,0.721992,33,22,20,19,0,0,0,0,96,39,29,26
2026/02/03/14:42:57,3467.425637,0.898813,0.721992,0.898813,0.721992,33,22,20,19,0,0,0,0,96,39,29,26
2026/02/03/14:42:58,3468.425742,0.898813,0.721992,0.898813,0.721992,33,22,20,19,0,0,0,0,96,39,29,26
2026/02/03/14:42:59,3469.425830,0.898813,0.721992,0.898813,0.721992,33,22,20,19,0,0,0,0,96,39,29,26
2026/02/03/14:43:00,3470.425961,0.898813,0.721992,0.898813,0.721992,33,22,20,19,0,0,0,0,96,39,29,26
2026/02/03/14:43:01,3471.426139,0.898813,0.721992,0.898813,0.721992,33,22,20,19,0,0,0,0,96,39,29,26
2026/02/03/14:43:02,3472.426238,0.898813,0.721992,0.898813,0.721992,33,22,20,19,0,0,0,0,96,39,29,26
2026/02/03/14:43:03,3473.426332,0.898813,0.721992,0.898813,0.721992,33,22,20,19,0,0,0,0,96,39,29,26
2026/02/03/14:43:04,3474.426410,0.898813,0.721992,0.898813,0.721992,33,22,20,19,0,0,0,0,96,39,29,26
2026/02/03/14:43:05,3475.426583,0.898813,0.721992,0.898813,0.721992,33,22,20,19,0,0,0,0,96,39,29,26
2026/02/03/14:43:06,3476.426661,0.898813,0.721992,0.898813,0.721992,33,22,20,19,0,0,0,0,96,39,29,26
2026/02/03/14:43:07,3477.426749,0.898813,0.721992,0.898813,0.721992,33,22,20,19,0,0,0,0,96,39,29,26
2026/02/03/14:43:08,3478.426837,0.898813,0.721992,0.898813,0.721992,33,22,20,19,0,0,0,0,96,39,29,26
2026/02/03/14:43:09,3479.426944,0.898813,0.721992,0.898813,0.721992,33,22,20,19,0,0,0,0,96,39,29,26
2026/02/03/14:43:10,3480.427054,0.898813,0.721992,0.898813,0.721992,33,22,20,19,0,0,0,0,96,39,29,26
2026/02/03/14:43:11,3481.427175,0.898813,0.721992,0.898813,0.721992,33,22,20,19,0,0,0,0,96,39,29,26
2026/02/03/14:43:12,3482.427264,0.898813,0.721992,0.898813,0.721992,33,22,20,19,0,0,0,0,96,39,29,26
2026/02/03/14:43:13,3483.427421,0.898813,0.721992,0.898813,0.721992,33,22,20,19,0,0,0,0,96,39,29,26
2026/02/03/14:43:14,3484.427589,0.898813,0.721992,0.898813,0.721992,33,22,20,19,0,0,0,0,96,39,29,26
2026/02/03/14:43:15,3485.427689,0.898813,0.721992,0.898813,0.721992,33,22,20,19,0,0,0,0,96,39,29,26
2026/02/03/14:43:16,3486.427797,0.898813,0.721992,0.898813,0.721992,33,22,20,19,0,0,0,0,96,39,29,26
2026/02/03/14:43:17,3487.427955,0.898813,0.721992,0.898813,0.721992,33,22,20,19,0,0,0,0,96,39,29,26
2026/02/03/14:43:18,3488.428046,0.898813,0.721992,0.898813,0.721992,33,22,20,19,0,0,0,0,96,39,29,26
2026/02/03/14:43:19,3489.428125,0.898813,0.721992,0.898813,0.721992,33,22,20,19,0,0,0,0,96,39,29,26
2026/02/03/14:43:20,3490.428236,0.898813,0.721992,0.898813,0.721992,33,22,20,19,0,0,0,0,96,39,29,26
2026/02/03/14:43:21,3491.428339,0.898813,0.721992,0.898813,0.721992,33,22,20,19,0,0,0,0,96,39,29,26
2026/02/03/14:43:22,3492.428483,0.898813,0.721992,0.898813,0.721992,33,22,20,19,0,0,0,0,96,39,29,26
2026/02/03/14:43:23,3493.428575,0.898813,0.721992,0.898813,0.721992,33,22,20,19,0,0,0,0,96,39,29,26
2026/02/03/14:43:24,3494.428679,0.898813,0.721992,0.898813,0.721992,33,22,20,19,0,0,0,0,96,39,29,26
2026/02/03/14:43:25,3495.428832,0.898813,0.721992,0.898813,0.721992,33,22,20,19,0,0,0,0,96,39,29,26
2026/02/03/14:43:26,3496.429060,0.898813,0.721992,0.898813,0.721992,33,22,20,19,0,0,0,0,96,39,29,26
2026/02/03/14:43:27,3497.429104,0.898813,0.721992,0.898813,0.721992,33,22,20,19,0,0,0,0,96,39,29,26
2026/02/03/14:43:28,3498.429206,0.898813,0.721992,0.898813,0.721992,33,22,20,19,0,0,0,0,96,39,29,26
2026/02/03/14:43:29,3499.429299,0.898813,0.721992,0.898813,0.721992,33,22,20,19,0,0,0,0,96,39,29,26
2026/02/03/14:43:30,3500.429394,0.898813,0.721992,0.898813,0.721992,33,22,20,19,0,0,0,0,96,39,29,26
2026/02/03/14:43:31,3501.429512,0.898813,0.721992,0.898813,0.721992,33,22,20,19,0,0,0,0,96,39,29,26
2026/02/03/14:43:32,3502.429634,0.898813,0.721992,0.898813,0.721992,33,22,20,19,0,0,0,0,96,39,29,26
2026/02/03/14:43:33,3503.429748,0.898813,0.721992,0.898813,0.721992,33,22,20,19,0,0,0,0,96,39,29,26
2026/02/03/14:43:34,3504.429928,0.898813,0.721992,0.898813,0.721992,33,22,20,19,0,0,0,0,96,39,29,26
2026/02/03/14:43:35,3505.430023,0.898813,0.721992,0.898813,0.721992,33,22,20,19,0,0,0,0,96,39,29,26
2026/02/03/14:43:36,3506.430185,0.898813,0.721992,0.898813,0.721992,33,22,20,19,0,0,0,0,96,39,29,26
2026/02/03/14:43:37,3507.430283,0.898813,0.721992,0.898813,0.721992,33,22,20,19,0,0,0,0,96,39,29,26
2026/02/03/14:43:38,3508.430428,0.898813,0.721992,0.898813,0.721992,33,22,20,19,0,0,0,0,96,39,29,26
2026/02/03/14:43:39,3509.430583,0.898813,0.721992,0.898813,0.721992,33,22,20,19,0,0,0,0,96,39,29,26
2026/02/03/14:43:40,3510.430678,0.898813,0.721992,0.898813,0.721992,33,22,20,19,0,0,0,0,96,39,29,26
2026/02/03/14:43:41,3511.430755,0.898813,0.721992,0.898813,0.721992,33,22,20,19,0,0,0,0,96,39,29,26
2026/02/03/14:43:42,3512.430917,0.916438,0.770258,0.916438,0.770258,33,25,20,19,0,0,0,0,96,39,29,26
2026/02/03/14:43:43,3513.431078,0.916438,0.770258,0.916438,0.770258,33,25,20,19,0,0,0,0,96,39,29,26
2026/02/03/14:43:44,3514.431239,0.916438,0.770258,0.916438,0.770258,33,25,20,19,0,0,0,0,96,39,29,26
2026/02/03/14:43:45,3515.431369,0.898813,0.721992,0.898813,0.721992,33,22,20,19,0,0,0,0,96,42,29,26
2026/02/03/14:43:46,3516.431445,0.898813,0.721992,0.898813,0.721992,33,22,20,19,0,0,0,0,96,42,29,26
2026/02/03/14:43:47,3517.431543,0.898813,0.721992,0.898813,0.721992,33,22,20,19,0,0,0,0,96,42,29,26
2026/02/03/14:43:48,3518.431637,0.898813,0.721992,0.898813,0.721992,33,22,20,19,0,0,0,0,96,42,29,26
2026/02/03/14:43:49,3519.431803,0.898813,0.721992,0.898813,0.721992,33,22,20,19,0,0,0,0,96,42,29,26
2026/02/03/14:43:50,3520.431902,0.898813,0.721992,0.898813,0.721992,33,22,20,19,0,0,0,0,96,42,29,26
2026/02/03/14:43:51,3521.431997,0.898813,0.721992,0.898813,0.721992,33,22,20,19,0,0,0,0,96,42,29,26
2026/02/03/14:43:52,3522.432083,0.898813,0.721992,0.898813,0.721992,33,22,20,19,0,0,0,0,96,42,29,26
2026/02/03/14:43:53,3523.432184,0.898813,0.721992,0.898813,0.721992,33,22,20,19,0,0,0,0,96,42,29,26
2026/02/03/14:43:54,3524.432272,0.898813,0.721992,0.898813,0.721992,33,22,20,19,0,0,0,0,96,42,29,26
2026/02/03/14:43:55,3525.432408,0.898813,0.721992,0.898813,0.721992,33,22,20,19,0,0,0,0,96,42,29,26
2026/02/03/14:43:56,3526.432755,0.898813,0.721992,0.898813,0.721992,33,22,20,19,0,0,0,0,96,42,29,26
2026/02/03/14:43:57,3527.432843,0.898813,0.721992,0.898813,0.721992,33,22,20,19,0,0,0,0,96,42,29,26
2026/02/03/14:43:58,3528.432975,0.898813,0.721992,0.898813,0.721992,33,22,20,19,0,0,0,0,96,42,29,26
2026/02/03/14:43:59,3529.433071,0.898813,0.721992,0.898813,0.721992,33,22,20,19,0,0,0,0,96,42,29,26
2026/02/03/14:44:00,3530.433171,0.898813,0.721992,0.898813,0.721992,33,22,20,19,0,0,0,0,96,42,29,26
2026/02/03/14:44:01,3531.433263,0.898813,0.721992,0.898813,0.721992,33,22,20,19,0,0,0,0,96,42,29,26
2026/02/03/14:44:02,3532.433440,0.898813,0.721992,0.898813,0.721992,33,22,20,19,0,0,0,0,96,42,29,26
2026/02/03/14:44:03,3533.433581,0.898813,0.721992,0.898813,0.721992,33,22,20,19,0,0,0,0,96,42,29,26
2026/02/03/14:44:04,3534.433699,0.898813,0.721992,0.898813,0.721992,33,22,20,19,0,0,0,0,96,42,29,26
2026/02/03/14:44:05,3535.433820,0.898813,0.721992,0.898813,0.721992,33,22,20,19,0,0,0,0,96,42,29,26
2026/02/03/14:44:06,3536.433932,0.898813,0.721992,0.898813,0.721992,33,22,20,19,0,0,0,0,96,42,29,26
2026/02/03/14:44:07,3537.434053,0.898813,0.721992,0.898813,0.721992,33,22,20,19,0,0,0,0,96,42,29,26
2026/02/03/14:44:08,3538.434152,0.898813,0.721992,0.898813,0.721992,33,22,20,19,0,0,0,0,96,42,29,26
2026/02/03/14:44:09,3539.434270,0.898813,0.721992,0.898813,0.721992,33,22,20,19,0,0,0,0,96,42,29,26
2026/02/03/14:44:10,3540.434374,0.898813,0.721992,0.898813,0.721992,33,22,20,19,0,0,0,0,96,42,29,26
2026/02/03/14:44:11,3541.434459,0.898813,0.721992,0.898813,0.721992,33,22,20,19,0,0,0,0,96,42,29,26
2026/02/03/14:44:12,3542.434599,0.898813,0.721992,0.898813,0.721992,33,22,20,19,0,0,0,0,96,42,29,26
2026/02/03/14:44:13,3543.434702,0.898813,0.721992,0.898813,0.721992,33,22,20,19,0,0,0,0,96,42,29,26
2026/02/03/14:44:14,3544.434789,0.898813,0.721992,0.898813,0.721992,33,22,20,19,0,0,0,0,96,42,29,26
2026/02/03/14:44:15,3545.434923,0.898813,0.721992,0.898813,0.721992,33,22,20,19,0,0,0,0,96,42,29,26
2026/02/03/14:44:16,3546.435079,0.898813,0.721992,0.898813,0.721992,33,22,20,19,0,0,0,0,96,42,29,26
2026/02/03/14:44:17,3547.435189,0.898813,0.721992,0.898813,0.721992,33,22,20,19,0,0,0,0,96,42,29,26
2026/02/03/14:44:18,3548.435264,0.898813,0.721992,0.898813,0.721992,33,22,20,19,0,0,0,0,96,42,29,26
2026/02/03/14:44:19,3549.435400,0.898813,0.721992,0.898813,0.721992,33,22,20,19,0,0,0,0,96,42,29,26
2026/02/03/14:44:20,3550.435422,0.898813,0.721992,0.898813,0.721992,33,22,20,19,0,0,0,0,96,42,29,26
2026/02/03/14:44:21,3551.435580,0.898813,0.721992,0.898813,0.721992,33,22,20,19,0,0,0,0,96,42,29,26
2026/02/03/14:44:22,3552.435672,0.898813,0.721992,0.898813,0.721992,33,22,20,19,0,0,0,0,96,42,29,26
2026/02/03/14:44:23,3553.435834,0.898813,0.721992,0.898813,0.721992,33,22,20,19,0,0,0,0,96,42,29,26
2026/02/03/14:44:24,3554.436002,0.898813,0.721992,0.898813,0.721992,33,22,20,19,0,0,0,0,96,42,29,26
2026/02/03/14:44:25,3555.436101,0.898813,0.721992,0.898813,0.721992,33,22,20,19,0,0,0,0,96,42,29,26
2026/02/03/14:44:26,3556.436238,0.898813,0.721992,0.898813,0.721992,33,22,20,19,0,0,0,0,96,42,29,26
2026/02/03/14:44:27,3557.436414,0.898813,0.721992,0.898813,0.721992,33,22,20,19,0,0,0,0,96,42,29,26
2026/02/03/14:44:28,3558.436561,0.898813,0.721992,0.898813,0.721992,33,22,20,19,0,0,0,0,96,42,29,26
2026/02/03/14:44:29,3559.436665,0.898813,0.721992,0.898813,0.721992,33,22,20,19,0,0,0,0,96,42,29,26
2026/02/03/14:44:30,3560.436758,0.898813,0.721992,0.898813,0.721992,33,22,20,19,0,0,0,0,96,42,29,26
2026/02/03/14:44:31,3561.436861,0.898813,0.721992,0.898813,0.721992,33,22,20,19,0,0,0,0,96,42,29,26
2026/02/03/14:44:32,3562.436953,0.898813,0.721992,0.898813,0.721992,33,22,20,19,0,0,0,0,96,42,29,26
2026/02/03/14:44:33,3563.437047,0.898813,0.721992,0.898813,0.721992,33,22,20,19,0,0,0,0,96,42,29,26
2026/02/03/14:44:34,3564.437157,0.898813,0.721992,0.898813,0.721992,33,22,20,19,0,0,0,0,96,42,29,26
2026/02/03/14:44:35,3565.437254,0.898813,0.721992,0.898813,0.721992,33,22,20,19,0,0,0,0,96,42,29,26
2026/02/03/14:44:36,3566.437397,0.898813,0.721992,0.898813,0.721992,33,22,20,19,0,0,0,0,96,42,29,26
2026/02/03/14:44:37,3567.437560,0.898813,0.721992,0.898813,0.721992,33,22,20,19,0,0,0,0,96,42,29,26
2026/02/03/14:44:38,3568.437652,0.898813,0.721992,0.898813,0.721992,33,22,20,19,0,0,0,0,96,42,29,26
2026/02/03/14:44:39,3569.437752,0.898813,0.721992,0.898813,0.721992,33,22,20,19,0,0,0,0,96,42,29,26
2026/02/03/14:44:40,3570.437848,0.898813,0.721992,0.898813,0.721992,33,22,20,19,0,0,0,0,96,42,29,26
2026/02/03/14:44:41,3571.437951,0.898813,0.721992,0.898813,0.721992,33,22,20,19,0,0,0,0,96,42,29,26
2026/02/03/14:44:42,3572.438064,0.898813,0.721992,0.898813,0.721992,33,22,20,19,0,0,0,0,96,42,29,26
2026/02/03/14:44:43,3573.438147,0.898813,0.721992,0.898813,0.721992,33,22,20,19,0,0,0,0,96,42,29,26
2026/02/03/14:44:44,3574.438243,0.898813,0.721992,0.898813,0.721992,33,22,20,19,0,0,0,0,96,42,29,26
2026/02/03/14:44:45,3575.438401,0.898813,0.721992,0.898813,0.721992,33,22,20,19,0,0,0,0,96,42,29,26
2026/02/03/14:44:46,3576.438645,0.898813,0.721992,0.898813,0.721992,33,22,20,19,0,0,0,0,96,42,29,26
2026/02/03/14:44:47,3577.438702,0.898813,0.721992,0.898813,0.721992,33,22,20,19,0,0,0,0,96,42,29,26
2026/02/03/14:44:48,3578.438803,0.898813,0.721992,0.898813,0.721992,33,22,20,19,0,0,0,0,96,42,29,26
2026/02/03/14:44:49,3579.438903,0.898813,0.721992,0.898813,0.721992,33,22,20,19,0,0,0,0,96,42,29,26
2026/02/03/14:44:50,3580.439008,0.898813,0.721992,0.898813,0.721992,33,22,20,19,0,0,0,0,96,42,29,26
2026/02/03/14:44:51,3581.439095,0.898813,0.721992,0.898813,0.721992,33,22,20,19,0,0,0,0,96,42,29,26
2026/02/03/14:44:52,3582.439197,0.898813,0.721992,0.898813,0.721992,33,22,20,19,0,0,0,0,96,42,29,26
2026/02/03/14:44:53,3583.439301,0.898813,0.721992,0.898813,0.721992,33,22,20,19,0,0,0,0,96,42,29,26
2026/02/03/14:44:54,3584.439419,0.898813,0.721992,0.898813,0.721992,33,22,20,19,0,0,0,0,96,42,29,26
2026/02/03/14:44:55,3585.439527,0.898813,0.721992,0.898813,0.721992,33,22,20,19,0,0,0,0,96,42,29,26
2026/02/03/14:44:56,3586.439664,0.898813,0.721992,0.898813,0.721992,33,22,20,19,0,0,0,0,96,42,29,26
2026/02/03/14:44:57,3587.439774,0.898813,0.721992,0.898813,0.721992,33,22,20,19,0,0,0,0,96,42,29,26
2026/02/03/14:44:58,3588.439878,0.898813,0.721992,0.898813,0.721992,33,22,20,19,0,0,0,0,96,42,29,26
2026/02/03/14:44:59,3589.439981,0.898813,0.721992,0.898813,0.721992,33,22,20,19,0,0,0,0,96,42,29,26
2026/02/03/14:45:00,3590.440077,0.898813,0.721992,0.898813,0.721992,33,22,20,19,0,0,0,0,96,42,29,26
2026/02/03/14:45:01,3591.440180,0.898813,0.721992,0.898813,0.721992,33,22,20,19,0,0,0,0,96,42,29,26
2026/02/03/14:45:02,3592.440274,0.898813,0.721992,0.898813,0.721992,33,22,20,19,0,0,0,0,96,42,29,26
2026/02/03/14:45:03,3593.440416,0.898813,0.721992,0.898813,0.721992,33,22,20,19,0,0,0,0,96,42,29,26
2026/02/03/14:45:04,3594.440539,0.898813,0.721992,0.898813,0.721992,33,22,20,19,0,0,0,0,96,42,29,26
2026/02/03/14:45:05,3595.440657,0.898813,0.721992,0.898813,0.721992,33,22,20,19,0,0,0,0,96,42,29,26
2026/02/03/14:45:06,3596.440777,0.898813,0.721992,0.898813,0.721992,33,22,20,19,0,0,0,0,96,42,29,26
2026/02/03/14:45:07,3597.440880,0.898813,0.721992,0.898813,0.721992,33,22,20,19,0,0,0,0,96,42,29,26
2026/02/03/14:45:08,3598.440972,0.898813,0.721992,0.898813,0.721992,33,22,20,19,0,0,0,0,96,42,29,26
2026/02/03/14:45:09,3599.441087,0.898813,0.721992,0.898813,0.721992,33,22,20,19,0,0,0,0,96,42,29,26
2026/02/03/14:45:10,3600.441189,0.898813,0.721992,0.898813,0.721992,33,22,20,19,0,0,0,0,96,42,29,26
2026/02/03/14:45:11,3601.441336,0.898813,0.721992,0.898813,0.721992,33,22,20,19,0,0,0,0,96,42,29,26
2026/02/03/14:45:12,3602.441470,0.898813,0.721992,0.898813,0.721992,33,22,20,19,0,0,0,0,96,42,29,26
2026/02/03/14:45:13,3603.441573,0.898813,0.721992,0.898813,0.721992,33,22,20,19,0,0,0,0,96,42,29,26
2026/02/03/14:45:14,3604.441693,0.898813,0.721992,0.898813,0.721992,33,22,20,19,0,0,0,0,96,42,29,26
2026/02/03/14:45:15,3605.441792,0.898813,0.721992,0.898813,0.721992,33,22,20,19,0,0,0,0,96,42,29,26
2026/02/03/14:45:16,3606.441880,0.898813,0.721992,0.898813,0.721992,33,22,20,19,0,0,0,0,96,42,29,26
2026/02/03/14:45:17,3607.441991,0.898813,0.721992,0.898813,0.721992,33,22,20,19,0,0,0,0,96,42,29,26
2026/02/03/14:45:18,3608.442112,0.898813,0.721992,0.898813,0.721992,33,22,20,19,0,0,0,0,96,42,29,26
2026/02/03/14:45:19,3609.442215,0.898813,0.721992,0.898813,0.721992,33,22,20,19,0,0,0,0,96,42,29,26
2026/02/03/14:45:20,3610.442315,0.898813,0.721992,0.898813,0.721992,33,22,20,19,0,0,0,0,96,42,29,26
2026/02/03/14:45:21,3611.442425,0.898813,0.721992,0.898813,0.721992,33,22,20,19,0,0,0,0,96,42,29,26
2026/02/03/14:45:22,3612.442517,0.898813,0.721992,0.898813,0.721992,33,22,20,19,0,0,0,0,96,42,29,26
2026/02/03/14:45:23,3613.442674,0.898813,0.721992,0.898813,0.721992,33,22,20,19,0,0,0,0,96,42,29,26
2026/02/03/14:45:24,3614.442786,0.898813,0.721992,0.898813,0.721992,33,22,20,19,0,0,0,0,96,42,29,26
2026/02/03/14:45:25,3615.442879,0.898813,0.721992,0.898813,0.721992,33,22,20,19,0,0,0,0,96,42,29,26
2026/02/03/14:45:26,3616.443031,0.898813,0.721992,0.898813,0.721992,33,22,20,19,0,0,0,0,96,42,29,26
2026/02/03/14:45:27,3617.443185,0.898813,0.721992,0.898813,0.721992,33,22,20,19,0,0,0,0,96,42,29,26
2026/02/03/14:45:28,3618.443328,0.898813,0.721992,0.898813,0.721992,33,22,20,19,0,0,0,0,96,42,29,26
2026/02/03/14:45:29,3619.443447,0.898813,0.721992,0.898813,0.721992,33,22,20,19,0,0,0,0,96,42,29,26
2026/02/03/14:45:30,3620.443576,0.890375,0.718238,0.890375,0.718238,33,21,20,19,0,0,0,0,96,43,29,26
2026/02/03/14:45:31,3621.443733,0.890375,0.718238,0.890375,0.718238,33,21,20,19,0,0,0,0,96,43,29,26
2026/02/03/14:45:32,3622.443840,0.890375,0.718238,0.890375,0.718238,33,21,20,19,0,0,0,0,96,43,29,26
2026/02/03/14:45:33,3623.443951,0.890375,0.718238,0.890375,0.718238,33,21,20,19,0,0,0,0,96,43,29,26
2026/02/03/14:45:34,3624.444055,0.890375,0.718238,0.890375,0.718238,33,21,20,19,0,0,0,0,96,43,29,26
2026/02/03/14:45:35,3625.444165,0.890375,0.718238,0.890375,0.718238,33,21,20,19,0,0,0,0,96,43,29,26
2026/02/03/14:45:36,3626.444327,0.890375,0.718238,0.890375,0.718238,33,21,20,19,0,0,0,0,96,43,29,26
2026/02/03/14:45:37,3627.444452,0.890375,0.718238,0.890375,0.718238,33,21,20,19,0,0,0,0,96,43,29,26
2026/02/03/14:45:38,3628.444563,0.890375,0.718238,0.890375,0.718238,33,21,20,19,0,0,0,0,96,43,29,26
2026/02/03/14:45:39,3629.444658,0.890375,0.718238,0.890375,0.718238,33,21,20,19,0,0,0,0,96,43,29,26
2026/02/03/14:45:40,3630.444765,0.890375,0.718238,0.890375,0.718238,33,21,20,19,0,0,0,0,96,43,29,26
2026/02/03/14:45:41,3631.444838,0.890375,0.718238,0.890375,0.718238,33,21,20,19,0,0,0,0,96,43,29,26
2026/02/03/14:45:42,3632.444952,0.890375,0.718238,0.890375,0.718238,33,21,20,19,0,0,0,0,96,43,29,26
2026/02/03/14:45:43,3633.445041,0.890375,0.718238,0.890375,0.718238,33,21,20,19,0,0,0,0,96,43,29,26
2026/02/03/14:45:44,3634.445145,0.890375,0.718238,0.890375,0.718238,33,21,20,19,0,0,0,0,96,43,29,26
2026/02/03/14:45:45,3635.445240,0.890375,0.718238,0.890375,0.718238,33,21,20,19,0,0,0,0,96,43,29,26
2026/02/03/14:45:46,3636.445410,0.890375,0.718238,0.890375,0.718238,33,21,20,19,0,0,0,0,96,43,29,26
2026/02/03/14:45:47,3637.445497,0.890375,0.718238,0.890375,0.718238,33,21,20,19,0,0,0,0,96,43,29,26
2026/02/03/14:45:48,3638.445659,0.890375,0.718238,0.890375,0.718238,33,21,20,19,0,0,0,0,96,43,29,26
2026/02/03/14:45:49,3639.445755,0.890375,0.718238,0.890375,0.718238,33,21,20,19,0,0,0,0,96,43,29,26
2026/02/03/14:45:50,3640.445855,0.890375,0.718238,0.890375,0.718238,33,21,20,19,0,0,0,0,96,43,29,26
2026/02/03/14:45:51,3641.445952,0.890375,0.718238,0.890375,0.718238,33,21,20,19,0,0,0,0,96,43,29,26
2026/02/03/14:45:52,3642.446053,0.890375,0.718238,0.890375,0.718238,33,21,20,19,0,0,0,0,96,43,29,26
2026/02/03/14:45:53,3643.446221,0.890375,0.718238,0.890375,0.718238,33,21,20,19,0,0,0,0,96,43,29,26
2026/02/03/14:45:54,3644.446321,0.890375,0.718238,0.890375,0.718238,33,21,20,19,0,0,0,0,96,43,29,26
2026/02/03/14:45:55,3645.446486,0.890375,0.718238,0.890375,0.718238,33,21,20,19,0,0,0,0,96,43,29,26
2026/02/03/14:45:56,3646.446555,0.890375,0.718238,0.890375,0.718238,33,21,20,19,0,0,0,0,96,43,29,26
2026/02/03/14:45:57,3647.446663,0.890375,0.718238,0.890375,0.718238,33,21,20,19,0,0,0,0,96,43,29,26
2026/02/03/14:45:58,3648.446789,0.890375,0.718238,0.890375,0.718238,33,21,20,19,0,0,0,0,96,43,29,26
2026/02/03/14:45:59,3649.446928,0.890375,0.718238,0.890375,0.718238,33,21,20,19,0,0,0,0,96,43,29,26
2026/02/03/14:46:00,3650.447049,0.890375,0.718238,0.890375,0.718238,33,21,20,19,0,0,0,0,96,43,29,26
2026/02/03/14:46:01,3651.447166,0.890375,0.718238,0.890375,0.718238,33,21,20,19,0,0,0,0,96,43,29,26
2026/02/03/14:46:02,3652.447299,0.890375,0.718238,0.890375,0.718238,33,21,20,19,0,0,0,0,96,43,29,26
2026/02/03/14:46:03,3653.447473,0.890375,0.718238,0.890375,0.718238,33,21,20,19,0,0,0,0,96,43,29,26
2026/02/03/14:46:04,3654.447569,0.890375,0.718238,0.890375,0.718238,33,21,20,19,0,0,0,0,96,43,29,26
2026/02/03/14:46:05,3655.447721,0.890375,0.718238,0.890375,0.718238,33,21,20,19,0,0,0,0,96,43,29,26
2026/02/03/14:46:06,3656.447882,0.890375,0.718238,0.890375,0.718238,33,21,20,19,0,0,0,0,96,43,29,26
2026/02/03/14:46:07,3657.447979,0.890375,0.718238,0.890375,0.718238,33,21,20,19,0,0,0,0,96,43,29,26
2026/02/03/14:46:08,3658.448076,0.890375,0.718238,0.890375,0.718238,33,21,20,19,0,0,0,0,96,43,29,26
2026/02/03/14:46:09,3659.448238,0.890375,0.718238,0.890375,0.718238,33,21,20,19,0,0,0,0,96,43,29,26
2026/02/03/14:46:10,3660.448311,0.890375,0.718238,0.890375,0.718238,33,21,20,19,0,0,0,0,96,43,29,26
2026/02/03/14:46:11,3661.448457,0.886375,0.709062,0.886375,0.709062,32,21,20,19,0,0,0,0,97,43,29,26
2026/02/03/14:46:12,3662.448559,0.886375,0.709062,0.886375,0.709062,32,21,20,19,0,0,0,0,97,43,29,26
2026/02/03/14:46:13,3663.448663,0.886375,0.709062,0.886375,0.709062,32,21,20,19,0,0,0,0,97,43,29,26
2026/02/03/14:46:14,3664.448836,0.886375,0.709062,0.886375,0.709062,32,21,20,19,0,0,0,0,97,43,29,26
2026/02/03/14:46:15,3665.449000,0.886375,0.709062,0.886375,0.709062,32,21,20,19,0,0,0,0,97,43,29,26
2026/02/03/14:46:16,3666.449103,0.886375,0.709062,0.886375,0.709062,32,21,20,19,0,0,0,0,97,43,29,26
2026/02/03/14:46:17,3667.449205,0.886375,0.709062,0.886375,0.709062,32,21,20,19,0,0,0,0,97,43,29,26
2026/02/03/14:46:18,3668.449389,0.886375,0.709062,0.886375,0.709062,32,21,20,19,0,0,0,0,97,43,29,26
2026/02/03/14:46:19,3669.449432,0.886375,0.709062,0.886375,0.709062,32,21,20,19,0,0,0,0,97,43,29,26
2026/02/03/14:46:20,3670.449528,0.886375,0.709062,0.886375,0.709062,32,21,20,19,0,0,0,0,97,43,29,26
2026/02/03/14:46:21,3671.449691,0.886375,0.709062,0.886375,0.709062,32,21,20,19,0,0,0,0,97,43,29,26
2026/02/03/14:46:22,3672.449788,0.886375,0.709062,0.886375,0.709062,32,21,20,19,0,0,0,0,97,43,29,26
2026/02/03/14:46:23,3673.449965,0.886375,0.709062,0.886375,0.709062,32,21,20,19,0,0,0,0,97,43,29,26
2026/02/03/14:46:24,3674.450065,0.886375,0.709062,0.886375,0.709062,32,21,20,19,0,0,0,0,97,43,29,26
2026/02/03/14:46:25,3675.450236,0.886375,0.709062,0.886375,0.709062,32,21,20,19,0,0,0,0,97,43,29,26
2026/02/03/14:46:26,3676.450333,0.886375,0.709062,0.886375,0.709062,32,21,20,19,0,0,0,0,97,43,29,26
2026/02/03/14:46:27,3677.450459,0.886375,0.709062,0.886375,0.709062,32,21,20,19,0,0,0,0,97,43,29,26
2026/02/03/14:46:28,3678.450558,0.886375,0.709062,0.886375,0.709062,32,21,20,19,0,0,0,0,97,43,29,26
2026/02/03/14:46:29,3679.450648,0.886375,0.709062,0.886375,0.709062,32,21,20,19,0,0,0,0,97,43,29,26
2026/02/03/14:46:30,3680.450761,0.886375,0.709062,0.886375,0.709062,32,21,20,19,0,0,0,0,97,43,29,26
2026/02/03/14:46:31,3681.450857,0.886375,0.709062,0.886375,0.709062,32,21,20,19,0,0,0,0,97,43,29,26
2026/02/03/14:46:32,3682.450953,0.886375,0.709062,0.886375,0.709062,32,21,20,19,0,0,0,0,97,43,29,26
2026/02/03/14:46:33,3683.451103,0.886375,0.709062,0.886375,0.709062,32,21,20,19,0,0,0,0,97,43,29,26
2026/02/03/14:46:34,3684.451272,0.886375,0.709062,0.886375,0.709062,32,21,20,19,0,0,0,0,97,43,29,26
2026/02/03/14:46:35,3685.451380,0.886375,0.709062,0.886375,0.709062,32,21,20,19,0,0,0,0,97,43,29,26
2026/02/03/14:46:36,3686.451447,0.886375,0.709062,0.886375,0.709062,32,21,20,19,0,0,0,0,97,43,29,26
2026/02/03/14:46:37,3687.451550,0.886375,0.709062,0.886375,0.709062,32,21,20,19,0,0,0,0,97,43,29,26
2026/02/03/14:46:38,3688.451659,0.886375,0.709062,0.886375,0.709062,32,21,20,19,0,0,0,0,97,43,29,26
2026/02/03/14:46:39,3689.451762,0.886375,0.709062,0.886375,0.709062,32,21,20,19,0,0,0,0,97,43,29,26
2026/02/03/14:46:40,3690.451872,0.886375,0.709062,0.886375,0.709062,32,21,20,19,0,0,0,0,97,43,29,26
2026/02/03/14:46:41,3691.451963,0.886375,0.709062,0.886375,0.709062,32,21,20,19,0,0,0,0,97,43,29,26
2026/02/03/14:46:42,3692.452065,0.886375,0.709062,0.886375,0.709062,32,21,20,19,0,0,0,0,97,43,29,26
2026/02/03/14:46:43,3693.452194,0.886375,0.709062,0.886375,0.709062,32,21,20,19,0,0,0,0,97,43,29,26
2026/02/03/14:46:44,3694.452303,0.886375,0.709062,0.886375,0.709062,32,21,20,19,0,0,0,0,97,43,29,26
2026/02/03/14:46:45,3695.452410,0.886375,0.709062,0.886375,0.709062,32,21,20,19,0,0,0,0,97,43,29,26
2026/02/03/14:46:46,3696.452512,0.886375,0.709062,0.886375,0.709062,32,21,20,19,0,0,0,0,97,43,29,26
2026/02/03/14:46:47,3697.452623,0.886375,0.709062,0.886375,0.709062,32,21,20,19,0,0,0,0,97,43,29,26
2026/02/03/14:46:48,3698.452715,0.886375,0.709062,0.886375,0.709062,32,21,20,19,0,0,0,0,97,43,29,26
2026/02/03/14:46:49,3699.452832,0.886375,0.709062,0.886375,0.709062,32,21,20,19,0,0,0,0,97,43,29,26
2026/02/03/14:46:50,3700.452984,0.886375,0.709062,0.886375,0.709062,32,21,20,19,0,0,0,0,97,43,29,26
2026/02/03/14:46:51,3701.453090,0.886375,0.709062,0.886375,0.709062,32,21,20,19,0,0,0,0,97,43,29,26
2026/02/03/14:46:52,3702.453207,0.886375,0.709062,0.886375,0.709062,32,21,20,19,0,0,0,0,97,43,29,26
2026/02/03/14:46:53,3703.453304,0.886375,0.709062,0.886375,0.709062,32,21,20,19,0,0,0,0,97,43,29,26
2026/02/03/14:46:54,3704.453439,0.886375,0.709062,0.886375,0.709062,32,21,20,19,0,0,0,0,97,43,29,26
2026/02/03/14:46:55,3705.453567,0.886375,0.709062,0.886375,0.709062,32,21,20,19,0,0,0,0,97,43,29,26
2026/02/03/14:46:56,3706.453676,0.886375,0.709062,0.886375,0.709062,32,21,20,19,0,0,0,0,97,43,29,26
2026/02/03/14:46:57,3707.453782,0.886375,0.709062,0.886375,0.709062,32,21,20,19,0,0,0,0,97,43,29,26
2026/02/03/14:46:58,3708.453884,0.886375,0.709062,0.886375,0.709062,32,21,20,19,0,0,0,0,97,43,29,26
2026/02/03/14:46:59,3709.454021,0.886375,0.709062,0.886375,0.709062,32,21,20,19,0,0,0,0,97,43,29,26
2026/02/03/14:47:00,3710.454152,0.886375,0.709062,0.886375,0.709062,32,21,20,19,0,0,0,0,97,43,29,26
2026/02/03/14:47:01,3711.454257,0.886375,0.709062,0.886375,0.709062,32,21,20,19,0,0,0,0,97,43,29,26
2026/02/03/14:47:02,3712.454397,0.886375,0.709062,0.886375,0.709062,32,21,20,19,0,0,0,0,97,43,29,26
2026/02/03/14:47:03,3713.454568,0.886375,0.709062,0.886375,0.709062,32,21,20,19,0,0,0,0,97,43,29,26
2026/02/03/14:47:04,3714.454666,0.886375,0.709062,0.886375,0.709062,32,21,20,19,0,0,0,0,97,43,29,26
2026/02/03/14:47:05,3715.454762,0.886375,0.709062,0.886375,0.709062,32,21,20,19,0,0,0,0,97,43,29,26
2026/02/03/14:47:06,3716.454925,0.886375,0.709062,0.886375,0.709062,32,21,20,19,0,0,0,0,97,43,29,26
2026/02/03/14:47:07,3717.455021,0.886375,0.709062,0.886375,0.709062,32,21,20,19,0,0,0,0,97,43,29,26
2026/02/03/14:47:08,3718.455134,0.886375,0.709062,0.886375,0.709062,32,21,20,19,0,0,0,0,97,43,29,26
2026/02/03/14:47:09,3719.455228,0.886375,0.709062,0.886375,0.709062,32,21,20,19,0,0,0,0,97,43,29,26
2026/02/03/14:47:10,3720.455363,0.886375,0.709062,0.886375,0.709062,32,21,20,19,0,0,0,0,97,43,29,26
2026/02/03/14:47:11,3721.455501,0.886375,0.709062,0.886375,0.709062,32,21,20,19,0,0,0,0,97,43,29,26
2026/02/03/14:47:12,3722.455665,0.886375,0.709062,0.886375,0.709062,32,21,20,19,0,0,0,0,97,43,29,26
2026/02/03/14:47:13,3723.455807,0.886375,0.709062,0.886375,0.709062,32,21,20,19,0,0,0,0,97,43,29,26
2026/02/03/14:47:14,3724.456084,0.886375,0.709062,0.886375,0.709062,32,21,20,19,0,0,0,0,97,43,29,26
2026/02/03/14:47:15,3725.456181,0.886375,0.709062,0.886375,0.709062,32,21,20,19,0,0,0,0,97,43,29,26
2026/02/03/14:47:16,3726.456316,0.886375,0.709062,0.886375,0.709062,32,21,20,19,0,0,0,0,97,43,29,26
2026/02/03/14:47:17,3727.456467,0.886375,0.709062,0.886375,0.709062,32,21,20,19,0,0,0,0,97,43,29,26
2026/02/03/14:47:18,3728.456623,0.886375,0.709062,0.886375,0.709062,32,21,20,19,0,0,0,0,97,43,29,26
2026/02/03/14:47:19,3729.456780,0.886375,0.709062,0.886375,0.709062,32,21,20,19,0,0,0,0,97,43,29,26
2026/02/03/14:47:20,3730.456919,0.886375,0.709062,0.886375,0.709062,32,21,20,19,0,0,0,0,97,43,29,26
2026/02/03/14:47:21,3731.457061,0.886375,0.709062,0.886375,0.709062,32,21,20,19,0,0,0,0,97,43,29,26
2026/02/03/14:47:22,3732.457217,0.886375,0.709062,0.886375,0.709062,32,21,20,19,0,0,0,0,97,43,29,26
2026/02/03/14:47:23,3733.457363,0.886375,0.709062,0.886375,0.709062,32,21,20,19,0,0,0,0,97,43,29,26
2026/02/03/14:47:24,3734.457519,0.886375,0.709062,0.886375,0.709062,32,21,20,19,0,0,0,0,97,43,29,26
2026/02/03/14:47:25,3735.457678,0.886375,0.709062,0.886375,0.709062,32,21,20,19,0,0,0,0,97,43,29,26
2026/02/03/14:47:26,3736.457831,0.886375,0.709062,0.886375,0.709062,32,21,20,19,0,0,0,0,97,43,29,26
2026/02/03/14:47:27,3737.457958,0.886375,0.709062,0.886375,0.709062,32,21,20,19,0,0,0,0,97,43,29,26
2026/02/03/14:47:28,3738.458104,0.886375,0.709062,0.886375,0.709062,32,21,20,19,0,0,0,0,97,43,29,26
2026/02/03/14:47:29,3739.458263,0.886375,0.709062,0.886375,0.709062,32,21,20,19,0,0,0,0,97,43,29,26
2026/02/03/14:47:30,3740.458382,0.886375,0.709062,0.886375,0.709062,32,21,20,19,0,0,0,0,97,43,29,26
2026/02/03/14:47:31,3741.458527,0.886375,0.709062,0.886375,0.709062,32,21,20,19,0,0,0,0,97,43,29,26
2026/02/03/14:47:32,3742.458624,0.886375,0.709062,0.886375,0.709062,32,21,20,19,0,0,0,0,97,43,29,26
2026/02/03/14:47:33,3743.458770,0.886375,0.709062,0.886375,0.709062,32,21,20,19,0,0,0,0,97,43,29,26
2026/02/03/14:47:34,3744.458906,0.886375,0.709062,0.886375,0.709062,32,21,20,19,0,0,0,0,97,43,29,26
2026/02/03/14:47:35,3745.459084,0.886375,0.709062,0.886375,0.709062,32,21,20,19,0,0,0,0,97,43,29,26
2026/02/03/14:47:36,3746.459209,0.886375,0.709062,0.886375,0.709062,32,21,20,19,0,0,0,0,97,43,29,26
2026/02/03/14:47:37,3747.459355,0.886375,0.709062,0.886375,0.709062,32,21,20,19,0,0,0,0,97,43,29,26
2026/02/03/14:47:38,3748.459486,0.886375,0.709062,0.886375,0.709062,32,21,20,19,0,0,0,0,97,43,29,26
2026/02/03/14:47:39,3749.459613,0.886375,0.709062,0.886375,0.709062,32,21,20,19,0,0,0,0,97,43,29,26
2026/02/03/14:47:40,3750.459728,0.886375,0.709062,0.886375,0.709062,32,21,20,19,0,0,0,0,97,43,29,26
2026/02/03/14:47:41,3751.459878,0.886375,0.709062,0.886375,0.709062,32,21,20,19,0,0,0,0,97,43,29,26
2026/02/03/14:47:42,3752.459988,0.886375,0.709062,0.886375,0.709062,32,21,20,19,0,0,0,0,97,43,29,26
2026/02/03/14:47:43,3753.460091,0.886375,0.709062,0.886375,0.709062,32,21,20,19,0,0,0,0,97,43,29,26
2026/02/03/14:47:44,3754.460212,0.886375,0.709062,0.886375,0.709062,32,21,20,19,0,0,0,0,97,43,29,26
2026/02/03/14:47:45,3755.460306,0.886375,0.709062,0.886375,0.709062,32,21,20,19,0,0,0,0,97,43,29,26
2026/02/03/14:47:46,3756.460442,0.886375,0.709062,0.886375,0.709062,32,21,20,19,0,0,0,0,97,43,29,26
2026/02/03/14:47:47,3757.460582,0.886375,0.709062,0.886375,0.709062,32,21,20,19,0,0,0,0,97,43,29,26
2026/02/03/14:47:48,3758.460688,0.886375,0.709062,0.886375,0.709062,32,21,20,19,0,0,0,0,97,43,29,26
2026/02/03/14:47:49,3759.460792,0.886375,0.709062,0.886375,0.709062,32,21,20,19,0,0,0,0,97,43,29,26
2026/02/03/14:47:50,3760.460920,0.886375,0.709062,0.886375,0.709062,32,21,20,19,0,0,0,0,97,43,29,26
2026/02/03/14:47:51,3761.461090,0.886375,0.709062,0.886375,0.709062,32,21,20,19,0,0,0,0,97,43,29,26
2026/02/03/14:47:52,3762.461245,0.876375,0.704414,0.876375,0.704414,32,21,20,18,0,0,0,0,97,43,29,27
2026/02/03/14:47:53,3763.461421,0.876375,0.704414,0.876375,0.704414,32,21,20,18,0,0,0,0,97,43,29,27
2026/02/03/14:47:54,3764.461560,0.876375,0.704414,0.876375,0.704414,32,21,20,18,0,0,0,0,97,43,29,27
2026/02/03/14:47:55,3765.461725,0.876375,0.704414,0.876375,0.704414,32,21,20,18,0,0,0,0,97,43,29,27
2026/02/03/14:47:56,3766.461885,0.876375,0.704414,0.876375,0.704414,32,21,20,18,0,0,0,0,97,43,29,27
2026/02/03/14:47:57,3767.461985,0.876375,0.704414,0.876375,0.704414,32,21,20,18,0,0,0,0,97,43,29,27
2026/02/03/14:47:58,3768.462122,0.876375,0.704414,0.876375,0.704414,32,21,20,18,0,0,0,0,97,43,29,27
2026/02/03/14:47:59,3769.462255,0.876375,0.704414,0.876375,0.704414,32,21,20,18,0,0,0,0,97,43,29,27
2026/02/03/14:48:00,3770.462427,0.869000,0.694881,0.869000,0.694881,32,19,20,18,0,0,0,0,97,45,29,27
2026/02/03/14:48:01,3771.462534,0.869000,0.694881,0.869000,0.694881,32,19,20,18,0,0,0,0,97,45,29,27
2026/02/03/14:48:02,3772.462651,0.869000,0.694881,0.869000,0.694881,32,19,20,18,0,0,0,0,97,45,29,27
2026/02/03/14:48:03,3773.462780,0.869000,0.694881,0.869000,0.694881,32,19,20,18,0,0,0,0,97,45,29,27
2026/02/03/14:48:04,3774.462922,0.869000,0.694881,0.869000,0.694881,32,19,20,18,0,0,0,0,97,45,29,27
2026/02/03/14:48:05,3775.463041,0.869000,0.694881,0.869000,0.694881,32,19,20,18,0,0,0,0,97,45,29,27
2026/02/03/14:48:06,3776.463166,0.869000,0.694881,0.869000,0.694881,32,19,20,18,0,0,0,0,97,45,29,27
2026/02/03/14:48:07,3777.463292,0.869000,0.694881,0.869000,0.694881,32,19,20,18,0,0,0,0,97,45,29,27
2026/02/03/14:48:08,3778.463449,0.869000,0.694881,0.869000,0.694881,32,19,20,18,0,0,0,0,97,45,29,27
2026/02/03/14:48:09,3779.463598,0.869000,0.694881,0.869000,0.694881,32,19,20,18,0,0,0,0,97,45,29,27
2026/02/03/14:48:10,3780.463731,0.869000,0.694881,0.869000,0.694881,32,19,20,18,0,0,0,0,97,45,29,27
2026/02/03/14:48:11,3781.463858,0.869000,0.694881,0.869000,0.694881,32,19,20,18,0,0,0,0,97,45,29,27
2026/02/03/14:48:12,3782.464020,0.869000,0.694881,0.869000,0.694881,32,19,20,18,0,0,0,0,97,45,29,27
2026/02/03/14:48:13,3783.464129,0.869000,0.694881,0.869000,0.694881,32,19,20,18,0,0,0,0,97,45,29,27
2026/02/03/14:48:14,3784.464240,0.869000,0.694881,0.869000,0.694881,32,19,20,18,0,0,0,0,97,45,29,27
2026/02/03/14:48:15,3785.464385,0.869000,0.694881,0.869000,0.694881,32,19,20,18,0,0,0,0,97,45,29,27
2026/02/03/14:48:16,3786.464513,0.869000,0.694881,0.869000,0.694881,32,19,20,18,0,0,0,0,97,45,29,27
2026/02/03/14:48:17,3787.464660,0.869000,0.694881,0.869000,0.694881,32,19,20,18,0,0,0,0,97,45,29,27
2026/02/03/14:48:18,3788.464785,0.869000,0.694881,0.869000,0.694881,32,19,20,18,0,0,0,0,97,45,29,27
2026/02/03/14:48:19,3789.464917,0.869000,0.694881,0.869000,0.694881,32,19,20,18,0,0,0,0,97,45,29,27
2026/02/03/14:48:20,3790.465065,0.869000,0.694881,0.869000,0.694881,32,19,20,18,0,0,0,0,97,45,29,27
2026/02/03/14:48:21,3791.465214,0.869000,0.694881,0.869000,0.694881,32,19,20,18,0,0,0,0,97,45,29,27
2026/02/03/14:48:22,3792.465400,0.869000,0.694881,0.869000,0.694881,32,19,20,18,0,0,0,0,97,45,29,27
2026/02/03/14:48:23,3793.465510,0.869000,0.694881,0.869000,0.694881,32,19,20,18,0,0,0,0,97,45,29,27
2026/02/03/14:48:24,3794.465609,0.869000,0.694881,0.869000,0.694881,32,19,20,18,0,0,0,0,97,45,29,27
2026/02/03/14:48:25,3795.465732,0.869000,0.694881,0.869000,0.694881,32,19,20,18,0,0,0,0,97,45,29,27
2026/02/03/14:48:26,3796.465836,0.869000,0.694881,0.869000,0.694881,32,19,20,18,0,0,0,0,97,45,29,27
2026/02/03/14:48:27,3797.465982,0.869000,0.694881,0.869000,0.694881,32,19,20,18,0,0,0,0,97,45,29,27
2026/02/03/14:48:28,3798.466065,0.869000,0.694881,0.869000,0.694881,32,19,20,18,0,0,0,0,97,45,29,27
2026/02/03/14:48:29,3799.466176,0.869000,0.694881,0.869000,0.694881,32,19,20,18,0,0,0,0,97,45,29,27
2026/02/03/14:48:30,3800.466274,0.869000,0.694881,0.869000,0.694881,32,19,20,18,0,0,0,0,97,45,29,27
2026/02/03/14:48:31,3801.466377,0.869000,0.694881,0.869000,0.694881,32,19,20,18,0,0,0,0,97,45,29,27
2026/02/03/14:48:32,3802.466529,0.869000,0.694881,0.869000,0.694881,32,19,20,18,0,0,0,0,97,45,29,27
2026/02/03/14:48:33,3803.466646,0.869000,0.694881,0.869000,0.694881,32,19,20,18,0,0,0,0,97,45,29,27
2026/02/03/14:48:34,3804.466740,0.869000,0.694881,0.869000,0.694881,32,19,20,18,0,0,0,0,97,45,29,27
2026/02/03/14:48:35,3805.466900,0.869000,0.694881,0.869000,0.694881,32,19,20,18,0,0,0,0,97,45,29,27
2026/02/03/14:48:36,3806.467037,0.869000,0.694881,0.869000,0.694881,32,19,20,18,0,0,0,0,97,45,29,27
2026/02/03/14:48:37,3807.467144,0.869000,0.694881,0.869000,0.694881,32,19,20,18,0,0,0,0,97,45,29,27
2026/02/03/14:48:38,3808.467242,0.869000,0.694881,0.869000,0.694881,32,19,20,18,0,0,0,0,97,45,29,27
2026/02/03/14:48:39,3809.467391,0.869000,0.694881,0.869000,0.694881,32,19,20,18,0,0,0,0,97,45,29,27
2026/02/03/14:48:40,3810.467568,0.869000,0.694881,0.869000,0.694881,32,19,20,18,0,0,0,0,97,45,29,27
2026/02/03/14:48:41,3811.467727,0.869000,0.694881,0.869000,0.694881,32,19,20,18,0,0,0,0,97,45,29,27
2026/02/03/14:48:42,3812.467858,0.869000,0.694881,0.869000,0.694881,32,19,20,18,0,0,0,0,97,45,29,27
2026/02/03/14:48:43,3813.467975,0.869000,0.694881,0.869000,0.694881,32,19,20,18,0,0,0,0,97,45,29,27
2026/02/03/14:48:44,3814.468132,0.869000,0.694881,0.869000,0.694881,32,19,20,18,0,0,0,0,97,45,29,27
2026/02/03/14:48:45,3815.468245,0.869000,0.694881,0.869000,0.694881,32,19,20,18,0,0,0,0,97,45,29,27
2026/02/03/14:48:46,3816.468452,0.869000,0.694881,0.869000,0.694881,32,19,20,18,0,0,0,0,97,45,29,27
2026/02/03/14:48:47,3817.468463,0.869000,0.694881,0.869000,0.694881,32,19,20,18,0,0,0,0,97,45,29,27
2026/02/03/14:48:48,3818.468592,0.869000,0.694881,0.869000,0.694881,32,19,20,18,0,0,0,0,97,45,29,27
2026/02/03/14:48:49,3819.468689,0.888125,0.733031,0.888125,0.733031,35,19,21,18,0,0,0,0,97,45,29,27
2026/02/03/14:48:50,3820.468789,0.888125,0.733031,0.888125,0.733031,35,19,21,18,0,0,0,0,97,45,29,27
2026/02/03/14:48:51,3821.468957,0.888125,0.733031,0.888125,0.733031,35,19,21,18,0,0,0,0,97,45,29,27
2026/02/03/14:48:52,3822.469059,0.888125,0.733031,0.888125,0.733031,35,19,21,18,0,0,0,0,97,45,29,27
2026/02/03/14:48:53,3823.469161,0.888125,0.733031,0.888125,0.733031,35,19,21,18,0,0,0,0,97,45,29,27
2026/02/03/14:48:54,3824.469317,0.888125,0.733031,0.888125,0.733031,35,19,21,18,0,0,0,0,97,45,29,27
2026/02/03/14:48:55,3825.469415,0.888125,0.733031,0.888125,0.733031,35,19,21,18,0,0,0,0,97,45,29,27
2026/02/03/14:48:56,3826.469577,0.888125,0.733031,0.888125,0.733031,35,19,21,18,0,0,0,0,97,45,29,27
2026/02/03/14:48:57,3827.469730,0.888125,0.733031,0.888125,0.733031,35,19,21,18,0,0,0,0,97,45,29,27
2026/02/03/14:48:58,3828.469887,0.888125,0.733031,0.888125,0.733031,35,19,21,18,0,0,0,0,97,45,29,27
2026/02/03/14:48:59,3829.470049,0.888125,0.733031,0.888125,0.733031,35,19,21,18,0,0,0,0,97,45,29,27
2026/02/03/14:49:00,3830.470252,0.888125,0.733031,0.888125,0.733031,35,19,21,18,0,0,0,0,97,45,29,27
2026/02/03/14:49:01,3831.470420,0.888125,0.733031,0.888125,0.733031,35,19,21,18,0,0,0,0,97,45,29,27
2026/02/03/14:49:02,3832.470577,0.888125,0.733031,0.888125,0.733031,35,19,21,18,0,0,0,0,97,45,29,27
2026/02/03/14:49:03,3833.470687,0.888125,0.733031,0.888125,0.733031,35,19,21,18,0,0,0,0,97,45,29,27
2026/02/03/14:49:04,3834.470847,0.888125,0.733031,0.888125,0.733031,35,19,21,18,0,0,0,0,97,45,29,27
2026/02/03/14:49:05,3835.471008,0.884938,0.704675,0.884938,0.704675,35,19,20,18,0,0,0,0,97,45,30,27
2026/02/03/14:49:06,3836.471107,0.873188,0.697498,0.873188,0.697498,33,19,20,18,0,0,0,0,99,45,30,27
2026/02/03/14:49:07,3837.471235,0.873188,0.697498,0.873188,0.697498,33,19,20,18,0,0,0,0,99,45,30,27
2026/02/03/14:49:08,3838.471395,0.873188,0.697498,0.873188,0.697498,33,19,20,18,0,0,0,0,99,45,30,27
2026/02/03/14:49:09,3839.471633,0.873188,0.697498,0.873188,0.697498,33,19,20,18,0,0,0,0,99,45,30,27
2026/02/03/14:49:10,3840.471813,0.873188,0.697498,0.873188,0.697498,33,19,20,18,0,0,0,0,99,45,30,27
2026/02/03/14:49:11,3841.471911,0.873188,0.697498,0.873188,0.697498,33,19,20,18,0,0,0,0,99,45,30,27
2026/02/03/14:49:12,3842.472036,0.873188,0.697498,0.873188,0.697498,33,19,20,18,0,0,0,0,99,45,30,27
2026/02/03/14:49:13,3843.472126,0.873188,0.697498,0.873188,0.697498,33,19,20,18,0,0,0,0,99,45,30,27
2026/02/03/14:49:14,3844.472250,0.873188,0.697498,0.873188,0.697498,33,19,20,18,0,0,0,0,99,45,30,27
2026/02/03/14:49:15,3845.472379,0.873188,0.697498,0.873188,0.697498,33,19,20,18,0,0,0,0,99,45,30,27
2026/02/03/14:49:16,3846.472464,0.873188,0.697498,0.873188,0.697498,33,19,20,18,0,0,0,0,99,45,30,27
2026/02/03/14:49:17,3847.472559,0.873188,0.697498,0.873188,0.697498,33,19,20,18,0,0,0,0,99,45,30,27
2026/02/03/14:49:18,3848.472685,0.873188,0.697498,0.873188,0.697498,33,19,20,18,0,0,0,0,99,45,30,27
2026/02/03/14:49:19,3849.472782,0.873188,0.697498,0.873188,0.697498,33,19,20,18,0,0,0,0,99,45,30,27
2026/02/03/14:49:20,3850.472877,0.873188,0.697498,0.873188,0.697498,33,19,20,18,0,0,0,0,99,45,30,27
2026/02/03/14:49:21,3851.473003,0.873188,0.697498,0.873188,0.697498,33,19,20,18,0,0,0,0,99,45,30,27
2026/02/03/14:49:22,3852.473101,0.873188,0.697498,0.873188,0.697498,33,19,20,18,0,0,0,0,99,45,30,27
2026/02/03/14:49:23,3853.473222,0.873188,0.697498,0.873188,0.697498,33,19,20,18,0,0,0,0,99,45,30,27
2026/02/03/14:49:24,3854.473315,0.873188,0.697498,0.873188,0.697498,33,19,20,18,0,0,0,0,99,45,30,27
2026/02/03/14:49:25,3855.473453,0.873188,0.697498,0.873188,0.697498,33,19,20,18,0,0,0,0,99,45,30,27
2026/02/03/14:49:26,3856.473560,0.873188,0.697498,0.873188,0.697498,33,19,20,18,0,0,0,0,99,45,30,27
2026/02/03/14:49:27,3857.473666,0.857250,0.687704,0.857250,0.687704,30,19,20,18,0,0,0,0,102,45,30,27
2026/02/03/14:49:28,3858.473772,0.857250,0.687704,0.857250,0.687704,30,19,20,18,0,0,0,0,102,45,30,27
2026/02/03/14:49:29,3859.473884,0.857250,0.687704,0.857250,0.687704,30,19,20,18,0,0,0,0,102,45,30,27
2026/02/03/14:49:30,3860.473950,0.857250,0.687704,0.857250,0.687704,30,19,20,18,0,0,0,0,102,45,30,27
2026/02/03/14:49:31,3861.474061,0.857250,0.687704,0.857250,0.687704,30,19,20,18,0,0,0,0,102,45,30,27
2026/02/03/14:49:32,3862.474177,0.857250,0.687704,0.857250,0.687704,30,19,20,18,0,0,0,0,102,45,30,27
2026/02/03/14:49:33,3863.474261,0.857250,0.687704,0.857250,0.687704,30,19,20,18,0,0,0,0,102,45,30,27
2026/02/03/14:49:34,3864.474369,0.857250,0.687704,0.857250,0.687704,30,19,20,18,0,0,0,0,102,45,30,27
2026/02/03/14:49:35,3865.474412,0.857250,0.687704,0.857250,0.687704,30,19,20,18,0,0,0,0,102,45,30,27
2026/02/03/14:49:36,3866.474526,0.857250,0.687704,0.857250,0.687704,30,19,20,18,0,0,0,0,102,45,30,27
2026/02/03/14:49:37,3867.474634,0.857250,0.687704,0.857250,0.687704,30,19,20,18,0,0,0,0,102,45,30,27
2026/02/03/14:49:38,3868.474738,0.857250,0.687704,0.857250,0.687704,30,19,20,18,0,0,0,0,102,45,30,27
2026/02/03/14:49:39,3869.474851,0.857250,0.687704,0.857250,0.687704,30,19,20,18,0,0,0,0,102,45,30,27
2026/02/03/14:49:40,3870.474991,0.857250,0.687704,0.857250,0.687704,30,19,20,18,0,0,0,0,102,45,30,27
2026/02/03/14:49:41,3871.475105,0.857250,0.687704,0.857250,0.687704,30,19,20,18,0,0,0,0,102,45,30,27
2026/02/03/14:49:42,3872.475218,0.857250,0.687704,0.857250,0.687704,30,19,20,18,0,0,0,0,102,45,30,27
2026/02/03/14:49:43,3873.475442,0.871875,0.708370,0.871875,0.708370,30,19,23,18,0,0,0,0,102,45,30,27
2026/02/03/14:49:44,3874.475491,0.871875,0.708370,0.871875,0.708370,30,19,23,18,0,0,0,0,102,45,30,27
2026/02/03/14:49:45,3875.475620,0.871875,0.708370,0.871875,0.708370,30,19,23,18,0,0,0,0,102,45,30,27
2026/02/03/14:49:46,3876.475727,0.871875,0.708370,0.871875,0.708370,30,19,23,18,0,0,0,0,102,45,30,27
2026/02/03/14:49:47,3877.475830,0.871875,0.708370,0.871875,0.708370,30,19,23,18,0,0,0,0,102,45,30,27
2026/02/03/14:49:48,3878.475942,0.871875,0.708370,0.871875,0.708370,30,19,23,18,0,0,0,0,102,45,30,27
2026/02/03/14:49:49,3879.476023,0.871875,0.708370,0.871875,0.708370,30,19,23,18,0,0,0,0,102,45,30,27
2026/02/03/14:49:50,3880.476123,0.871875,0.708370,0.871875,0.708370,30,19,23,18,0,0,0,0,102,45,30,27
2026/02/03/14:49:51,3881.476252,0.871875,0.708370,0.871875,0.708370,30,19,23,18,0,0,0,0,102,45,30,27
2026/02/03/14:49:52,3882.476367,0.871875,0.708370,0.871875,0.708370,30,19,23,18,0,0,0,0,102,45,30,27
2026/02/03/14:49:53,3883.476448,0.871875,0.708370,0.871875,0.708370,30,19,23,18,0,0,0,0,102,45,30,27
2026/02/03/14:49:54,3884.476649,0.871875,0.708370,0.871875,0.708370,30,19,23,18,0,0,0,0,102,45,30,27
2026/02/03/14:49:55,3885.476766,0.871875,0.708370,0.871875,0.708370,30,19,23,18,0,0,0,0,102,45,30,27
2026/02/03/14:49:56,3886.476883,0.871875,0.708370,0.871875,0.708370,30,19,23,18,0,0,0,0,102,45,30,27
2026/02/03/14:49:57,3887.477011,0.871875,0.708370,0.871875,0.708370,30,19,23,18,0,0,0,0,102,45,30,27
2026/02/03/14:49:58,3888.477099,0.871875,0.708370,0.871875,0.708370,30,19,23,18,0,0,0,0,102,45,30,27
2026/02/03/14:49:59,3889.477217,0.871875,0.708370,0.871875,0.708370,30,19,23,18,0,0,0,0,102,45,30,27
2026/02/03/14:50:00,3890.477324,0.871875,0.708370,0.871875,0.708370,30,19,23,18,0,0,0,0,102,45,30,27
2026/02/03/14:50:01,3891.477455,0.871875,0.708370,0.871875,0.708370,30,19,23,18,0,0,0,0,102,45,30,27
2026/02/03/14:50:02,3892.477573,0.871875,0.708370,0.871875,0.708370,30,19,23,18,0,0,0,0,102,45,30,27
2026/02/03/14:50:03,3893.477667,0.871875,0.708370,0.871875,0.708370,30,19,23,18,0,0,0,0,102,45,30,27
2026/02/03/14:50:04,3894.477786,0.871875,0.708370,0.871875,0.708370,30,19,23,18,0,0,0,0,102,45,30,27
2026/02/03/14:50:05,3895.477883,0.871875,0.708370,0.871875,0.708370,30,19,23,18,0,0,0,0,102,45,30,27
2026/02/03/14:50:06,3896.477990,0.871875,0.708370,0.871875,0.708370,30,19,23,18,0,0,0,0,102,45,30,27
2026/02/03/14:50:07,3897.478085,0.871875,0.708370,0.871875,0.708370,30,19,23,18,0,0,0,0,102,45,30,27
2026/02/03/14:50:08,3898.478195,0.871875,0.708370,0.871875,0.708370,30,19,23,18,0,0,0,0,102,45,30,27
2026/02/03/14:50:09,3899.478310,0.871875,0.708370,0.871875,0.708370,30,19,23,18,0,0,0,0,102,45,30,27
2026/02/03/14:50:10,3900.478434,0.871875,0.708370,0.871875,0.708370,30,19,23,18,0,0,0,0,102,45,30,27
2026/02/03/14:50:11,3901.478539,0.871875,0.708370,0.871875,0.708370,30,19,23,18,0,0,0,0,102,45,30,27
2026/02/03/14:50:12,3902.478721,0.871875,0.708370,0.871875,0.708370,30,19,23,18,0,0,0,0,102,45,30,27
2026/02/03/14:50:13,3903.478764,0.871875,0.708370,0.871875,0.708370,30,19,23,18,0,0,0,0,102,45,30,27
2026/02/03/14:50:14,3904.478920,0.871875,0.708370,0.871875,0.708370,30,19,23,18,0,0,0,0,102,45,30,27
2026/02/03/14:50:15,3905.479071,0.871875,0.708370,0.871875,0.708370,30,19,23,18,0,0,0,0,102,45,30,27
2026/02/03/14:50:16,3906.479280,0.871875,0.708370,0.871875,0.708370,30,19,23,18,0,0,0,0,102,45,30,27
2026/02/03/14:50:17,3907.479323,0.871875,0.708370,0.871875,0.708370,30,19,23,18,0,0,0,0,102,45,30,27
2026/02/03/14:50:18,3908.479432,0.871875,0.708370,0.871875,0.708370,30,19,23,18,0,0,0,0,102,45,30,27
2026/02/03/14:50:19,3909.479543,0.871875,0.708370,0.871875,0.708370,30,19,23,18,0,0,0,0,102,45,30,27
2026/02/03/14:50:20,3910.479679,0.871875,0.708370,0.871875,0.708370,30,19,23,18,0,0,0,0,102,45,30,27
2026/02/03/14:50:21,3911.479804,0.871875,0.708370,0.871875,0.708370,30,19,23,18,0,0,0,0,102,45,30,27
2026/02/03/14:50:22,3912.479929,0.871875,0.708370,0.871875,0.708370,30,19,23,18,0,0,0,0,102,45,30,27
2026/02/03/14:50:23,3913.480003,0.871875,0.708370,0.871875,0.708370,30,19,23,18,0,0,0,0,102,45,30,27
2026/02/03/14:50:24,3914.480147,0.871875,0.708370,0.871875,0.708370,30,19,23,18,0,0,0,0,102,45,30,27
2026/02/03/14:50:25,3915.480262,0.871875,0.708370,0.871875,0.708370,30,19,23,18,0,0,0,0,102,45,30,27
2026/02/03/14:50:26,3916.480384,0.871875,0.708370,0.871875,0.708370,30,19,23,18,0,0,0,0,102,45,30,27
2026/02/03/14:50:27,3917.480493,0.857250,0.687704,0.857250,0.687704,30,19,20,18,0,0,0,0,102,45,33,27
2026/02/03/14:50:28,3918.480582,0.857250,0.687704,0.857250,0.687704,30,19,20,18,0,0,0,0,102,45,33,27
2026/02/03/14:50:29,3919.480692,0.857250,0.687704,0.857250,0.687704,30,19,20,18,0,0,0,0,102,45,33,27
2026/02/03/14:50:30,3920.480791,0.857250,0.687704,0.857250,0.687704,30,19,20,18,0,0,0,0,102,45,33,27
2026/02/03/14:50:31,3921.480945,0.857250,0.687704,0.857250,0.687704,30,19,20,18,0,0,0,0,102,45,33,27
2026/02/03/14:50:32,3922.481044,0.857250,0.687704,0.857250,0.687704,30,19,20,18,0,0,0,0,102,45,33,27
2026/02/03/14:50:33,3923.481154,0.857250,0.687704,0.857250,0.687704,30,19,20,18,0,0,0,0,102,45,33,27
2026/02/03/14:50:34,3924.481249,0.857250,0.687704,0.857250,0.687704,30,19,20,18,0,0,0,0,102,45,33,27
2026/02/03/14:50:35,3925.481388,0.857250,0.687704,0.857250,0.687704,30,19,20,18,0,0,0,0,102,45,33,27
2026/02/03/14:50:36,3926.481458,0.857250,0.687704,0.857250,0.687704,30,19,20,18,0,0,0,0,102,45,33,27
2026/02/03/14:50:37,3927.481499,0.857250,0.687704,0.857250,0.687704,30,19,20,18,0,0,0,0,102,45,33,27
2026/02/03/14:50:38,3928.481629,0.857250,0.687704,0.857250,0.687704,30,19,20,18,0,0,0,0,102,45,33,27
2026/02/03/14:50:39,3929.481713,0.857250,0.687704,0.857250,0.687704,30,19,20,18,0,0,0,0,102,45,33,27
2026/02/03/14:50:40,3930.481817,0.857250,0.687704,0.857250,0.687704,30,19,20,18,0,0,0,0,102,45,33,27
2026/02/03/14:50:41,3931.481948,0.857250,0.687704,0.857250,0.687704,30,19,20,18,0,0,0,0,102,45,33,27
2026/02/03/14:50:42,3932.482064,0.857250,0.687704,0.857250,0.687704,30,19,20,18,0,0,0,0,102,45,33,27
2026/02/03/14:50:43,3933.482152,0.857250,0.687704,0.857250,0.687704,30,19,20,18,0,0,0,0,102,45,33,27
2026/02/03/14:50:44,3934.482247,0.857250,0.687704,0.857250,0.687704,30,19,20,18,0,0,0,0,102,45,33,27
2026/02/03/14:50:45,3935.482364,0.857250,0.687704,0.857250,0.687704,30,19,20,18,0,0,0,0,102,45,33,27
2026/02/03/14:50:46,3936.482448,0.857250,0.687704,0.857250,0.687704,30,19,20,18,0,0,0,0,102,45,33,27
2026/02/03/14:50:47,3937.482540,0.857250,0.687704,0.857250,0.687704,30,19,20,18,0,0,0,0,102,45,33,27
2026/02/03/14:50:48,3938.482657,0.857250,0.687704,0.857250,0.687704,30,19,20,18,0,0,0,0,102,45,33,27
2026/02/03/14:50:49,3939.482840,0.857250,0.687704,0.857250,0.687704,30,19,20,18,0,0,0,0,102,45,33,27
2026/02/03/14:50:50,3940.482924,0.857250,0.687704,0.857250,0.687704,30,19,20,18,0,0,0,0,102,45,33,27
2026/02/03/14:50:51,3941.483054,0.857250,0.687704,0.857250,0.687704,30,19,20,18,0,0,0,0,102,45,33,27
2026/02/03/14:50:52,3942.483159,0.857250,0.687704,0.857250,0.687704,30,19,20,18,0,0,0,0,102,45,33,27
2026/02/03/14:50:53,3943.483272,0.857250,0.687704,0.857250,0.687704,30,19,20,18,0,0,0,0,102,45,33,27
2026/02/03/14:50:54,3944.483364,0.857250,0.687704,0.857250,0.687704,30,19,20,18,0,0,0,0,102,45,33,27
2026/02/03/14:50:55,3945.483454,0.857250,0.687704,0.857250,0.687704,30,19,20,18,0,0,0,0,102,45,33,27
2026/02/03/14:50:56,3946.483548,0.857250,0.687704,0.857250,0.687704,30,19,20,18,0,0,0,0,102,45,33,27
2026/02/03/14:50:57,3947.483624,0.857250,0.687704,0.857250,0.687704,30,19,20,18,0,0,0,0,102,45,33,27
2026/02/03/14:50:58,3948.483741,0.857250,0.687704,0.857250,0.687704,30,19,20,18,0,0,0,0,102,45,33,27
2026/02/03/14:50:59,3949.483832,0.857250,0.687704,0.857250,0.687704,30,19,20,18,0,0,0,0,102,45,33,27
2026/02/03/14:51:00,3950.483968,0.857250,0.687704,0.857250,0.687704,30,19,20,18,0,0,0,0,102,45,33,27
2026/02/03/14:51:01,3951.484077,0.857250,0.687704,0.857250,0.687704,30,19,20,18,0,0,0,0,102,45,33,27
2026/02/03/14:51:02,3952.484186,0.857250,0.687704,0.857250,0.687704,30,19,20,18,0,0,0,0,102,45,33,27
2026/02/03/14:51:03,3953.484270,0.857250,0.687704,0.857250,0.687704,30,19,20,18,0,0,0,0,102,45,33,27
2026/02/03/14:51:04,3954.484367,0.857250,0.687704,0.857250,0.687704,30,19,20,18,0,0,0,0,102,45,33,27
2026/02/03/14:51:05,3955.484455,0.857250,0.687704,0.857250,0.687704,30,19,20,18,0,0,0,0,102,45,33,27
2026/02/03/14:51:06,3956.484536,0.857250,0.687704,0.857250,0.687704,30,19,20,18,0,0,0,0,102,45,33,27
2026/02/03/14:51:07,3957.484652,0.857250,0.687704,0.857250,0.687704,30,19,20,18,0,0,0,0,102,45,33,27
2026/02/03/14:51:08,3958.484772,0.857250,0.687704,0.857250,0.687704,30,19,20,18,0,0,0,0,102,45,33,27
2026/02/03/14:51:09,3959.484863,0.857250,0.687704,0.857250,0.687704,30,19,20,18,0,0,0,0,102,45,33,27
2026/02/03/14:51:10,3960.484968,0.857250,0.687704,0.857250,0.687704,30,19,20,18,0,0,0,0,102,45,33,27
2026/02/03/14:51:11,3961.485066,0.857250,0.687704,0.857250,0.687704,30,19,20,18,0,0,0,0,102,45,33,27
2026/02/03/14:51:12,3962.485156,0.857250,0.687704,0.857250,0.687704,30,19,20,18,0,0,0,0,102,45,33,27
2026/02/03/14:51:13,3963.485275,0.857250,0.687704,0.857250,0.687704,30,19,20,18,0,0,0,0,102,45,33,27
2026/02/03/14:51:14,3964.485379,0.857250,0.687704,0.857250,0.687704,30,19,20,18,0,0,0,0,102,45,33,27
2026/02/03/14:51:15,3965.485443,0.857250,0.687704,0.857250,0.687704,30,19,20,18,0,0,0,0,102,45,33,27
2026/02/03/14:51:16,3966.485528,0.857250,0.687704,0.857250,0.687704,30,19,20,18,0,0,0,0,102,45,33,27
2026/02/03/14:51:17,3967.485641,0.857250,0.687704,0.857250,0.687704,30,19,20,18,0,0,0,0,102,45,33,27
2026/02/03/14:51:18,3968.485749,0.857250,0.687704,0.857250,0.687704,30,19,20,18,0,0,0,0,102,45,33,27
2026/02/03/14:51:19,3969.485842,0.857250,0.687704,0.857250,0.687704,30,19,20,18,0,0,0,0,102,45,33,27
2026/02/03/14:51:20,3970.485944,0.857250,0.687704,0.857250,0.687704,30,19,20,18,0,0,0,0,102,45,33,27
2026/02/03/14:51:21,3971.486038,0.857250,0.687704,0.857250,0.687704,30,19,20,18,0,0,0,0,102,45,33,27
2026/02/03/14:51:22,3972.486176,0.857250,0.687704,0.857250,0.687704,30,19,20,18,0,0,0,0,102,45,33,27
2026/02/03/14:51:23,3973.486279,0.857250,0.687704,0.857250,0.687704,30,19,20,18,0,0,0,0,102,45,33,27
2026/02/03/14:51:24,3974.486420,0.857250,0.687704,0.857250,0.687704,30,19,20,18,0,0,0,0,102,45,33,27
2026/02/03/14:51:25,3975.486511,0.857250,0.687704,0.857250,0.687704,30,19,20,18,0,0,0,0,102,45,33,27
2026/02/03/14:51:26,3976.486599,0.857250,0.687704,0.857250,0.687704,30,19,20,18,0,0,0,0,102,45,33,27
2026/02/03/14:51:27,3977.486704,0.857250,0.687704,0.857250,0.687704,30,19,20,18,0,0,0,0,102,45,33,27
2026/02/03/14:51:28,3978.486808,0.857250,0.687704,0.857250,0.687704,30,19,20,18,0,0,0,0,102,45,33,27
2026/02/03/14:51:29,3979.486899,0.857250,0.687704,0.857250,0.687704,30,19,20,18,0,0,0,0,102,45,33,27
2026/02/03/14:51:30,3980.487016,0.857250,0.687704,0.857250,0.687704,30,19,20,18,0,0,0,0,102,45,33,27
2026/02/03/14:51:31,3981.487111,0.857250,0.687704,0.857250,0.687704,30,19,20,18,0,0,0,0,102,45,33,27
2026/02/03/14:51:32,3982.487207,0.857250,0.687704,0.857250,0.687704,30,19,20,18,0,0,0,0,102,45,33,27
2026/02/03/14:51:33,3983.487308,0.857250,0.687704,0.857250,0.687704,30,19,20,18,0,0,0,0,102,45,33,27
2026/02/03/14:51:34,3984.487427,0.853812,0.675034,0.853812,0.675034,30,18,20,18,0,0,0,0,102,46,33,27
2026/02/03/14:51:35,3985.487561,0.853812,0.675034,0.853812,0.675034,30,18,20,18,0,0,0,0,102,46,33,27
2026/02/03/14:51:36,3986.487672,0.853812,0.675034,0.853812,0.675034,30,18,20,18,0,0,0,0,102,46,33,27
2026/02/03/14:51:37,3987.487809,0.853812,0.675034,0.853812,0.675034,30,18,20,18,0,0,0,0,102,46,33,27
2026/02/03/14:51:38,3988.487991,0.853812,0.675034,0.853812,0.675034,30,18,20,18,0,0,0,0,102,46,33,27
2026/02/03/14:51:39,3989.488078,0.853812,0.675034,0.853812,0.675034,30,18,20,18,0,0,0,0,102,46,33,27
2026/02/03/14:51:40,3990.488180,0.853812,0.675034,0.853812,0.675034,30,18,20,18,0,0,0,0,102,46,33,27
2026/02/03/14:51:41,3991.488275,0.853812,0.675034,0.853812,0.675034,30,18,20,18,0,0,0,0,102,46,33,27
2026/02/03/14:51:42,3992.488437,0.853812,0.675034,0.853812,0.675034,30,18,20,18,0,0,0,0,102,46,33,27
2026/02/03/14:51:43,3993.488593,0.853812,0.675034,0.853812,0.675034,30,18,20,18,0,0,0,0,102,46,33,27
2026/02/03/14:51:44,3994.488689,0.853812,0.675034,0.853812,0.675034,30,18,20,18,0,0,0,0,102,46,33,27
2026/02/03/14:51:45,3995.488795,0.853812,0.675034,0.853812,0.675034,30,18,20,18,0,0,0,0,102,46,33,27
2026/02/03/14:51:46,3996.488886,0.853812,0.675034,0.853812,0.675034,30,18,20,18,0,0,0,0,102,46,33,27
2026/02/03/14:51:47,3997.488996,0.853812,0.675034,0.853812,0.675034,30,18,20,18,0,0,0,0,102,46,33,27
2026/02/03/14:51:48,3998.489093,0.853812,0.675034,0.853812,0.675034,30,18,20,18,0,0,0,0,102,46,33,27
2026/02/03/14:51:49,3999.489203,0.853812,0.675034,0.853812,0.675034,30,18,20,18,0,0,0,0,102,46,33,27
2026/02/03/14:51:50,4000.489312,0.853812,0.675034,0.853812,0.675034,30,18,20,18,0,0,0,0,102,46,33,27
2026/02/03/14:51:51,4001.489428,0.853812,0.675034,0.853812,0.675034,30,18,20,18,0,0,0,0,102,46,33,27
2026/02/03/14:51:52,4002.489525,0.853812,0.675034,0.853812,0.675034,30,18,20,18,0,0,0,0,102,46,33,27
2026/02/03/14:51:53,4003.489628,0.853812,0.675034,0.853812,0.675034,30,18,20,18,0,0,0,0,102,46,33,27
2026/02/03/14:51:54,4004.489790,0.853812,0.675034,0.853812,0.675034,30,18,20,18,0,0,0,0,102,46,33,27
2026/02/03/14:51:55,4005.489894,0.853812,0.675034,0.853812,0.675034,30,18,20,18,0,0,0,0,102,46,33,27
2026/02/03/14:51:56,4006.490092,0.853812,0.675034,0.853812,0.675034,30,18,20,18,0,0,0,0,102,46,33,27
2026/02/03/14:51:57,4007.490235,0.853812,0.675034,0.853812,0.675034,30,18,20,18,0,0,0,0,102,46,33,27
2026/02/03/14:51:58,4008.490338,0.853812,0.675034,0.853812,0.675034,30,18,20,18,0,0,0,0,102,46,33,27
2026/02/03/14:51:59,4009.490418,0.853812,0.675034,0.853812,0.675034,30,18,20,18,0,0,0,0,102,46,33,27
2026/02/03/14:52:00,4010.490534,0.853812,0.675034,0.853812,0.675034,30,18,20,18,0,0,0,0,102,46,33,27
2026/02/03/14:52:01,4011.490639,0.853812,0.675034,0.853812,0.675034,30,18,20,18,0,0,0,0,102,46,33,27
2026/02/03/14:52:02,4012.490739,0.853812,0.675034,0.853812,0.675034,30,18,20,18,0,0,0,0,102,46,33,27
2026/02/03/14:52:03,4013.490909,0.853812,0.675034,0.853812,0.675034,30,18,20,18,0,0,0,0,102,46,33,27
2026/02/03/14:52:04,4014.490990,0.853812,0.675034,0.853812,0.675034,30,18,20,18,0,0,0,0,102,46,33,27
2026/02/03/14:52:05,4015.491080,0.853812,0.675034,0.853812,0.675034,30,18,20,18,0,0,0,0,102,46,33,27
2026/02/03/14:52:06,4016.491191,0.853812,0.675034,0.853812,0.675034,30,18,20,18,0,0,0,0,102,46,33,27
2026/02/03/14:52:07,4017.491287,0.853812,0.675034,0.853812,0.675034,30,18,20,18,0,0,0,0,102,46,33,27
2026/02/03/14:52:08,4018.491392,0.853812,0.675034,0.853812,0.675034,30,18,20,18,0,0,0,0,102,46,33,27
2026/02/03/14:52:09,4019.491483,0.853812,0.675034,0.853812,0.675034,30,18,20,18,0,0,0,0,102,46,33,27
2026/02/03/14:52:10,4020.491595,0.853812,0.675034,0.853812,0.675034,30,18,20,18,0,0,0,0,102,46,33,27
2026/02/03/14:52:11,4021.491697,0.853812,0.675034,0.853812,0.675034,30,18,20,18,0,0,0,0,102,46,33,27
2026/02/03/14:52:12,4022.491797,0.853812,0.675034,0.853812,0.675034,30,18,20,18,0,0,0,0,102,46,33,27
2026/02/03/14:52:13,4023.491967,0.853812,0.675034,0.853812,0.675034,30,18,20,18,0,0,0,0,102,46,33,27
2026/02/03/14:52:14,4024.492047,0.853812,0.675034,0.853812,0.675034,30,18,20,18,0,0,0,0,102,46,33,27
2026/02/03/14:52:15,4025.492142,0.853812,0.675034,0.853812,0.675034,30,18,20,18,0,0,0,0,102,46,33,27
2026/02/03/14:52:16,4026.492251,0.853812,0.675034,0.853812,0.675034,30,18,20,18,0,0,0,0,102,46,33,27
2026/02/03/14:52:17,4027.492372,0.853812,0.675034,0.853812,0.675034,30,18,20,18,0,0,0,0,102,46,33,27
2026/02/03/14:52:18,4028.492436,0.853812,0.675034,0.853812,0.675034,30,18,20,18,0,0,0,0,102,46,33,27
2026/02/03/14:52:19,4029.492527,0.853812,0.675034,0.853812,0.675034,30,18,20,18,0,0,0,0,102,46,33,27
2026/02/03/14:52:20,4030.492658,0.853812,0.675034,0.853812,0.675034,30,18,20,18,0,0,0,0,102,46,33,27
2026/02/03/14:52:21,4031.492764,0.853812,0.675034,0.853812,0.675034,30,18,20,18,0,0,0,0,102,46,33,27
2026/02/03/14:52:22,4032.492868,0.853812,0.675034,0.853812,0.675034,30,18,20,18,0,0,0,0,102,46,33,27
2026/02/03/14:52:23,4033.492988,0.853812,0.675034,0.853812,0.675034,30,18,20,18,0,0,0,0,102,46,33,27
2026/02/03/14:52:24,4034.493089,0.853812,0.675034,0.853812,0.675034,30,18,20,18,0,0,0,0,102,46,33,27
2026/02/03/14:52:25,4035.493229,0.853812,0.675034,0.853812,0.675034,30,18,20,18,0,0,0,0,102,46,33,27
2026/02/03/14:52:26,4036.493311,0.853812,0.675034,0.853812,0.675034,30,18,20,18,0,0,0,0,102,46,33,27
2026/02/03/14:52:27,4037.493427,0.853812,0.675034,0.853812,0.675034,30,18,20,18,0,0,0,0,102,46,33,27
2026/02/03/14:52:28,4038.493521,0.853812,0.675034,0.853812,0.675034,30,18,20,18,0,0,0,0,102,46,33,27
2026/02/03/14:52:29,4039.493608,0.853812,0.675034,0.853812,0.675034,30,18,20,18,0,0,0,0,102,46,33,27
2026/02/03/14:52:30,4040.493726,0.853812,0.675034,0.853812,0.675034,30,18,20,18,0,0,0,0,102,46,33,27
2026/02/03/14:52:31,4041.493824,0.853812,0.675034,0.853812,0.675034,30,18,20,18,0,0,0,0,102,46,33,27
2026/02/03/14:52:32,4042.493948,0.842562,0.660092,0.842562,0.660092,27,18,20,18,0,0,0,0,105,46,33,27
2026/02/03/14:52:33,4043.494050,0.842562,0.660092,0.842562,0.660092,27,18,20,18,0,0,0,0,105,46,33,27
2026/02/03/14:52:34,4044.494170,0.842562,0.660092,0.842562,0.660092,27,18,20,18,0,0,0,0,105,46,33,27
2026/02/03/14:52:35,4045.494272,0.842562,0.660092,0.842562,0.660092,27,18,20,18,0,0,0,0,105,46,33,27
2026/02/03/14:52:36,4046.494388,0.842562,0.660092,0.842562,0.660092,27,18,20,18,0,0,0,0,105,46,33,27
2026/02/03/14:52:37,4047.494450,0.842562,0.660092,0.842562,0.660092,27,18,20,18,0,0,0,0,105,46,33,27
2026/02/03/14:52:38,4048.494536,0.842562,0.660092,0.842562,0.660092,27,18,20,18,0,0,0,0,105,46,33,27
2026/02/03/14:52:39,4049.494625,0.842562,0.660092,0.842562,0.660092,27,18,20,18,0,0,0,0,105,46,33,27
2026/02/03/14:52:40,4050.494701,0.842562,0.660092,0.842562,0.660092,27,18,20,18,0,0,0,0,105,46,33,27
2026/02/03/14:52:41,4051.494808,0.842562,0.660092,0.842562,0.660092,27,18,20,18,0,0,0,0,105,46,33,27
2026/02/03/14:52:42,4052.494969,0.842562,0.660092,0.842562,0.660092,27,18,20,18,0,0,0,0,105,46,33,27
2026/02/03/14:52:43,4053.495059,0.842562,0.660092,0.842562,0.660092,27,18,20,18,0,0,0,0,105,46,33,27
2026/02/03/14:52:44,4054.495168,0.842562,0.660092,0.842562,0.660092,27,18,20,18,0,0,0,0,105,46,33,27
2026/02/03/14:52:45,4055.495327,0.842562,0.660092,0.842562,0.660092,27,18,20,18,0,0,0,0,105,46,33,27
2026/02/03/14:52:46,4056.495435,0.842562,0.660092,0.842562,0.660092,27,18,20,18,0,0,0,0,105,46,33,27
2026/02/03/14:52:47,4057.495511,0.842562,0.660092,0.842562,0.660092,27,18,20,18,0,0,0,0,105,46,33,27
2026/02/03/14:52:48,4058.495678,0.842562,0.660092,0.842562,0.660092,27,18,20,18,0,0,0,0,105,46,33,27
2026/02/03/14:52:49,4059.495844,0.842562,0.660092,0.842562,0.660092,27,18,20,18,0,0,0,0,105,46,33,27
2026/02/03/14:52:50,4060.495919,0.842562,0.660092,0.842562,0.660092,27,18,20,18,0,0,0,0,105,46,33,27
2026/02/03/14:52:51,4061.496009,0.842562,0.660092,0.842562,0.660092,27,18,20,18,0,0,0,0,105,46,33,27
2026/02/03/14:52:52,4062.496100,0.842562,0.660092,0.842562,0.660092,27,18,20,18,0,0,0,0,105,46,33,27
2026/02/03/14:52:53,4063.496202,0.842562,0.660092,0.842562,0.660092,27,18,20,18,0,0,0,0,105,46,33,27
2026/02/03/14:52:54,4064.496290,0.842562,0.660092,0.842562,0.660092,27,18,20,18,0,0,0,0,105,46,33,27
2026/02/03/14:52:55,4065.496392,0.842562,0.660092,0.842562,0.660092,27,18,20,18,0,0,0,0,105,46,33,27
2026/02/03/14:52:56,4066.496514,0.842562,0.660092,0.842562,0.660092,27,18,20,18,0,0,0,0,105,46,33,27
2026/02/03/14:52:57,4067.496596,0.842562,0.660092,0.842562,0.660092,27,18,20,18,0,0,0,0,105,46,33,27
2026/02/03/14:52:58,4068.496686,0.842562,0.660092,0.842562,0.660092,27,18,20,18,0,0,0,0,105,46,33,27
2026/02/03/14:52:59,4069.496769,0.842562,0.660092,0.842562,0.660092,27,18,20,18,0,0,0,0,105,46,33,27
2026/02/03/14:53:00,4070.496864,0.842562,0.660092,0.842562,0.660092,27,18,20,18,0,0,0,0,105,46,33,27
2026/02/03/14:53:01,4071.496942,0.842562,0.660092,0.842562,0.660092,27,18,20,18,0,0,0,0,105,46,33,27
2026/02/03/14:53:02,4072.497025,0.842562,0.660092,0.842562,0.660092,27,18,20,18,0,0,0,0,105,46,33,27
2026/02/03/14:53:03,4073.497109,0.842562,0.660092,0.842562,0.660092,27,18,20,18,0,0,0,0,105,46,33,27
2026/02/03/14:53:04,4074.497196,0.842562,0.660092,0.842562,0.660092,27,18,20,18,0,0,0,0,105,46,33,27
2026/02/03/14:53:05,4075.497288,0.842562,0.660092,0.842562,0.660092,27,18,20,18,0,0,0,0,105,46,33,27
2026/02/03/14:53:06,4076.497441,0.842562,0.660092,0.842562,0.660092,27,18,20,18,0,0,0,0,105,46,33,27
2026/02/03/14:53:07,4077.497566,0.842562,0.660092,0.842562,0.660092,27,18,20,18,0,0,0,0,105,46,33,27
2026/02/03/14:53:08,4078.497699,0.842562,0.660092,0.842562,0.660092,27,18,20,18,0,0,0,0,105,46,33,27
2026/02/03/14:53:09,4079.497804,0.842562,0.660092,0.842562,0.660092,27,18,20,18,0,0,0,0,105,46,33,27
2026/02/03/14:53:10,4080.497876,0.842562,0.660092,0.842562,0.660092,27,18,20,18,0,0,0,0,105,46,33,27
2026/02/03/14:53:11,4081.497966,0.842562,0.660092,0.842562,0.660092,27,18,20,18,0,0,0,0,105,46,33,27
2026/02/03/14:53:12,4082.498107,0.842562,0.660092,0.842562,0.660092,27,18,20,18,0,0,0,0,105,46,33,27
2026/02/03/14:53:13,4083.498195,0.842562,0.660092,0.842562,0.660092,27,18,20,18,0,0,0,0,105,46,33,27
2026/02/03/14:53:14,4084.498340,0.842562,0.660092,0.842562,0.660092,27,18,20,18,0,0,0,0,105,46,33,27
2026/02/03/14:53:15,4085.498487,0.842562,0.660092,0.842562,0.660092,27,18,20,18,0,0,0,0,105,46,33,27
2026/02/03/14:53:16,4086.498626,0.842562,0.660092,0.842562,0.660092,27,18,20,18,0,0,0,0,105,46,33,27
2026/02/03/14:53:17,4087.498762,0.842562,0.660092,0.842562,0.660092,27,18,20,18,0,0,0,0,105,46,33,27
2026/02/03/14:53:18,4088.498859,0.842562,0.660092,0.842562,0.660092,27,18,20,18,0,0,0,0,105,46,33,27
2026/02/03/14:53:19,4089.498939,0.842562,0.660092,0.842562,0.660092,27,18,20,18,0,0,0,0,105,46,33,27
2026/02/03/14:53:20,4090.499028,0.800375,0.624537,0.800375,0.624537,24,18,20,18,0,0,0,0,108,46,33,27
2026/02/03/14:53:21,4091.499168,0.800375,0.624537,0.800375,0.624537,24,18,20,18,0,0,0,0,108,46,33,27
2026/02/03/14:53:22,4092.499308,0.800375,0.624537,0.800375,0.624537,24,18,20,18,0,0,0,0,108,46,33,27
2026/02/03/14:53:23,4093.499499,0.800375,0.624537,0.800375,0.624537,24,18,20,18,0,0,0,0,108,46,33,27
2026/02/03/14:53:24,4094.499623,0.800375,0.624537,0.800375,0.624537,24,18,20,18,0,0,0,0,108,46,33,27
2026/02/03/14:53:25,4095.499776,0.800375,0.624537,0.800375,0.624537,24,18,20,18,0,0,0,0,108,46,33,27
2026/02/03/14:53:26,4096.499917,0.800375,0.624537,0.800375,0.624537,24,18,20,18,0,0,0,0,108,46,33,27
2026/02/03/14:53:27,4097.499999,0.800375,0.624537,0.800375,0.624537,24,18,20,18,0,0,0,0,108,46,33,27
2026/02/03/14:53:28,4098.500140,0.800375,0.624537,0.800375,0.624537,24,18,20,18,0,0,0,0,108,46,33,27
2026/02/03/14:53:29,4099.500283,0.800375,0.624537,0.800375,0.624537,24,18,20,18,0,0,0,0,108,46,33,27
2026/02/03/14:53:30,4100.500411,0.800375,0.624537,0.800375,0.624537,24,18,20,18,0,0,0,0,108,46,33,27
2026/02/03/14:53:31,4101.500517,0.800375,0.624537,0.800375,0.624537,24,18,20,18,0,0,0,0,108,46,33,27
2026/02/03/14:53:32,4102.500634,0.800375,0.624537,0.800375,0.624537,24,18,20,18,0,0,0,0,108,46,33,27
2026/02/03/14:53:33,4103.500808,0.800375,0.624537,0.800375,0.624537,24,18,20,18,0,0,0,0,108,46,33,27
2026/02/03/14:53:34,4104.501052,0.800375,0.624537,0.800375,0.624537,24,18,20,18,0,0,0,0,108,46,33,27
2026/02/03/14:53:35,4105.501121,0.800375,0.624537,0.800375,0.624537,24,18,20,18,0,0,0,0,108,46,33,27
2026/02/03/14:53:36,4106.501273,0.800375,0.624537,0.800375,0.624537,24,18,20,18,0,0,0,0,108,46,33,27
2026/02/03/14:53:37,4107.501359,0.800375,0.624537,0.800375,0.624537,24,18,20,18,0,0,0,0,108,46,33,27
2026/02/03/14:53:38,4108.501400,0.800375,0.624537,0.800375,0.624537,24,18,20,18,0,0,0,0,108,46,33,27
2026/02/03/14:53:39,4109.501537,0.800375,0.624537,0.800375,0.624537,24,18,20,18,0,0,0,0,108,46,33,27
2026/02/03/14:53:40,4110.501671,0.800375,0.624537,0.800375,0.624537,24,18,20,18,0,0,0,0,108,46,33,27
2026/02/03/14:53:41,4111.501791,0.800375,0.624537,0.800375,0.624537,24,18,20,18,0,0,0,0,108,46,33,27
2026/02/03/14:53:42,4112.501922,0.800375,0.624537,0.800375,0.624537,24,18,20,18,0,0,0,0,108,46,33,27
2026/02/03/14:53:43,4113.502011,0.800375,0.624537,0.800375,0.624537,24,18,20,18,0,0,0,0,108,46,33,27
2026/02/03/14:53:44,4114.502086,0.800375,0.624537,0.800375,0.624537,24,18,20,18,0,0,0,0,108,46,33,27
2026/02/03/14:53:45,4115.502183,0.800375,0.624537,0.800375,0.624537,24,18,20,18,0,0,0,0,108,46,33,27
2026/02/03/14:53:46,4116.502265,0.800375,0.624537,0.800375,0.624537,24,18,20,18,0,0,0,0,108,46,33,27
2026/02/03/14:53:47,4117.502357,0.800375,0.624537,0.800375,0.624537,24,18,20,18,0,0,0,0,108,46,33,27
2026/02/03/14:53:48,4118.502444,0.800375,0.624537,0.800375,0.624537,24,18,20,18,0,0,0,0,108,46,33,27
2026/02/03/14:53:49,4119.502530,0.800375,0.624537,0.800375,0.624537,24,18,20,18,0,0,0,0,108,46,33,27
2026/02/03/14:53:50,4120.502648,0.800375,0.624537,0.800375,0.624537,24,18,20,18,0,0,0,0,108,46,33,27
2026/02/03/14:53:51,4121.502712,0.800375,0.624537,0.800375,0.624537,24,18,20,18,0,0,0,0,108,46,33,27
2026/02/03/14:53:52,4122.502795,0.800375,0.624537,0.800375,0.624537,24,18,20,18,0,0,0,0,108,46,33,27
2026/02/03/14:53:53,4123.502925,0.800375,0.624537,0.800375,0.624537,24,18,20,18,0,0,0,0,108,46,33,27
2026/02/03/14:53:54,4124.503086,0.800375,0.624537,0.800375,0.624537,24,18,20,18,0,0,0,0,108,46,33,27
2026/02/03/14:53:55,4125.503179,0.800375,0.624537,0.800375,0.624537,24,18,20,18,0,0,0,0,108,46,33,27
2026/02/03/14:53:56,4126.503331,0.800375,0.624537,0.800375,0.624537,24,18,20,18,0,0,0,0,108,46,33,27
2026/02/03/14:53:57,4127.503469,0.800375,0.624537,0.800375,0.624537,24,18,20,18,0,0,0,0,108,46,33,27
2026/02/03/14:53:58,4128.503598,0.800375,0.624537,0.800375,0.624537,24,18,20,18,0,0,0,0,108,46,33,27
2026/02/03/14:53:59,4129.503769,0.800375,0.624537,0.800375,0.624537,24,18,20,18,0,0,0,0,108,46,33,27
2026/02/03/14:54:00,4130.503851,0.800375,0.624537,0.800375,0.624537,24,18,20,18,0,0,0,0,108,46,33,27
2026/02/03/14:54:01,4131.503936,0.800375,0.624537,0.800375,0.624537,24,18,20,18,0,0,0,0,108,46,33,27
2026/02/03/14:54:02,4132.504021,0.800375,0.624537,0.800375,0.624537,24,18,20,18,0,0,0,0,108,46,33,27
2026/02/03/14:54:03,4133.504184,0.800375,0.624537,0.800375,0.624537,24,18,20,18,0,0,0,0,108,46,33,27
2026/02/03/14:54:04,4134.504255,0.800375,0.624537,0.800375,0.624537,24,18,20,18,0,0,0,0,108,46,33,27
2026/02/03/14:54:05,4135.504389,0.800375,0.624537,0.800375,0.624537,24,18,20,18,0,0,0,0,108,46,33,27
2026/02/03/14:54:06,4136.504524,0.800375,0.624537,0.800375,0.624537,24,18,20,18,0,0,0,0,108,46,33,27
2026/02/03/14:54:07,4137.504594,0.800375,0.624537,0.800375,0.624537,24,18,20,18,0,0,0,0,108,46,33,27
2026/02/03/14:54:08,4138.504764,0.800375,0.624537,0.800375,0.624537,24,18,20,18,0,0,0,0,108,46,33,27
2026/02/03/14:54:09,4139.504847,0.800375,0.624537,0.800375,0.624537,24,18,20,18,0,0,0,0,108,46,33,27
2026/02/03/14:54:10,4140.504938,0.800375,0.624537,0.800375,0.624537,24,18,20,18,0,0,0,0,108,46,33,27
2026/02/03/14:54:11,4141.505078,0.763125,0.614853,0.763125,0.614853,24,16,20,18,0,0,0,0,108,48,33,27
2026/02/03/14:54:12,4142.505250,0.763125,0.614853,0.763125,0.614853,24,16,20,18,0,0,0,0,108,48,33,27
2026/02/03/14:54:13,4143.505401,0.763125,0.614853,0.763125,0.614853,24,16,20,18,0,0,0,0,108,48,33,27
2026/02/03/14:54:14,4144.505485,0.763125,0.614853,0.763125,0.614853,24,16,20,18,0,0,0,0,108,48,33,27
2026/02/03/14:54:15,4145.505645,0.763125,0.614853,0.763125,0.614853,24,16,20,18,0,0,0,0,108,48,33,27
2026/02/03/14:54:16,4146.505763,0.763125,0.614853,0.763125,0.614853,24,16,20,18,0,0,0,0,108,48,33,27
2026/02/03/14:54:17,4147.505891,0.763125,0.614853,0.763125,0.614853,24,16,20,18,0,0,0,0,108,48,33,27
2026/02/03/14:54:18,4148.505996,0.763125,0.614853,0.763125,0.614853,24,16,20,18,0,0,0,0,108,48,33,27
2026/02/03/14:54:19,4149.506132,0.763125,0.614853,0.763125,0.614853,24,16,20,18,0,0,0,0,108,48,33,27
2026/02/03/14:54:20,4150.506213,0.763125,0.614853,0.763125,0.614853,24,16,20,18,0,0,0,0,108,48,33,27
2026/02/03/14:54:21,4151.506400,0.763125,0.614853,0.763125,0.614853,24,16,20,18,0,0,0,0,108,48,33,27
2026/02/03/14:54:22,4152.506484,0.763125,0.614853,0.763125,0.614853,24,16,20,18,0,0,0,0,108,48,33,27
2026/02/03/14:54:23,4153.506620,0.763125,0.614853,0.763125,0.614853,24,16,20,18,0,0,0,0,108,48,33,27
2026/02/03/14:54:24,4154.506701,0.763125,0.614853,0.763125,0.614853,24,16,20,18,0,0,0,0,108,48,33,27
2026/02/03/14:54:25,4155.506842,0.763125,0.614853,0.763125,0.614853,24,16,20,18,0,0,0,0,108,48,33,27
2026/02/03/14:54:26,4156.507006,0.763125,0.614853,0.763125,0.614853,24,16,20,18,0,0,0,0,108,48,33,27
2026/02/03/14:54:27,4157.507082,0.763125,0.614853,0.763125,0.614853,24,16,20,18,0,0,0,0,108,48,33,27
2026/02/03/14:54:28,4158.507216,0.763125,0.614853,0.763125,0.614853,24,16,20,18,0,0,0,0,108,48,33,27
2026/02/03/14:54:29,4159.507365,0.763125,0.614853,0.763125,0.614853,24,16,20,18,0,0,0,0,108,48,33,27
2026/02/03/14:54:30,4160.507483,0.763125,0.614853,0.763125,0.614853,24,16,20,18,0,0,0,0,108,48,33,27
2026/02/03/14:54:31,4161.507583,0.763125,0.614853,0.763125,0.614853,24,16,20,18,0,0,0,0,108,48,33,27
2026/02/03/14:54:32,4162.507648,0.763125,0.614853,0.763125,0.614853,24,16,20,18,0,0,0,0,108,48,33,27
2026/02/03/14:54:33,4163.507748,0.763125,0.614853,0.763125,0.614853,24,16,20,18,0,0,0,0,108,48,33,27
2026/02/03/14:54:34,4164.507883,0.763125,0.614853,0.763125,0.614853,24,16,20,18,0,0,0,0,108,48,33,27
2026/02/03/14:54:35,4165.508003,0.763125,0.614853,0.763125,0.614853,24,16,20,18,0,0,0,0,108,48,33,27
2026/02/03/14:54:36,4166.508070,0.763125,0.614853,0.763125,0.614853,24,16,20,18,0,0,0,0,108,48,33,27
2026/02/03/14:54:37,4167.508208,0.763125,0.614853,0.763125,0.614853,24,16,20,18,0,0,0,0,108,48,33,27
2026/02/03/14:54:38,4168.508341,0.763125,0.614853,0.763125,0.614853,24,16,20,18,0,0,0,0,108,48,33,27
2026/02/03/14:54:39,4169.508457,0.763125,0.614853,0.763125,0.614853,24,16,20,18,0,0,0,0,108,48,33,27
2026/02/03/14:54:40,4170.508531,0.763125,0.614853,0.763125,0.614853,24,16,20,18,0,0,0,0,108,48,33,27
2026/02/03/14:54:41,4171.508673,0.763125,0.614853,0.763125,0.614853,24,16,20,18,0,0,0,0,108,48,33,27
2026/02/03/14:54:42,4172.508815,0.763125,0.614853,0.763125,0.614853,24,16,20,18,0,0,0,0,108,48,33,27
2026/02/03/14:54:43,4173.508983,0.763125,0.614853,0.763125,0.614853,24,16,20,18,0,0,0,0,108,48,33,27
2026/02/03/14:54:44,4174.509119,0.763125,0.614853,0.763125,0.614853,24,16,20,18,0,0,0,0,108,48,33,27
2026/02/03/14:54:45,4175.509258,0.763125,0.614853,0.763125,0.614853,24,16,20,18,0,0,0,0,108,48,33,27
2026/02/03/14:54:46,4176.509411,0.763125,0.614853,0.763125,0.614853,24,16,20,18,0,0,0,0,108,48,33,27
2026/02/03/14:54:47,4177.509546,0.763125,0.614853,0.763125,0.614853,24,16,20,18,0,0,0,0,108,48,33,27
2026/02/03/14:54:48,4178.509695,0.763125,0.614853,0.763125,0.614853,24,16,20,18,0,0,0,0,108,48,33,27
2026/02/03/14:54:49,4179.509844,0.763125,0.614853,0.763125,0.614853,24,16,20,18,0,0,0,0,108,48,33,27
2026/02/03/14:54:50,4180.509989,0.763125,0.614853,0.763125,0.614853,24,16,20,18,0,0,0,0,108,48,33,27
2026/02/03/14:54:51,4181.510157,0.763125,0.614853,0.763125,0.614853,24,16,20,18,0,0,0,0,108,48,33,27
2026/02/03/14:54:52,4182.510256,0.763125,0.614853,0.763125,0.614853,24,16,20,18,0,0,0,0,108,48,33,27
2026/02/03/14:54:53,4183.510393,0.763125,0.614853,0.763125,0.614853,24,16,20,18,0,0,0,0,108,48,33,27
2026/02/03/14:54:54,4184.510520,0.763125,0.614853,0.763125,0.614853,24,16,20,18,0,0,0,0,108,48,33,27
2026/02/03/14:54:55,4185.510671,0.763125,0.614853,0.763125,0.614853,24,16,20,18,0,0,0,0,108,48,33,27
2026/02/03/14:54:56,4186.510799,0.763125,0.614853,0.763125,0.614853,24,16,20,18,0,0,0,0,108,48,33,27
2026/02/03/14:54:57,4187.510901,0.763125,0.614853,0.763125,0.614853,24,16,20,18,0,0,0,0,108,48,33,27
2026/02/03/14:54:58,4188.510987,0.763125,0.614853,0.763125,0.614853,24,16,20,18,0,0,0,0,108,48,33,27
2026/02/03/14:54:59,4189.511131,0.763125,0.614853,0.763125,0.614853,24,16,20,18,0,0,0,0,108,48,33,27
2026/02/03/14:55:00,4190.511218,0.763125,0.614853,0.763125,0.614853,24,16,20,18,0,0,0,0,108,48,33,27
2026/02/03/14:55:01,4191.511297,0.763125,0.614853,0.763125,0.614853,24,16,20,18,0,0,0,0,108,48,33,27
2026/02/03/14:55:02,4192.511448,0.763125,0.614853,0.763125,0.614853,24,16,20,18,0,0,0,0,108,48,33,27
2026/02/03/14:55:03,4193.511554,0.763125,0.614853,0.763125,0.614853,24,16,20,18,0,0,0,0,108,48,33,27
2026/02/03/14:55:04,4194.511719,0.763125,0.614853,0.763125,0.614853,24,16,20,18,0,0,0,0,108,48,33,27
2026/02/03/14:55:05,4195.511850,0.763125,0.614853,0.763125,0.614853,24,16,20,18,0,0,0,0,108,48,33,27
2026/02/03/14:55:06,4196.512016,0.763125,0.614853,0.763125,0.614853,24,16,20,18,0,0,0,0,108,48,33,27
2026/02/03/14:55:07,4197.512091,0.763125,0.614853,0.763125,0.614853,24,16,20,18,0,0,0,0,108,48,33,27
2026/02/03/14:55:08,4198.512260,0.763125,0.614853,0.763125,0.614853,24,16,20,18,0,0,0,0,108,48,33,27
2026/02/03/14:55:09,4199.512389,0.763125,0.614853,0.763125,0.614853,24,16,20,18,0,0,0,0,108,48,33,27
2026/02/03/14:55:10,4200.512412,0.763125,0.614853,0.763125,0.614853,24,16,20,18,0,0,0,0,108,48,33,27
2026/02/03/14:55:11,4201.512580,0.763125,0.614853,0.763125,0.614853,24,16,20,18,0,0,0,0,108,48,33,27
2026/02/03/14:55:12,4202.512723,0.763125,0.614853,0.763125,0.614853,24,16,20,18,0,0,0,0,108,48,33,27
2026/02/03/14:55:13,4203.512889,0.763125,0.614853,0.763125,0.614853,24,16,20,18,0,0,0,0,108,48,33,27
2026/02/03/14:55:14,4204.513034,0.763125,0.614853,0.763125,0.614853,24,16,20,18,0,0,0,0,108,48,33,27
2026/02/03/14:55:15,4205.513152,0.763125,0.614853,0.763125,0.614853,24,16,20,18,0,0,0,0,108,48,33,27
2026/02/03/14:55:16,4206.513303,0.763125,0.614853,0.763125,0.614853,24,16,20,18,0,0,0,0,108,48,33,27
2026/02/03/14:55:17,4207.513486,0.763125,0.614853,0.763125,0.614853,24,16,20,18,0,0,0,0,108,48,33,27
2026/02/03/14:55:18,4208.513589,0.763125,0.614853,0.763125,0.614853,24,16,20,18,0,0,0,0,108,48,33,27
2026/02/03/14:55:19,4209.513669,0.763125,0.614853,0.763125,0.614853,24,16,20,18,0,0,0,0,108,48,33,27
2026/02/03/14:55:20,4210.513824,0.763125,0.614853,0.763125,0.614853,24,16,20,18,0,0,0,0,108,48,33,27
2026/02/03/14:55:21,4211.513976,0.763125,0.614853,0.763125,0.614853,24,16,20,18,0,0,0,0,108,48,33,27
2026/02/03/14:55:22,4212.514063,0.763125,0.614853,0.763125,0.614853,24,16,20,18,0,0,0,0,108,48,33,27
2026/02/03/14:55:23,4213.514203,0.763125,0.614853,0.763125,0.614853,24,16,20,18,0,0,0,0,108,48,33,27
2026/02/03/14:55:24,4214.514351,0.763125,0.614853,0.763125,0.614853,24,16,20,18,0,0,0,0,108,48,33,27
2026/02/03/14:55:25,4215.514481,0.763125,0.614853,0.763125,0.614853,24,16,20,18,0,0,0,0,108,48,33,27
2026/02/03/14:55:26,4216.514622,0.763125,0.614853,0.763125,0.614853,24,16,20,18,0,0,0,0,108,48,33,27
2026/02/03/14:55:27,4217.514822,0.763125,0.614853,0.763125,0.614853,24,16,20,18,0,0,0,0,108,48,33,27
2026/02/03/14:55:28,4218.514892,0.763125,0.614853,0.763125,0.614853,24,16,20,18,0,0,0,0,108,48,33,27
2026/02/03/14:55:29,4219.514979,0.763125,0.614853,0.763125,0.614853,24,16,20,18,0,0,0,0,108,48,33,27
2026/02/03/14:55:30,4220.515115,0.763125,0.614853,0.763125,0.614853,24,16,20,18,0,0,0,0,108,48,33,27
2026/02/03/14:55:31,4221.515256,0.763125,0.614853,0.763125,0.614853,24,16,20,18,0,0,0,0,108,48,33,27
2026/02/03/14:55:32,4222.515397,0.763125,0.614853,0.763125,0.614853,24,16,20,18,0,0,0,0,108,48,33,27
2026/02/03/14:55:33,4223.515568,0.763125,0.614853,0.763125,0.614853,24,16,20,18,0,0,0,0,108,48,33,27
2026/02/03/14:55:34,4224.515647,0.763125,0.614853,0.763125,0.614853,24,16,20,18,0,0,0,0,108,48,33,27
2026/02/03/14:55:35,4225.515806,0.763125,0.614853,0.763125,0.614853,24,16,20,18,0,0,0,0,108,48,33,27
2026/02/03/14:55:36,4226.515925,0.763125,0.614853,0.763125,0.614853,24,16,20,18,0,0,0,0,108,48,33,27
2026/02/03/14:55:37,4227.516018,0.763125,0.614853,0.763125,0.614853,24,16,20,18,0,0,0,0,108,48,33,27
2026/02/03/14:55:38,4228.516118,0.763125,0.614853,0.763125,0.614853,24,16,20,18,0,0,0,0,108,48,33,27
2026/02/03/14:55:39,4229.516214,0.763125,0.614853,0.763125,0.614853,24,16,20,18,0,0,0,0,108,48,33,27
2026/02/03/14:55:40,4230.516339,0.763125,0.614853,0.763125,0.614853,24,16,20,18,0,0,0,0,108,48,33,27
2026/02/03/14:55:41,4231.516493,0.763125,0.614853,0.763125,0.614853,24,16,20,18,0,0,0,0,108,48,33,27
2026/02/03/14:55:42,4232.516571,0.763125,0.614853,0.763125,0.614853,24,16,20,18,0,0,0,0,108,48,33,27
2026/02/03/14:55:43,4233.516700,0.763125,0.614853,0.763125,0.614853,24,16,20,18,0,0,0,0,108,48,33,27
2026/02/03/14:55:44,4234.516775,0.763125,0.614853,0.763125,0.614853,24,16,20,18,0,0,0,0,108,48,33,27
2026/02/03/14:55:45,4235.516854,0.763125,0.614853,0.763125,0.614853,24,16,20,18,0,0,0,0,108,48,33,27
2026/02/03/14:55:46,4236.517025,0.763125,0.614853,0.763125,0.614853,24,16,20,18,0,0,0,0,108,48,33,27
2026/02/03/14:55:47,4237.517188,0.763125,0.614853,0.763125,0.614853,24,16,20,18,0,0,0,0,108,48,33,27
2026/02/03/14:55:48,4238.517275,0.763125,0.614853,0.763125,0.614853,24,16,20,18,0,0,0,0,108,48,33,27
2026/02/03/14:55:49,4239.517447,0.763125,0.614853,0.763125,0.614853,24,16,20,18,0,0,0,0,108,48,33,27
2026/02/03/14:55:50,4240.517544,0.763125,0.614853,0.763125,0.614853,24,16,20,18,0,0,0,0,108,48,33,27
2026/02/03/14:55:51,4241.517700,0.763125,0.614853,0.763125,0.614853,24,16,20,18,0,0,0,0,108,48,33,27
2026/02/03/14:55:52,4242.517838,0.763125,0.614853,0.763125,0.614853,24,16,20,18,0,0,0,0,108,48,33,27
2026/02/03/14:55:53,4243.517926,0.763125,0.614853,0.763125,0.614853,24,16,20,18,0,0,0,0,108,48,33,27
2026/02/03/14:55:54,4244.518014,0.763125,0.614853,0.763125,0.614853,24,16,20,18,0,0,0,0,108,48,33,27
2026/02/03/14:55:55,4245.518167,0.763125,0.614853,0.763125,0.614853,24,16,20,18,0,0,0,0,108,48,33,27
2026/02/03/14:55:56,4246.518293,0.763125,0.614853,0.763125,0.614853,24,16,20,18,0,0,0,0,108,48,33,27
2026/02/03/14:55:57,4247.518437,0.763125,0.614853,0.763125,0.614853,24,16,20,18,0,0,0,0,108,48,33,27
2026/02/03/14:55:58,4248.518525,0.763125,0.614853,0.763125,0.614853,24,16,20,18,0,0,0,0,108,48,33,27
2026/02/03/14:55:59,4249.518628,0.763125,0.614853,0.763125,0.614853,24,16,20,18,0,0,0,0,108,48,33,27
2026/02/03/14:56:00,4250.518773,0.763125,0.614853,0.763125,0.614853,24,16,20,18,0,0,0,0,108,48,33,27
2026/02/03/14:56:01,4251.518868,0.763125,0.614853,0.763125,0.614853,24,16,20,18,0,0,0,0,108,48,33,27
2026/02/03/14:56:02,4252.518959,0.763125,0.614853,0.763125,0.614853,24,16,20,18,0,0,0,0,108,48,33,27
2026/02/03/14:56:03,4253.519049,0.763125,0.614853,0.763125,0.614853,24,16,20,18,0,0,0,0,108,48,33,27
2026/02/03/14:56:04,4254.519191,0.763125,0.614853,0.763125,0.614853,24,16,20,18,0,0,0,0,108,48,33,27
2026/02/03/14:56:05,4255.519338,0.763125,0.614853,0.763125,0.614853,24,16,20,18,0,0,0,0,108,48,33,27
2026/02/03/14:56:06,4256.519445,0.763125,0.614853,0.763125,0.614853,24,16,20,18,0,0,0,0,108,48,33,27
2026/02/03/14:56:07,4257.519560,0.763125,0.614853,0.763125,0.614853,24,16,20,18,0,0,0,0,108,48,33,27
2026/02/03/14:56:08,4258.519675,0.763125,0.614853,0.763125,0.614853,24,16,20,18,0,0,0,0,108,48,33,27
2026/02/03/14:56:09,4259.519759,0.763125,0.614853,0.763125,0.614853,24,16,20,18,0,0,0,0,108,48,33,27
2026/02/03/14:56:10,4260.519844,0.763125,0.614853,0.763125,0.614853,24,16,20,18,0,0,0,0,108,48,33,27
2026/02/03/14:56:11,4261.519933,0.763125,0.614853,0.763125,0.614853,24,16,20,18,0,0,0,0,108,48,33,27
2026/02/03/14:56:12,4262.520076,0.763125,0.614853,0.763125,0.614853,24,16,20,18,0,0,0,0,108,48,33,27
2026/02/03/14:56:13,4263.520216,0.763125,0.614853,0.763125,0.614853,24,16,20,18,0,0,0,0,108,48,33,27
2026/02/03/14:56:14,4264.520381,0.763125,0.614853,0.763125,0.614853,24,16,20,18,0,0,0,0,108,48,33,27
2026/02/03/14:56:15,4265.520513,0.763125,0.614853,0.763125,0.614853,24,16,20,18,0,0,0,0,108,48,33,27
2026/02/03/14:56:16,4266.520623,0.763125,0.614853,0.763125,0.614853,24,16,20,18,0,0,0,0,108,48,33,27
2026/02/03/14:56:17,4267.520764,0.763125,0.614853,0.763125,0.614853,24,16,20,18,0,0,0,0,108,48,33,27
2026/02/03/14:56:18,4268.520875,0.763125,0.614853,0.763125,0.614853,24,16,20,18,0,0,0,0,108,48,33,27
2026/02/03/14:56:19,4269.520977,0.763125,0.614853,0.763125,0.614853,24,16,20,18,0,0,0,0,108,48,33,27
2026/02/03/14:56:20,4270.521066,0.763125,0.614853,0.763125,0.614853,24,16,20,18,0,0,0,0,108,48,33,27
2026/02/03/14:56:21,4271.521208,0.763125,0.614853,0.763125,0.614853,24,16,20,18,0,0,0,0,108,48,33,27
2026/02/03/14:56:22,4272.521308,0.763125,0.614853,0.763125,0.614853,24,16,20,18,0,0,0,0,108,48,33,27
2026/02/03/14:56:23,4273.521414,0.763125,0.614853,0.763125,0.614853,24,16,20,18,0,0,0,0,108,48,33,27
2026/02/03/14:56:24,4274.521548,0.763125,0.614853,0.763125,0.614853,24,16,20,18,0,0,0,0,108,48,33,27
2026/02/03/14:56:25,4275.521688,0.763125,0.614853,0.763125,0.614853,24,16,20,18,0,0,0,0,108,48,33,27
2026/02/03/14:56:26,4276.521790,0.763125,0.614853,0.763125,0.614853,24,16,20,18,0,0,0,0,108,48,33,27
2026/02/03/14:56:27,4277.521922,0.763125,0.614853,0.763125,0.614853,24,16,20,18,0,0,0,0,108,48,33,27
2026/02/03/14:56:28,4278.522059,0.763125,0.614853,0.763125,0.614853,24,16,20,18,0,0,0,0,108,48,33,27
2026/02/03/14:56:29,4279.522140,0.763125,0.614853,0.763125,0.614853,24,16,20,18,0,0,0,0,108,48,33,27
2026/02/03/14:56:30,4280.522289,0.763125,0.614853,0.763125,0.614853,24,16,20,18,0,0,0,0,108,48,33,27
2026/02/03/14:56:31,4281.522419,0.763125,0.614853,0.763125,0.614853,24,16,20,18,0,0,0,0,108,48,33,27
2026/02/03/14:56:32,4282.522534,0.763125,0.614853,0.763125,0.614853,24,16,20,18,0,0,0,0,108,48,33,27
2026/02/03/14:56:33,4283.522657,0.763125,0.614853,0.763125,0.614853,24,16,20,18,0,0,0,0,108,48,33,27
2026/02/03/14:56:34,4284.522769,0.786813,0.645603,0.807875,0.667686,27,16,22,18,2,1,1,0,108,48,33,27
2026/02/03/14:56:35,4285.522904,0.807875,0.667686,0.807875,0.667686,29,17,23,18,0,0,0,0,108,48,33,27
2026/02/03/14:56:36,4286.523053,0.807875,0.667686,0.807875,0.667686,29,17,23,18,0,0,0,0,108,48,33,27
2026/02/03/14:56:37,4287.523148,0.807875,0.667686,0.807875,0.667686,29,17,23,18,0,0,0,0,108,48,33,27
2026/02/03/14:56:38,4288.523282,0.807875,0.667686,0.807875,0.667686,29,17,23,18,0,0,0,0,108,48,33,27
2026/02/03/14:56:39,4289.523431,0.807875,0.667686,0.807875,0.667686,29,17,23,18,0,0,0,0,108,48,33,27
2026/02/03/14:56:40,4290.523559,0.799875,0.658508,0.799875,0.658508,27,17,23,18,0,0,0,0,110,48,33,27
2026/02/03/14:56:41,4291.523706,0.788813,0.638084,0.788813,0.638084,24,17,23,18,0,0,0,0,113,48,33,27
2026/02/03/14:56:42,4292.523893,0.788813,0.638084,0.788813,0.638084,24,17,23,18,0,0,0,0,113,48,33,27
2026/02/03/14:56:43,4293.524062,0.788813,0.638084,0.788813,0.638084,24,17,23,18,0,0,0,0,113,48,33,27
2026/02/03/14:56:44,4294.524205,0.788813,0.638084,0.788813,0.638084,24,17,23,18,0,0,0,0,113,48,33,27
2026/02/03/14:56:45,4295.524395,0.788813,0.638084,0.788813,0.638084,24,17,23,18,0,0,0,0,113,48,33,27
2026/02/03/14:56:46,4296.524538,0.788813,0.638084,0.788813,0.638084,24,17,23,18,0,0,0,0,113,48,33,27
2026/02/03/14:56:47,4297.524673,0.788813,0.638084,0.788813,0.638084,24,17,23,18,0,0,0,0,113,48,33,27
2026/02/03/14:56:48,4298.524755,0.788813,0.638084,0.788813,0.638084,24,17,23,18,0,0,0,0,113,48,33,27
2026/02/03/14:56:49,4299.524855,0.788813,0.638084,0.788813,0.638084,24,17,23,18,0,0,0,0,113,48,33,27
2026/02/03/14:56:50,4300.525008,0.788813,0.638084,0.788813,0.638084,24,17,23,18,0,0,0,0,113,48,33,27
2026/02/03/14:56:51,4301.525152,0.788813,0.638084,0.788813,0.638084,24,17,23,18,0,0,0,0,113,48,33,27
2026/02/03/14:56:52,4302.525316,0.782062,0.630342,0.782062,0.630342,24,16,23,18,0,0,0,0,113,49,33,27
2026/02/03/14:56:53,4303.525478,0.782062,0.630342,0.782062,0.630342,24,16,23,18,0,0,0,0,113,49,33,27
2026/02/03/14:56:54,4304.525584,0.782062,0.630342,0.782062,0.630342,24,16,23,18,0,0,0,0,113,49,33,27
2026/02/03/14:56:55,4305.525739,0.782062,0.630342,0.782062,0.630342,24,16,23,18,0,0,0,0,113,49,33,27
2026/02/03/14:56:56,4306.525895,0.782062,0.630342,0.782062,0.630342,24,16,23,18,0,0,0,0,113,49,33,27
2026/02/03/14:56:57,4307.526137,0.782062,0.630342,0.782062,0.630342,24,16,23,18,0,0,0,0,113,49,33,27
2026/02/03/14:56:58,4308.526241,0.782062,0.630342,0.782062,0.630342,24,16,23,18,0,0,0,0,113,49,33,27
2026/02/03/14:56:59,4309.526423,0.782062,0.630342,0.782062,0.630342,24,16,23,18,0,0,0,0,113,49,33,27
2026/02/03/14:57:00,4310.526519,0.782062,0.630342,0.782062,0.630342,24,16,23,18,0,0,0,0,113,49,33,27
2026/02/03/14:57:01,4311.526612,0.782062,0.630342,0.782062,0.630342,24,16,23,18,0,0,0,0,113,49,33,27
2026/02/03/14:57:02,4312.526702,0.782062,0.630342,0.782062,0.630342,24,16,23,18,0,0,0,0,113,49,33,27
2026/02/03/14:57:03,4313.526792,0.782062,0.630342,0.782062,0.630342,24,16,23,18,0,0,0,0,113,49,33,27
2026/02/03/14:57:04,4314.526953,0.782062,0.630342,0.782062,0.630342,24,16,23,18,0,0,0,0,113,49,33,27
2026/02/03/14:57:05,4315.527109,0.782062,0.630342,0.782062,0.630342,24,16,23,18,0,0,0,0,113,49,33,27
2026/02/03/14:57:06,4316.527216,0.782062,0.630342,0.782062,0.630342,24,16,23,18,0,0,0,0,113,49,33,27
2026/02/03/14:57:07,4317.527369,0.782062,0.630342,0.782062,0.630342,24,16,23,18,0,0,0,0,113,49,33,27
2026/02/03/14:57:08,4318.527420,0.782062,0.630342,0.782062,0.630342,24,16,23,18,0,0,0,0,113,49,33,27
2026/02/03/14:57:09,4319.527588,0.842812,0.727026,0.842812,0.727026,24,23,23,18,0,0,0,0,113,49,33,27
2026/02/03/14:57:10,4320.527740,0.846875,0.730701,0.846875,0.730701,24,24,23,18,0,0,0,0,113,49,33,27
2026/02/03/14:57:11,4321.527881,0.869563,0.758954,0.869563,0.758954,25,27,23,18,0,0,0,0,113,49,33,27
2026/02/03/14:57:12,4322.527992,0.869563,0.758954,0.869563,0.758954,25,27,23,18,0,0,0,0,113,49,33,27
2026/02/03/14:57:13,4323.528126,0.861563,0.749038,0.861563,0.749038,24,26,23,18,0,0,0,0,114,50,33,27
2026/02/03/14:57:14,4324.528274,0.861563,0.749038,0.861563,0.749038,24,26,23,18,0,0,0,0,114,50,33,27
2026/02/03/14:57:15,4325.528425,0.844000,0.735070,0.844000,0.735070,24,25,23,18,0,0,0,0,114,51,33,27
2026/02/03/14:57:16,4326.528571,0.844000,0.735070,0.844000,0.735070,24,25,23,18,0,0,0,0,114,51,33,27
2026/02/03/14:57:17,4327.528685,0.844000,0.735070,0.844000,0.735070,24,25,23,18,0,0,0,0,114,51,33,27
2026/02/03/14:57:18,4328.528788,0.844000,0.735070,0.844000,0.735070,24,25,23,18,0,0,0,0,114,51,33,27
2026/02/03/14:57:19,4329.528918,0.844000,0.735070,0.844000,0.735070,24,25,23,18,0,0,0,0,114,51,33,27
2026/02/03/14:57:20,4330.529082,0.844000,0.735070,0.844000,0.735070,24,25,23,18,0,0,0,0,114,51,33,27
2026/02/03/14:57:21,4331.529188,0.844000,0.735070,0.844000,0.735070,24,25,23,18,0,0,0,0,114,51,33,27
2026/02/03/14:57:22,4332.529329,0.844000,0.735070,0.844000,0.735070,24,25,23,18,0,0,0,0,114,51,33,27
2026/02/03/14:57:23,4333.529488,0.844000,0.735070,0.844000,0.735070,24,25,23,18,0,0,0,0,114,51,33,27
2026/02/03/14:57:24,4334.529580,0.844000,0.735070,0.844000,0.735070,24,25,23,18,0,0,0,0,114,51,33,27
2026/02/03/14:57:25,4335.529713,0.844000,0.735070,0.844000,0.735070,24,25,23,18,0,0,0,0,114,51,33,27
2026/02/03/14:57:26,4336.529881,0.844000,0.735070,0.844000,0.735070,24,25,23,18,0,0,0,0,114,51,33,27
2026/02/03/14:57:27,4337.529963,0.844000,0.735070,0.844000,0.735070,24,25,23,18,0,0,0,0,114,51,33,27
2026/02/03/14:57:28,4338.530053,0.844000,0.735070,0.844000,0.735070,24,25,23,18,0,0,0,0,114,51,33,27
2026/02/03/14:57:29,4339.530151,0.844000,0.735070,0.844000,0.735070,24,25,23,18,0,0,0,0,114,51,33,27
2026/02/03/14:57:30,4340.530250,0.844000,0.735070,0.844000,0.735070,24,25,23,18,0,0,0,0,114,51,33,27
2026/02/03/14:57:31,4341.530401,0.844000,0.735070,0.844000,0.735070,24,25,23,18,0,0,0,0,114,51,33,27
2026/02/03/14:57:32,4342.530518,0.844000,0.735070,0.844000,0.735070,24,25,23,18,0,0,0,0,114,51,33,27
2026/02/03/14:57:33,4343.530596,0.844000,0.735070,0.844000,0.735070,24,25,23,18,0,0,0,0,114,51,33,27
2026/02/03/14:57:34,4344.530753,0.844000,0.735070,0.844000,0.735070,24,25,23,18,0,0,0,0,114,51,33,27
2026/02/03/14:57:35,4345.530902,0.844000,0.735070,0.844000,0.735070,24,25,23,18,0,0,0,0,114,51,33,27
2026/02/03/14:57:36,4346.531039,0.844000,0.735070,0.844000,0.735070,24,25,23,18,0,0,0,0,114,51,33,27
2026/02/03/14:57:37,4347.531204,0.844000,0.735070,0.844000,0.735070,24,25,23,18,0,0,0,0,114,51,33,27
2026/02/03/14:57:38,4348.531374,0.844000,0.735070,0.844000,0.735070,24,25,23,18,0,0,0,0,114,51,33,27
2026/02/03/14:57:39,4349.531486,0.844000,0.735070,0.844000,0.735070,24,25,23,18,0,0,0,0,114,51,33,27
2026/02/03/14:57:40,4350.531622,0.844000,0.735070,0.844000,0.735070,24,25,23,18,0,0,0,0,114,51,33,27
2026/02/03/14:57:41,4351.531775,0.844000,0.735070,0.844000,0.735070,24,25,23,18,0,0,0,0,114,51,33,27
2026/02/03/14:57:42,4352.531942,0.844000,0.735070,0.844000,0.735070,24,25,23,18,0,0,0,0,114,51,33,27
2026/02/03/14:57:43,4353.532071,0.844000,0.735070,0.844000,0.735070,24,25,23,18,0,0,0,0,114,51,33,27
2026/02/03/14:57:44,4354.532187,0.844000,0.735070,0.844000,0.735070,24,25,23,18,0,0,0,0,114,51,33,27
2026/02/03/14:57:45,4355.532272,0.844000,0.735070,0.844000,0.735070,24,25,23,18,0,0,0,0,114,51,33,27
2026/02/03/14:57:46,4356.532396,0.844000,0.735070,0.844000,0.735070,24,25,23,18,0,0,0,0,114,51,33,27
2026/02/03/14:57:47,4357.532529,0.844000,0.735070,0.844000,0.735070,24,25,23,18,0,0,0,0,114,51,33,27
2026/02/03/14:57:48,4358.532678,0.844000,0.735070,0.844000,0.735070,24,25,23,18,0,0,0,0,114,51,33,27
2026/02/03/14:57:49,4359.532781,0.844000,0.735070,0.844000,0.735070,24,25,23,18,0,0,0,0,114,51,33,27
2026/02/03/14:57:50,4360.532911,0.844000,0.735070,0.844000,0.735070,24,25,23,18,0,0,0,0,114,51,33,27
2026/02/03/14:57:51,4361.533082,0.844000,0.735070,0.844000,0.735070,24,25,23,18,0,0,0,0,114,51,33,27
2026/02/03/14:57:52,4362.533237,0.844000,0.735070,0.844000,0.735070,24,25,23,18,0,0,0,0,114,51,33,27
2026/02/03/14:57:53,4363.533352,0.844000,0.735070,0.844000,0.735070,24,25,23,18,0,0,0,0,114,51,33,27
2026/02/03/14:57:54,4364.533423,0.844000,0.735070,0.844000,0.735070,24,25,23,18,0,0,0,0,114,51,33,27
2026/02/03/14:57:55,4365.533590,0.844000,0.735070,0.844000,0.735070,24,25,23,18,0,0,0,0,114,51,33,27
2026/02/03/14:57:56,4366.533719,0.844000,0.735070,0.844000,0.735070,24,25,23,18,0,0,0,0,114,51,33,27
2026/02/03/14:57:57,4367.533875,0.844000,0.735070,0.844000,0.735070,24,25,23,18,0,0,0,0,114,51,33,27
2026/02/03/14:57:58,4368.533969,0.844000,0.735070,0.844000,0.735070,24,25,23,18,0,0,0,0,114,51,33,27
2026/02/03/14:57:59,4369.534102,0.844000,0.735070,0.844000,0.735070,24,25,23,18,0,0,0,0,114,51,33,27
2026/02/03/14:58:00,4370.534260,0.844000,0.735070,0.844000,0.735070,24,25,23,18,0,0,0,0,114,51,33,27
2026/02/03/14:58:01,4371.534368,0.827500,0.681306,0.827500,0.681306,24,22,23,18,0,0,0,0,114,54,33,27
2026/02/03/14:58:02,4372.534523,0.827500,0.681306,0.827500,0.681306,24,22,23,18,0,0,0,0,114,54,33,27
2026/02/03/14:58:03,4373.534674,0.827500,0.681306,0.827500,0.681306,24,22,23,18,0,0,0,0,114,54,33,27
2026/02/03/14:58:04,4374.534845,0.827500,0.681306,0.827500,0.681306,24,22,23,18,0,0,0,0,114,54,33,27
2026/02/03/14:58:05,4375.534987,0.827500,0.681306,0.827500,0.681306,24,22,23,18,0,0,0,0,114,54,33,27
2026/02/03/14:58:06,4376.535142,0.827500,0.681306,0.827500,0.681306,24,22,23,18,0,0,0,0,114,54,33,27
2026/02/03/14:58:07,4377.535236,0.827500,0.681306,0.827500,0.681306,24,22,23,18,0,0,0,0,114,54,33,27
2026/02/03/14:58:08,4378.535362,0.827500,0.681306,0.827500,0.681306,24,22,23,18,0,0,0,0,114,54,33,27
2026/02/03/14:58:09,4379.535442,0.827500,0.681306,0.827500,0.681306,24,22,23,18,0,0,0,0,114,54,33,27
2026/02/03/14:58:10,4380.535580,0.827500,0.681306,0.827500,0.681306,24,22,23,18,0,0,0,0,114,54,33,27
2026/02/03/14:58:11,4381.535698,0.827500,0.681306,0.827500,0.681306,24,22,23,18,0,0,0,0,114,54,33,27
2026/02/03/14:58:12,4382.535855,0.827500,0.681306,0.827500,0.681306,24,22,23,18,0,0,0,0,114,54,33,27
2026/02/03/14:58:13,4383.536019,0.827500,0.681306,0.827500,0.681306,24,22,23,18,0,0,0,0,114,54,33,27
2026/02/03/14:58:14,4384.536111,0.834875,0.691031,0.834875,0.691031,24,22,25,18,0,0,0,0,114,54,33,27
2026/02/03/14:58:15,4385.536299,0.834875,0.691031,0.834875,0.691031,24,22,25,18,0,0,0,0,114,54,33,27
2026/02/03/14:58:16,4386.536426,0.834875,0.691031,0.834875,0.691031,24,22,25,18,0,0,0,0,114,54,33,27
2026/02/03/14:58:17,4387.536568,0.834875,0.691031,0.834875,0.691031,24,22,25,18,0,0,0,0,114,54,33,27
2026/02/03/14:58:18,4388.536648,0.827500,0.681306,0.827500,0.681306,24,22,23,18,0,0,0,0,114,54,35,27
2026/02/03/14:58:19,4389.536819,0.827500,0.681306,0.827500,0.681306,24,22,23,18,0,0,0,0,114,54,35,27
2026/02/03/14:58:20,4390.536975,0.827500,0.681306,0.827500,0.681306,24,22,23,18,0,0,0,0,114,54,35,27
2026/02/03/14:58:21,4391.537132,0.827500,0.681306,0.827500,0.681306,24,22,23,18,0,0,0,0,114,54,35,27
2026/02/03/14:58:22,4392.537245,0.827500,0.681306,0.827500,0.681306,24,22,23,18,0,0,0,0,114,54,35,27
2026/02/03/14:58:23,4393.537414,0.827500,0.681306,0.827500,0.681306,24,22,23,18,0,0,0,0,114,54,35,27
2026/02/03/14:58:24,4394.537575,0.827500,0.681306,0.827500,0.681306,24,22,23,18,0,0,0,0,114,54,35,27
2026/02/03/14:58:25,4395.537719,0.827500,0.681306,0.827500,0.681306,24,22,23,18,0,0,0,0,114,54,35,27
2026/02/03/14:58:26,4396.537839,0.827500,0.681306,0.827500,0.681306,24,22,23,18,0,0,0,0,114,54,35,27
2026/02/03/14:58:27,4397.537928,0.827500,0.681306,0.827500,0.681306,24,22,23,18,0,0,0,0,114,54,35,27
2026/02/03/14:58:28,4398.537989,0.827500,0.681306,0.827500,0.681306,24,22,23,18,0,0,0,0,114,54,35,27
2026/02/03/14:58:29,4399.538155,0.827500,0.681306,0.827500,0.681306,24,22,23,18,0,0,0,0,114,54,35,27
2026/02/03/14:58:30,4400.538270,0.827500,0.681306,0.827500,0.681306,24,22,23,18,0,0,0,0,114,54,35,27
2026/02/03/14:58:31,4401.538439,0.827500,0.681306,0.827500,0.681306,24,22,23,18,0,0,0,0,114,54,35,27
2026/02/03/14:58:32,4402.538538,0.827500,0.681306,0.827500,0.681306,24,22,23,18,0,0,0,0,114,54,35,27
2026/02/03/14:58:33,4403.538638,0.827500,0.681306,0.827500,0.681306,24,22,23,18,0,0,0,0,114,54,35,27
2026/02/03/14:58:34,4404.538759,0.827500,0.681306,0.827500,0.681306,24,22,23,18,0,0,0,0,114,54,35,27
2026/02/03/14:58:35,4405.538855,0.827500,0.681306,0.827500,0.681306,24,22,23,18,0,0,0,0,114,54,35,27
2026/02/03/14:58:36,4406.539010,0.827500,0.681306,0.827500,0.681306,24,22,23,18,0,0,0,0,114,54,35,27
2026/02/03/14:58:37,4407.539165,0.827500,0.681306,0.827500,0.681306,24,22,23,18,0,0,0,0,114,54,35,27
2026/02/03/14:58:38,4408.539267,0.827500,0.681306,0.827500,0.681306,24,22,23,18,0,0,0,0,114,54,35,27
2026/02/03/14:58:39,4409.539379,0.827500,0.681306,0.827500,0.681306,24,22,23,18,0,0,0,0,114,54,35,27
2026/02/03/14:58:40,4410.539526,0.827500,0.681306,0.827500,0.681306,24,22,23,18,0,0,0,0,114,54,35,27
2026/02/03/14:58:41,4411.539626,0.827500,0.681306,0.827500,0.681306,24,22,23,18,0,0,0,0,114,54,35,27
2026/02/03/14:58:42,4412.539781,0.827500,0.681306,0.827500,0.681306,24,22,23,18,0,0,0,0,114,54,35,27
2026/02/03/14:58:43,4413.539942,0.827500,0.681306,0.827500,0.681306,24,22,23,18,0,0,0,0,114,54,35,27
2026/02/03/14:58:44,4414.540099,0.827500,0.681306,0.827500,0.681306,24,22,23,18,0,0,0,0,114,54,35,27
2026/02/03/14:58:45,4415.540258,0.827500,0.681306,0.827500,0.681306,24,22,23,18,0,0,0,0,114,54,35,27
2026/02/03/14:58:46,4416.540421,0.827500,0.681306,0.827500,0.681306,24,22,23,18,0,0,0,0,114,54,35,27
2026/02/03/14:58:47,4417.540549,0.827500,0.681306,0.827500,0.681306,24,22,23,18,0,0,0,0,114,54,35,27
2026/02/03/14:58:48,4418.540671,0.827500,0.681306,0.827500,0.681306,24,22,23,18,0,0,0,0,114,54,35,27
2026/02/03/14:58:49,4419.540830,0.827500,0.681306,0.827500,0.681306,24,22,23,18,0,0,0,0,114,54,35,27
2026/02/03/14:58:50,4420.540970,0.827500,0.681306,0.827500,0.681306,24,22,23,18,0,0,0,0,114,54,35,27
2026/02/03/14:58:51,4421.541104,0.827500,0.681306,0.827500,0.681306,24,22,23,18,0,0,0,0,114,54,35,27
2026/02/03/14:58:52,4422.541246,0.827500,0.681306,0.827500,0.681306,24,22,23,18,0,0,0,0,114,54,35,27
2026/02/03/14:58:53,4423.541434,0.827500,0.681306,0.827500,0.681306,24,22,23,18,0,0,0,0,114,54,35,27
2026/02/03/14:58:54,4424.541594,0.827500,0.681306,0.827500,0.681306,24,22,23,18,0,0,0,0,114,54,35,27
2026/02/03/14:58:55,4425.541707,0.827500,0.681306,0.827500,0.681306,24,22,23,18,0,0,0,0,114,54,35,27
2026/02/03/14:58:56,4426.541795,0.827500,0.681306,0.827500,0.681306,24,22,23,18,0,0,0,0,114,54,35,27
2026/02/03/14:58:57,4427.541956,0.827500,0.681306,0.827500,0.681306,24,22,23,18,0,0,0,0,114,54,35,27
2026/02/03/14:58:58,4428.542127,0.827500,0.681306,0.827500,0.681306,24,22,23,18,0,0,0,0,114,54,35,27
2026/02/03/14:58:59,4429.542284,0.827500,0.681306,0.827500,0.681306,24,22,23,18,0,0,0,0,114,54,35,27
2026/02/03/14:59:00,4430.542418,0.827500,0.681306,0.827500,0.681306,24,22,23,18,0,0,0,0,114,54,35,27
2026/02/03/14:59:01,4431.542555,0.827500,0.681306,0.827500,0.681306,24,22,23,18,0,0,0,0,114,54,35,27
2026/02/03/14:59:02,4432.542697,0.827500,0.681306,0.827500,0.681306,24,22,23,18,0,0,0,0,114,54,35,27
2026/02/03/14:59:03,4433.542855,0.827500,0.681306,0.827500,0.681306,24,22,23,18,0,0,0,0,114,54,35,27
2026/02/03/14:59:04,4434.542993,0.827500,0.681306,0.827500,0.681306,24,22,23,18,0,0,0,0,114,54,35,27
2026/02/03/14:59:05,4435.543115,0.827500,0.681306,0.827500,0.681306,24,22,23,18,0,0,0,0,114,54,35,27
2026/02/03/14:59:06,4436.543280,0.827500,0.681306,0.827500,0.681306,24,22,23,18,0,0,0,0,114,54,35,27
2026/02/03/14:59:07,4437.543436,0.827500,0.681306,0.827500,0.681306,24,22,23,18,0,0,0,0,114,54,35,27
2026/02/03/14:59:08,4438.543585,0.827500,0.681306,0.827500,0.681306,24,22,23,18,0,0,0,0,114,54,35,27
2026/02/03/14:59:09,4439.543741,0.827500,0.681306,0.827500,0.681306,24,22,23,18,0,0,0,0,114,54,35,27
2026/02/03/14:59:10,4440.543835,0.827500,0.681306,0.827500,0.681306,24,22,23,18,0,0,0,0,114,54,35,27
2026/02/03/14:59:11,4441.543959,0.827500,0.681306,0.827500,0.681306,24,22,23,18,0,0,0,0,114,54,35,27
2026/02/03/14:59:12,4442.544068,0.827500,0.681306,0.827500,0.681306,24,22,23,18,0,0,0,0,114,54,35,27
2026/02/03/14:59:13,4443.544141,0.827500,0.681306,0.827500,0.681306,24,22,23,18,0,0,0,0,114,54,35,27
2026/02/03/14:59:14,4444.544260,0.827500,0.681306,0.827500,0.681306,24,22,23,18,0,0,0,0,114,54,35,27
2026/02/03/14:59:15,4445.544427,0.827500,0.681306,0.827500,0.681306,24,22,23,18,0,0,0,0,114,54,35,27
2026/02/03/14:59:16,4446.544561,0.827500,0.681306,0.827500,0.681306,24,22,23,18,0,0,0,0,114,54,35,27
2026/02/03/14:59:17,4447.544673,0.827500,0.681306,0.827500,0.681306,24,22,23,18,0,0,0,0,114,54,35,27
2026/02/03/14:59:18,4448.544776,0.827500,0.681306,0.827500,0.681306,24,22,23,18,0,0,0,0,114,54,35,27
2026/02/03/14:59:19,4449.544931,0.827500,0.681306,0.827500,0.681306,24,22,23,18,0,0,0,0,114,54,35,27
2026/02/03/14:59:20,4450.545027,0.827500,0.681306,0.827500,0.681306,24,22,23,18,0,0,0,0,114,54,35,27
2026/02/03/14:59:21,4451.545189,0.827500,0.681306,0.827500,0.681306,24,22,23,18,0,0,0,0,114,54,35,27
2026/02/03/14:59:22,4452.545304,0.827500,0.681306,0.827500,0.681306,24,22,23,18,0,0,0,0,114,54,35,27
2026/02/03/14:59:23,4453.545464,0.827500,0.681306,0.827500,0.681306,24,22,23,18,0,0,0,0,114,54,35,27
2026/02/03/14:59:24,4454.545601,0.827500,0.681306,0.827500,0.681306,24,22,23,18,0,0,0,0,114,54,35,27
2026/02/03/14:59:25,4455.545744,0.827500,0.681306,0.827500,0.681306,24,22,23,18,0,0,0,0,114,54,35,27
2026/02/03/14:59:26,4456.545907,0.827500,0.681306,0.827500,0.681306,24,22,23,18,0,0,0,0,114,54,35,27
2026/02/03/14:59:27,4457.546020,0.827500,0.681306,0.827500,0.681306,24,22,23,18,0,0,0,0,114,54,35,27
2026/02/03/14:59:28,4458.546134,0.827500,0.681306,0.827500,0.681306,24,22,23,18,0,0,0,0,114,54,35,27
2026/02/03/14:59:29,4459.546323,0.827500,0.681306,0.827500,0.681306,24,22,23,18,0,0,0,0,114,54,35,27
2026/02/03/14:59:30,4460.546466,0.827500,0.681306,0.827500,0.681306,24,22,23,18,0,0,0,0,114,54,35,27
2026/02/03/14:59:31,4461.546642,0.827500,0.681306,0.827500,0.681306,24,22,23,18,0,0,0,0,114,54,35,27
2026/02/03/14:59:32,4462.546798,0.827500,0.681306,0.827500,0.681306,24,22,23,18,0,0,0,0,114,54,35,27
2026/02/03/14:59:33,4463.546998,0.827500,0.681306,0.827500,0.681306,24,22,23,18,0,0,0,0,114,54,35,27
2026/02/03/14:59:34,4464.547041,0.827500,0.681306,0.827500,0.681306,24,22,23,18,0,0,0,0,114,54,35,27
2026/02/03/14:59:35,4465.547136,0.827500,0.681306,0.827500,0.681306,24,22,23,18,0,0,0,0,114,54,35,27
2026/02/03/14:59:36,4466.547281,0.827500,0.681306,0.827500,0.681306,24,22,23,18,0,0,0,0,114,54,35,27
2026/02/03/14:59:37,4467.547445,0.827500,0.681306,0.827500,0.681306,24,22,23,18,0,0,0,0,114,54,35,27
2026/02/03/14:59:38,4468.547584,0.827500,0.681306,0.827500,0.681306,24,22,23,18,0,0,0,0,114,54,35,27
2026/02/03/14:59:39,4469.547745,0.827500,0.681306,0.827500,0.681306,24,22,23,18,0,0,0,0,114,54,35,27
2026/02/03/14:59:40,4470.547887,0.827500,0.681306,0.827500,0.681306,24,22,23,18,0,0,0,0,114,54,35,27
2026/02/03/14:59:41,4471.548053,0.827500,0.681306,0.827500,0.681306,24,22,23,18,0,0,0,0,114,54,35,27
2026/02/03/14:59:42,4472.548148,0.827500,0.681306,0.827500,0.681306,24,22,23,18,0,0,0,0,114,54,35,27
2026/02/03/14:59:43,4473.548254,0.827500,0.681306,0.827500,0.681306,24,22,23,18,0,0,0,0,114,54,35,27
2026/02/03/14:59:44,4474.548422,0.827500,0.681306,0.827500,0.681306,24,22,23,18,0,0,0,0,114,54,35,27
2026/02/03/14:59:45,4475.548581,0.827500,0.681306,0.827500,0.681306,24,22,23,18,0,0,0,0,114,54,35,27
2026/02/03/14:59:46,4476.548738,0.827500,0.681306,0.827500,0.681306,24,22,23,18,0,0,0,0,114,54,35,27
2026/02/03/14:59:47,4477.548846,0.827500,0.681306,0.827500,0.681306,24,22,23,18,0,0,0,0,114,54,35,27
2026/02/03/14:59:48,4478.548956,0.827500,0.681306,0.827500,0.681306,24,22,23,18,0,0,0,0,114,54,35,27
2026/02/03/14:59:49,4479.549104,0.827500,0.681306,0.827500,0.681306,24,22,23,18,0,0,0,0,114,54,35,27
2026/02/03/14:59:50,4480.549207,0.827500,0.681306,0.827500,0.681306,24,22,23,18,0,0,0,0,114,54,35,27
2026/02/03/14:59:51,4481.549311,0.827500,0.681306,0.827500,0.681306,24,22,23,18,0,0,0,0,114,54,35,27
2026/02/03/14:59:52,4482.549467,0.827500,0.681306,0.827500,0.681306,24,22,23,18,0,0,0,0,114,54,35,27
2026/02/03/14:59:53,4483.549619,0.827500,0.681306,0.827500,0.681306,24,22,23,18,0,0,0,0,114,54,35,27
2026/02/03/14:59:54,4484.549737,0.827500,0.681306,0.827500,0.681306,24,22,23,18,0,0,0,0,114,54,35,27
2026/02/03/14:59:55,4485.549897,0.827500,0.681306,0.827500,0.681306,24,22,23,18,0,0,0,0,114,54,35,27
2026/02/03/14:59:56,4486.550048,0.827500,0.681306,0.827500,0.681306,24,22,23,18,0,0,0,0,114,54,35,27
2026/02/03/14:59:57,4487.550200,0.827500,0.681306,0.827500,0.681306,24,22,23,18,0,0,0,0,114,54,35,27
2026/02/03/14:59:58,4488.550304,0.827500,0.681306,0.827500,0.681306,24,22,23,18,0,0,0,0,114,54,35,27
2026/02/03/14:59:59,4489.550428,0.827500,0.681306,0.827500,0.681306,24,22,23,18,0,0,0,0,114,54,35,27
2026/02/03/15:00:00,4490.550514,0.827500,0.681306,0.827500,0.681306,24,22,23,18,0,0,0,0,114,54,35,27
2026/02/03/15:00:01,4491.550594,0.827500,0.681306,0.827500,0.681306,24,22,23,18,0,0,0,0,114,54,35,27
2026/02/03/15:00:02,4492.550750,0.827500,0.681306,0.827500,0.681306,24,22,23,18,0,0,0,0,114,54,35,27
2026/02/03/15:00:03,4493.550858,0.827500,0.681306,0.827500,0.681306,24,22,23,18,0,0,0,0,114,54,35,27
2026/02/03/15:00:04,4494.550953,0.827500,0.681306,0.827500,0.681306,24,22,23,18,0,0,0,0,114,54,35,27
2026/02/03/15:00:05,4495.551049,0.827500,0.681306,0.827500,0.681306,24,22,23,18,0,0,0,0,114,54,35,27
2026/02/03/15:00:06,4496.551206,0.827500,0.681306,0.827500,0.681306,24,22,23,18,0,0,0,0,114,54,35,27
2026/02/03/15:00:07,4497.551340,0.827500,0.681306,0.827500,0.681306,24,22,23,18,0,0,0,0,114,54,35,27
2026/02/03/15:00:08,4498.551512,0.838938,0.726148,0.838938,0.726148,24,25,23,18,0,0,0,0,114,54,35,27
2026/02/03/15:00:09,4499.551640,0.838938,0.726148,0.838938,0.726148,24,25,23,18,0,0,0,0,114,54,35,27
2026/02/03/15:00:10,4500.551752,0.838938,0.726148,0.838938,0.726148,24,25,23,18,0,0,0,0,114,54,35,27
2026/02/03/15:00:11,4501.551844,0.842625,0.730609,0.842625,0.730609,24,25,23,19,0,0,0,0,114,54,35,27
2026/02/03/15:00:12,4502.552004,0.842625,0.730609,0.842625,0.730609,24,25,23,19,0,0,0,0,114,54,35,27
2026/02/03/15:00:13,4503.552160,0.842625,0.730609,0.842625,0.730609,24,25,23,19,0,0,0,0,114,54,35,27
2026/02/03/15:00:14,4504.552316,0.842625,0.730609,0.842625,0.730609,24,25,23,19,0,0,0,0,114,54,35,27
2026/02/03/15:00:15,4505.552473,0.842625,0.730609,0.842625,0.730609,24,25,23,19,0,0,0,0,114,54,35,27
2026/02/03/15:00:16,4506.552639,0.842625,0.730609,0.842625,0.730609,24,25,23,19,0,0,0,0,114,54,35,27
2026/02/03/15:00:17,4507.552763,0.831187,0.685768,0.831187,0.685768,24,22,23,19,0,0,0,0,114,57,35,27
2026/02/03/15:00:18,4508.552909,0.831187,0.685768,0.831187,0.685768,24,22,23,19,0,0,0,0,114,57,35,27
2026/02/03/15:00:19,4509.553047,0.831187,0.685768,0.831187,0.685768,24,22,23,19,0,0,0,0,114,57,35,27
2026/02/03/15:00:20,4510.553215,0.831187,0.685768,0.831187,0.685768,24,22,23,19,0,0,0,0,114,57,35,27
2026/02/03/15:00:21,4511.553390,0.831187,0.685768,0.831187,0.685768,24,22,23,19,0,0,0,0,114,57,35,27
2026/02/03/15:00:22,4512.553510,0.831187,0.685768,0.831187,0.685768,24,22,23,19,0,0,0,0,114,57,35,27
2026/02/03/15:00:23,4513.553646,0.831187,0.685768,0.831187,0.685768,24,22,23,19,0,0,0,0,114,57,35,27
2026/02/03/15:00:24,4514.553786,0.831187,0.685768,0.831187,0.685768,24,22,23,19,0,0,0,0,114,57,35,27
2026/02/03/15:00:25,4515.553931,0.831187,0.685768,0.831187,0.685768,24,22,23,19,0,0,0,0,114,57,35,27
2026/02/03/15:00:26,4516.554072,0.831187,0.685768,0.831187,0.685768,24,22,23,19,0,0,0,0,114,57,35,27
2026/02/03/15:00:27,4517.554219,0.831187,0.685768,0.831187,0.685768,24,22,23,19,0,0,0,0,114,57,35,27
2026/02/03/15:00:28,4518.554340,0.831187,0.685768,0.831187,0.685768,24,22,23,19,0,0,0,0,114,57,35,27
2026/02/03/15:00:29,4519.554444,0.831187,0.685768,0.831187,0.685768,24,22,23,19,0,0,0,0,114,57,35,27
2026/02/03/15:00:30,4520.554543,0.831187,0.685768,0.831187,0.685768,24,22,23,19,0,0,0,0,114,57,35,27
2026/02/03/15:00:31,4521.554649,0.831187,0.685768,0.831187,0.685768,24,22,23,19,0,0,0,0,114,57,35,27
2026/02/03/15:00:32,4522.554767,0.831187,0.685768,0.831187,0.685768,24,22,23,19,0,0,0,0,114,57,35,27
2026/02/03/15:00:33,4523.554875,0.831187,0.685768,0.831187,0.685768,24,22,23,19,0,0,0,0,114,57,35,27
2026/02/03/15:00:34,4524.555029,0.831187,0.685768,0.831187,0.685768,24,22,23,19,0,0,0,0,114,57,35,27
2026/02/03/15:00:35,4525.555158,0.831187,0.685768,0.831187,0.685768,24,22,23,19,0,0,0,0,114,57,35,27
2026/02/03/15:00:36,4526.555294,0.831187,0.685768,0.831187,0.685768,24,22,23,19,0,0,0,0,114,57,35,27
2026/02/03/15:00:37,4527.555463,0.831187,0.685768,0.831187,0.685768,24,22,23,19,0,0,0,0,114,57,35,27
2026/02/03/15:00:38,4528.555633,0.831187,0.685768,0.831187,0.685768,24,22,23,19,0,0,0,0,114,57,35,27
2026/02/03/15:00:39,4529.555760,0.831187,0.685768,0.831187,0.685768,24,22,23,19,0,0,0,0,114,57,35,27
2026/02/03/15:00:40,4530.555898,0.831187,0.685768,0.831187,0.685768,24,22,23,19,0,0,0,0,114,57,35,27
2026/02/03/15:00:41,4531.556028,0.831187,0.685768,0.831187,0.685768,24,22,23,19,0,0,0,0,114,57,35,27
2026/02/03/15:00:42,4532.556126,0.831187,0.685768,0.831187,0.685768,24,22,23,19,0,0,0,0,114,57,35,27
2026/02/03/15:00:43,4533.556224,0.831187,0.685768,0.831187,0.685768,24,22,23,19,0,0,0,0,114,57,35,27
2026/02/03/15:00:44,4534.556379,0.831187,0.685768,0.831187,0.685768,24,22,23,19,0,0,0,0,114,57,35,27
2026/02/03/15:00:45,4535.556437,0.831187,0.685768,0.831187,0.685768,24,22,23,19,0,0,0,0,114,57,35,27
2026/02/03/15:00:46,4536.556526,0.831187,0.685768,0.831187,0.685768,24,22,23,19,0,0,0,0,114,57,35,27
2026/02/03/15:00:47,4537.556634,0.831187,0.685768,0.831187,0.685768,24,22,23,19,0,0,0,0,114,57,35,27
2026/02/03/15:00:48,4538.556788,0.831187,0.685768,0.831187,0.685768,24,22,23,19,0,0,0,0,114,57,35,27
2026/02/03/15:00:49,4539.556920,0.831187,0.685768,0.831187,0.685768,24,22,23,19,0,0,0,0,114,57,35,27
2026/02/03/15:00:50,4540.557097,0.831187,0.685768,0.831187,0.685768,24,22,23,19,0,0,0,0,114,57,35,27
2026/02/03/15:00:51,4541.557211,0.831187,0.685768,0.831187,0.685768,24,22,23,19,0,0,0,0,114,57,35,27
2026/02/03/15:00:52,4542.557395,0.831187,0.685768,0.831187,0.685768,24,22,23,19,0,0,0,0,114,57,35,27
2026/02/03/15:00:53,4543.557527,0.831187,0.685768,0.831187,0.685768,24,22,23,19,0,0,0,0,114,57,35,27
2026/02/03/15:00:54,4544.557685,0.831187,0.685768,0.831187,0.685768,24,22,23,19,0,0,0,0,114,57,35,27
2026/02/03/15:00:55,4545.557838,0.831187,0.685768,0.831187,0.685768,24,22,23,19,0,0,0,0,114,57,35,27
2026/02/03/15:00:56,4546.557936,0.831187,0.685768,0.831187,0.685768,24,22,23,19,0,0,0,0,114,57,35,27
2026/02/03/15:00:57,4547.558095,0.812250,0.670279,0.812250,0.670279,24,22,20,19,0,0,0,0,114,57,38,27
2026/02/03/15:00:58,4548.558223,0.812250,0.670279,0.812250,0.670279,24,22,20,19,0,0,0,0,114,57,38,27
2026/02/03/15:00:59,4549.558360,0.812250,0.670279,0.812250,0.670279,24,22,20,19,0,0,0,0,114,57,38,27
2026/02/03/15:01:00,4550.558483,0.812250,0.670279,0.812250,0.670279,24,22,20,19,0,0,0,0,114,57,38,27
2026/02/03/15:01:01,4551.558646,0.812250,0.670279,0.812250,0.670279,24,22,20,19,0,0,0,0,114,57,38,27
2026/02/03/15:01:02,4552.558793,0.812250,0.670279,0.812250,0.670279,24,22,20,19,0,0,0,0,114,57,38,27
2026/02/03/15:01:03,4553.558908,0.812250,0.670279,0.812250,0.670279,24,22,20,19,0,0,0,0,114,57,38,27
2026/02/03/15:01:04,4554.559073,0.812250,0.670279,0.812250,0.670279,24,22,20,19,0,0,0,0,114,57,38,27
2026/02/03/15:01:05,4555.559228,0.812250,0.670279,0.812250,0.670279,24,22,20,19,0,0,0,0,114,57,38,27
2026/02/03/15:01:06,4556.559340,0.812250,0.670279,0.812250,0.670279,24,22,20,19,0,0,0,0,114,57,38,27
2026/02/03/15:01:07,4557.559515,0.812250,0.670279,0.812250,0.670279,24,22,20,19,0,0,0,0,114,57,38,27
2026/02/03/15:01:08,4558.559644,0.812250,0.670279,0.812250,0.670279,24,22,20,19,0,0,0,0,114,57,38,27
2026/02/03/15:01:09,4559.559777,0.812250,0.670279,0.812250,0.670279,24,22,20,19,0,0,0,0,114,57,38,27
2026/02/03/15:01:10,4560.559886,0.812250,0.670279,0.812250,0.670279,24,22,20,19,0,0,0,0,114,57,38,27
2026/02/03/15:01:11,4561.560047,0.812250,0.670279,0.812250,0.670279,24,22,20,19,0,0,0,0,114,57,38,27
2026/02/03/15:01:12,4562.560137,0.812250,0.670279,0.812250,0.670279,24,22,20,19,0,0,0,0,114,57,38,27
2026/02/03/15:01:13,4563.560244,0.812250,0.670279,0.812250,0.670279,24,22,20,19,0,0,0,0,114,57,38,27
2026/02/03/15:01:14,4564.560383,0.812250,0.670279,0.812250,0.670279,24,22,20,19,0,0,0,0,114,57,38,27
2026/02/03/15:01:15,4565.560524,0.812250,0.670279,0.812250,0.670279,24,22,20,19,0,0,0,0,114,57,38,27
2026/02/03/15:01:16,4566.560669,0.812250,0.670279,0.812250,0.670279,24,22,20,19,0,0,0,0,114,57,38,27
2026/02/03/15:01:17,4567.560826,0.808187,0.665435,0.808187,0.665435,24,21,20,19,0,0,0,0,114,58,38,27
2026/02/03/15:01:18,4568.560966,0.808187,0.665435,0.808187,0.665435,24,21,20,19,0,0,0,0,114,58,38,27
2026/02/03/15:01:19,4569.561138,0.808187,0.665435,0.808187,0.665435,24,21,20,19,0,0,0,0,114,58,38,27
2026/02/03/15:01:20,4570.561268,0.808187,0.665435,0.808187,0.665435,24,21,20,19,0,0,0,0,114,58,38,27
2026/02/03/15:01:21,4571.561394,0.808187,0.665435,0.808187,0.665435,24,21,20,19,0,0,0,0,114,58,38,27
2026/02/03/15:01:22,4572.561502,0.808187,0.665435,0.808187,0.665435,24,21,20,19,0,0,0,0,114,58,38,27
2026/02/03/15:01:23,4573.561615,0.808187,0.665435,0.808187,0.665435,24,21,20,19,0,0,0,0,114,58,38,27
2026/02/03/15:01:24,4574.561742,0.808187,0.665435,0.808187,0.665435,24,21,20,19,0,0,0,0,114,58,38,27
2026/02/03/15:01:25,4575.561908,0.808187,0.665435,0.808187,0.665435,24,21,20,19,0,0,0,0,114,58,38,27
2026/02/03/15:01:26,4576.562053,0.808187,0.665435,0.808187,0.665435,24,21,20,19,0,0,0,0,114,58,38,27
2026/02/03/15:01:27,4577.562197,0.808187,0.665435,0.808187,0.665435,24,21,20,19,0,0,0,0,114,58,38,27
2026/02/03/15:01:28,4578.562302,0.808187,0.665435,0.808187,0.665435,24,21,20,19,0,0,0,0,114,58,38,27
2026/02/03/15:01:29,4579.562450,0.808187,0.665435,0.808187,0.665435,24,21,20,19,0,0,0,0,114,58,38,27
2026/02/03/15:01:30,4580.562557,0.808187,0.665435,0.808187,0.665435,24,21,20,19,0,0,0,0,114,58,38,27
2026/02/03/15:01:31,4581.562654,0.808187,0.665435,0.808187,0.665435,24,21,20,19,0,0,0,0,114,58,38,27
2026/02/03/15:01:32,4582.562751,0.808187,0.665435,0.808187,0.665435,24,21,20,19,0,0,0,0,114,58,38,27
2026/02/03/15:01:33,4583.562855,0.808187,0.665435,0.808187,0.665435,24,21,20,19,0,0,0,0,114,58,38,27
2026/02/03/15:01:34,4584.562943,0.808187,0.665435,0.808187,0.665435,24,21,20,19,0,0,0,0,114,58,38,27
2026/02/03/15:01:35,4585.563046,0.808187,0.665435,0.808187,0.665435,24,21,20,19,0,0,0,0,114,58,38,27
2026/02/03/15:01:36,4586.563154,0.808187,0.665435,0.808187,0.665435,24,21,20,19,0,0,0,0,114,58,38,27
2026/02/03/15:01:37,4587.563254,0.808187,0.665435,0.808187,0.665435,24,21,20,19,0,0,0,0,114,58,38,27
2026/02/03/15:01:38,4588.563422,0.808187,0.665435,0.808187,0.665435,24,21,20,19,0,0,0,0,114,58,38,27
2026/02/03/15:01:39,4589.563575,0.808187,0.665435,0.808187,0.665435,24,21,20,19,0,0,0,0,114,58,38,27
2026/02/03/15:01:40,4590.563701,0.808187,0.665435,0.808187,0.665435,24,21,20,19,0,0,0,0,114,58,38,27
2026/02/03/15:01:41,4591.563874,0.808187,0.665435,0.808187,0.665435,24,21,20,19,0,0,0,0,114,58,38,27
2026/02/03/15:01:42,4592.564008,0.808187,0.665435,0.808187,0.665435,24,21,20,19,0,0,0,0,114,58,38,27
2026/02/03/15:01:43,4593.564170,0.808187,0.665435,0.808187,0.665435,24,21,20,19,0,0,0,0,114,58,38,27
2026/02/03/15:01:44,4594.564329,0.808187,0.665435,0.808187,0.665435,24,21,20,19,0,0,0,0,114,58,38,27
2026/02/03/15:01:45,4595.564487,0.808187,0.665435,0.808187,0.665435,24,21,20,19,0,0,0,0,114,58,38,27
2026/02/03/15:01:46,4596.564594,0.808187,0.665435,0.808187,0.665435,24,21,20,19,0,0,0,0,114,58,38,27
2026/02/03/15:01:47,4597.564743,0.808187,0.665435,0.808187,0.665435,24,21,20,19,0,0,0,0,114,58,38,27
2026/02/03/15:01:48,4598.564844,0.808187,0.665435,0.808187,0.665435,24,21,20,19,0,0,0,0,114,58,38,27
2026/02/03/15:01:49,4599.565003,0.808187,0.665435,0.808187,0.665435,24,21,20,19,0,0,0,0,114,58,38,27
2026/02/03/15:01:50,4600.565178,0.808187,0.665435,0.808187,0.665435,24,21,20,19,0,0,0,0,114,58,38,27
2026/02/03/15:01:51,4601.565287,0.808187,0.665435,0.808187,0.665435,24,21,20,19,0,0,0,0,114,58,38,27
2026/02/03/15:01:52,4602.565383,0.808187,0.665435,0.808187,0.665435,24,21,20,19,0,0,0,0,114,58,38,27
2026/02/03/15:01:53,4603.565421,0.808187,0.665435,0.808187,0.665435,24,21,20,19,0,0,0,0,114,58,38,27
2026/02/03/15:01:54,4604.565547,0.808187,0.665435,0.808187,0.665435,24,21,20,19,0,0,0,0,114,58,38,27
2026/02/03/15:01:55,4605.565673,0.808187,0.665435,0.808187,0.665435,24,21,20,19,0,0,0,0,114,58,38,27
2026/02/03/15:01:56,4606.565816,0.808187,0.665435,0.808187,0.665435,24,21,20,19,0,0,0,0,114,58,38,27
2026/02/03/15:01:57,4607.565973,0.808187,0.665435,0.808187,0.665435,24,21,20,19,0,0,0,0,114,58,38,27
2026/02/03/15:01:58,4608.566070,0.808187,0.665435,0.808187,0.665435,24,21,20,19,0,0,0,0,114,58,38,27
2026/02/03/15:01:59,4609.566223,0.808187,0.665435,0.808187,0.665435,24,21,20,19,0,0,0,0,114,58,38,27
2026/02/03/15:02:00,4610.566401,0.808187,0.665435,0.808187,0.665435,24,21,20,19,0,0,0,0,114,58,38,27
2026/02/03/15:02:01,4611.566492,0.808187,0.665435,0.808187,0.665435,24,21,20,19,0,0,0,0,114,58,38,27
2026/02/03/15:02:02,4612.566657,0.808187,0.665435,0.808187,0.665435,24,21,20,19,0,0,0,0,114,58,38,27
2026/02/03/15:02:03,4613.566808,0.808187,0.665435,0.808187,0.665435,24,21,20,19,0,0,0,0,114,58,38,27
2026/02/03/15:02:04,4614.566918,0.808187,0.665435,0.808187,0.665435,24,21,20,19,0,0,0,0,114,58,38,27
2026/02/03/15:02:05,4615.567025,0.808187,0.665435,0.808187,0.665435,24,21,20,19,0,0,0,0,114,58,38,27
2026/02/03/15:02:06,4616.567108,0.808187,0.665435,0.808187,0.665435,24,21,20,19,0,0,0,0,114,58,38,27
2026/02/03/15:02:07,4617.567267,0.808187,0.665435,0.808187,0.665435,24,21,20,19,0,0,0,0,114,58,38,27
2026/02/03/15:02:08,4618.567388,0.808187,0.665435,0.808187,0.665435,24,21,20,19,0,0,0,0,114,58,38,27
2026/02/03/15:02:09,4619.567532,0.808187,0.665435,0.808187,0.665435,24,21,20,19,0,0,0,0,114,58,38,27
2026/02/03/15:02:10,4620.567652,0.808187,0.665435,0.808187,0.665435,24,21,20,19,0,0,0,0,114,58,38,27
2026/02/03/15:02:11,4621.567805,0.808187,0.665435,0.808187,0.665435,24,21,20,19,0,0,0,0,114,58,38,27
2026/02/03/15:02:12,4622.567907,0.808187,0.665435,0.808187,0.665435,24,21,20,19,0,0,0,0,114,58,38,27
2026/02/03/15:02:13,4623.568015,0.808187,0.665435,0.808187,0.665435,24,21,20,19,0,0,0,0,114,58,38,27
2026/02/03/15:02:14,4624.568109,0.808187,0.665435,0.808187,0.665435,24,21,20,19,0,0,0,0,114,58,38,27
2026/02/03/15:02:15,4625.568268,0.808187,0.665435,0.808187,0.665435,24,21,20,19,0,0,0,0,114,58,38,27
2026/02/03/15:02:16,4626.568435,0.808187,0.665435,0.808187,0.665435,24,21,20,19,0,0,0,0,114,58,38,27
2026/02/03/15:02:17,4627.568532,0.808187,0.665435,0.808187,0.665435,24,21,20,19,0,0,0,0,114,58,38,27
2026/02/03/15:02:18,4628.568689,0.808187,0.665435,0.808187,0.665435,24,21,20,19,0,0,0,0,114,58,38,27
2026/02/03/15:02:19,4629.568797,0.808187,0.665435,0.808187,0.665435,24,21,20,19,0,0,0,0,114,58,38,27
2026/02/03/15:02:20,4630.568964,0.808187,0.665435,0.808187,0.665435,24,21,20,19,0,0,0,0,114,58,38,27
2026/02/03/15:02:21,4631.569067,0.808187,0.665435,0.808187,0.665435,24,21,20,19,0,0,0,0,114,58,38,27
2026/02/03/15:02:22,4632.569207,0.808187,0.665435,0.808187,0.665435,24,21,20,19,0,0,0,0,114,58,38,27
2026/02/03/15:02:23,4633.569384,0.808187,0.665435,0.808187,0.665435,24,21,20,19,0,0,0,0,114,58,38,27
2026/02/03/15:02:24,4634.569428,0.808187,0.665435,0.808187,0.665435,24,21,20,19,0,0,0,0,114,58,38,27
2026/02/03/15:02:25,4635.569531,0.808187,0.665435,0.808187,0.665435,24,21,20,19,0,0,0,0,114,58,38,27
2026/02/03/15:02:26,4636.569684,0.808187,0.665435,0.808187,0.665435,24,21,20,19,0,0,0,0,114,58,38,27
2026/02/03/15:02:27,4637.569789,0.808187,0.665435,0.808187,0.665435,24,21,20,19,0,0,0,0,114,58,38,27
2026/02/03/15:02:28,4638.569949,0.808187,0.665435,0.808187,0.665435,24,21,20,19,0,0,0,0,114,58,38,27
2026/02/03/15:02:29,4639.570042,0.808187,0.665435,0.808187,0.665435,24,21,20,19,0,0,0,0,114,58,38,27
2026/02/03/15:02:30,4640.570202,0.808187,0.665435,0.808187,0.665435,24,21,20,19,0,0,0,0,114,58,38,27
2026/02/03/15:02:31,4641.570334,0.808187,0.665435,0.808187,0.665435,24,21,20,19,0,0,0,0,114,58,38,27
2026/02/03/15:02:32,4642.570461,0.808187,0.665435,0.808187,0.665435,24,21,20,19,0,0,0,0,114,58,38,27
2026/02/03/15:02:33,4643.570635,0.808187,0.665435,0.808187,0.665435,24,21,20,19,0,0,0,0,114,58,38,27
2026/02/03/15:02:34,4644.570794,0.808187,0.665435,0.808187,0.665435,24,21,20,19,0,0,0,0,114,58,38,27
2026/02/03/15:02:35,4645.570952,0.808187,0.665435,0.808187,0.665435,24,21,20,19,0,0,0,0,114,58,38,27
2026/02/03/15:02:36,4646.571049,0.808187,0.665435,0.808187,0.665435,24,21,20,19,0,0,0,0,114,58,38,27
2026/02/03/15:02:37,4647.571181,0.808187,0.665435,0.808187,0.665435,24,21,20,19,0,0,0,0,114,58,38,27
2026/02/03/15:02:38,4648.571320,0.808187,0.665435,0.808187,0.665435,24,21,20,19,0,0,0,0,114,58,38,27
2026/02/03/15:02:39,4649.571659,0.808187,0.665435,0.808187,0.665435,24,21,20,19,0,0,0,0,114,58,38,27
2026/02/03/15:02:40,4650.571761,0.808187,0.665435,0.808187,0.665435,24,21,20,19,0,0,0,0,114,58,38,27
2026/02/03/15:02:41,4651.582418,0.826562,0.680529,0.826562,0.680529,24,21,20,22,0,0,0,0,114,58,38,27
2026/02/03/15:02:42,4652.582546,0.826562,0.680529,0.826562,0.680529,24,21,20,22,0,0,0,0,114,58,38,27
2026/02/03/15:02:43,4653.582622,0.826562,0.680529,0.826562,0.680529,24,21,20,22,0,0,0,0,114,58,38,27
2026/02/03/15:02:44,4654.582753,0.826562,0.680529,0.826562,0.680529,24,21,20,22,0,0,0,0,114,58,38,27
2026/02/03/15:02:45,4655.582834,0.826562,0.680529,0.826562,0.680529,24,21,20,22,0,0,0,0,114,58,38,27
2026/02/03/15:02:46,4656.582961,0.826562,0.680529,0.826562,0.680529,24,21,20,22,0,0,0,0,114,58,38,27
2026/02/03/15:02:47,4657.583035,0.826562,0.680529,0.826562,0.680529,24,21,20,22,0,0,0,0,114,58,38,27
2026/02/03/15:02:48,4658.583136,0.826562,0.680529,0.826562,0.680529,24,21,20,22,0,0,0,0,114,58,38,27
2026/02/03/15:02:49,4659.583252,0.826562,0.680529,0.826562,0.680529,24,21,20,22,0,0,0,0,114,58,38,27
2026/02/03/15:02:50,4660.583351,0.826562,0.680529,0.826562,0.680529,24,21,20,22,0,0,0,0,114,58,38,27
2026/02/03/15:02:51,4661.583426,0.826562,0.680529,0.826562,0.680529,24,21,20,22,0,0,0,0,114,58,38,27
2026/02/03/15:02:52,4662.583523,0.826562,0.680529,0.826562,0.680529,24,21,20,22,0,0,0,0,114,58,38,27
2026/02/03/15:02:53,4663.583647,0.826562,0.680529,0.826562,0.680529,24,21,20,22,0,0,0,0,114,58,38,27
2026/02/03/15:02:54,4664.583765,0.826562,0.680529,0.826562,0.680529,24,21,20,22,0,0,0,0,114,58,38,27
2026/02/03/15:02:55,4665.583953,0.826562,0.680529,0.826562,0.680529,24,21,20,22,0,0,0,0,114,58,38,27
2026/02/03/15:02:56,4666.583995,0.826562,0.680529,0.826562,0.680529,24,21,20,22,0,0,0,0,114,58,38,27
2026/02/03/15:02:57,4667.584093,0.826562,0.680529,0.826562,0.680529,24,21,20,22,0,0,0,0,114,58,38,27
2026/02/03/15:02:58,4668.584215,0.826562,0.680529,0.826562,0.680529,24,21,20,22,0,0,0,0,114,58,38,27
2026/02/03/15:02:59,4669.584312,0.826562,0.680529,0.826562,0.680529,24,21,20,22,0,0,0,0,114,58,38,27
2026/02/03/15:03:00,4670.584430,0.826562,0.680529,0.826562,0.680529,24,21,20,22,0,0,0,0,114,58,38,27
2026/02/03/15:03:01,4671.584520,0.826562,0.680529,0.826562,0.680529,24,21,20,22,0,0,0,0,114,58,38,27
2026/02/03/15:03:02,4672.584617,0.826562,0.680529,0.826562,0.680529,24,21,20,22,0,0,0,0,114,58,38,27
2026/02/03/15:03:03,4673.584735,0.826562,0.680529,0.826562,0.680529,24,21,20,22,0,0,0,0,114,58,38,27
2026/02/03/15:03:04,4674.584813,0.826562,0.680529,0.826562,0.680529,24,21,20,22,0,0,0,0,114,58,38,27
2026/02/03/15:03:05,4675.584918,0.826562,0.680529,0.826562,0.680529,24,21,20,22,0,0,0,0,114,58,38,27
2026/02/03/15:03:06,4676.584999,0.826562,0.680529,0.826562,0.680529,24,21,20,22,0,0,0,0,114,58,38,27
2026/02/03/15:03:07,4677.585109,0.808187,0.665435,0.808187,0.665435,24,21,20,19,0,0,0,0,114,58,38,30
2026/02/03/15:03:08,4678.585187,0.808187,0.665435,0.808187,0.665435,24,21,20,19,0,0,0,0,114,58,38,30
2026/02/03/15:03:09,4679.585271,0.808187,0.665435,0.808187,0.665435,24,21,20,19,0,0,0,0,114,58,38,30
2026/02/03/15:03:10,4680.585404,0.808187,0.665435,0.808187,0.665435,24,21,20,19,0,0,0,0,114,58,38,30
2026/02/03/15:03:11,4681.585557,0.808187,0.665435,0.808187,0.665435,24,21,20,19,0,0,0,0,114,58,38,30
2026/02/03/15:03:12,4682.585658,0.808187,0.665435,0.808187,0.665435,24,21,20,19,0,0,0,0,114,58,38,30
2026/02/03/15:03:13,4683.585761,0.808187,0.665435,0.808187,0.665435,24,21,20,19,0,0,0,0,114,58,38,30
2026/02/03/15:03:14,4684.585847,0.808187,0.665435,0.808187,0.665435,24,21,20,19,0,0,0,0,114,58,38,30
2026/02/03/15:03:15,4685.585960,0.808187,0.665435,0.808187,0.665435,24,21,20,19,0,0,0,0,114,58,38,30
2026/02/03/15:03:16,4686.586075,0.808187,0.665435,0.808187,0.665435,24,21,20,19,0,0,0,0,114,58,38,30
2026/02/03/15:03:17,4687.586163,0.808187,0.665435,0.808187,0.665435,24,21,20,19,0,0,0,0,114,58,38,30
2026/02/03/15:03:18,4688.586299,0.808187,0.665435,0.808187,0.665435,24,21,20,19,0,0,0,0,114,58,38,30
2026/02/03/15:03:19,4689.586403,0.808187,0.665435,0.808187,0.665435,24,21,20,19,0,0,0,0,114,58,38,30
2026/02/03/15:03:20,4690.586487,0.808187,0.665435,0.808187,0.665435,24,21,20,19,0,0,0,0,114,58,38,30
2026/02/03/15:03:21,4691.586595,0.808187,0.665435,0.808187,0.665435,24,21,20,19,0,0,0,0,114,58,38,30
2026/02/03/15:03:22,4692.586684,0.808187,0.665435,0.808187,0.665435,24,21,20,19,0,0,0,0,114,58,38,30
2026/02/03/15:03:23,4693.586778,0.808187,0.665435,0.808187,0.665435,24,21,20,19,0,0,0,0,114,58,38,30
2026/02/03/15:03:24,4694.586888,0.808187,0.665435,0.808187,0.665435,24,21,20,19,0,0,0,0,114,58,38,30
2026/02/03/15:03:25,4695.587029,0.786625,0.661948,0.786625,0.661948,24,20,20,19,0,0,0,0,114,59,38,30
2026/02/03/15:03:26,4696.587137,0.786625,0.661948,0.786625,0.661948,24,20,20,19,0,0,0,0,114,59,38,30
2026/02/03/15:03:27,4697.587250,0.786625,0.661948,0.786625,0.661948,24,20,20,19,0,0,0,0,114,59,38,30
2026/02/03/15:03:28,4698.587362,0.786625,0.661948,0.786625,0.661948,24,20,20,19,0,0,0,0,114,59,38,30
2026/02/03/15:03:29,4699.587427,0.786625,0.661948,0.786625,0.661948,24,20,20,19,0,0,0,0,114,59,38,30
2026/02/03/15:03:30,4700.587528,0.786625,0.661948,0.786625,0.661948,24,20,20,19,0,0,0,0,114,59,38,30
2026/02/03/15:03:31,4701.587622,0.786625,0.661948,0.786625,0.661948,24,20,20,19,0,0,0,0,114,59,38,30
2026/02/03/15:03:32,4702.587730,0.786625,0.661948,0.786625,0.661948,24,20,20,19,0,0,0,0,114,59,38,30
2026/02/03/15:03:33,4703.587832,0.786625,0.661948,0.786625,0.661948,24,20,20,19,0,0,0,0,114,59,38,30
2026/02/03/15:03:34,4704.587921,0.786625,0.661948,0.786625,0.661948,24,20,20,19,0,0,0,0,114,59,38,30
2026/02/03/15:03:35,4705.588014,0.786625,0.661948,0.786625,0.661948,24,20,20,19,0,0,0,0,114,59,38,30
2026/02/03/15:03:36,4706.588126,0.786625,0.661948,0.786625,0.661948,24,20,20,19,0,0,0,0,114,59,38,30
2026/02/03/15:03:37,4707.588214,0.786625,0.661948,0.786625,0.661948,24,20,20,19,0,0,0,0,114,59,38,30
2026/02/03/15:03:38,4708.588328,0.786625,0.661948,0.786625,0.661948,24,20,20,19,0,0,0,0,114,59,38,30
2026/02/03/15:03:39,4709.588400,0.786625,0.661948,0.786625,0.661948,24,20,20,19,0,0,0,0,114,59,38,30
2026/02/03/15:03:40,4710.588552,0.786625,0.661948,0.786625,0.661948,24,20,20,19,0,0,0,0,114,59,38,30
2026/02/03/15:03:41,4711.588648,0.786625,0.661948,0.786625,0.661948,24,20,20,19,0,0,0,0,114,59,38,30
2026/02/03/15:03:42,4712.588740,0.786625,0.661948,0.786625,0.661948,24,20,20,19,0,0,0,0,114,59,38,30
2026/02/03/15:03:43,4713.588868,0.849250,0.800353,0.849250,0.800353,27,20,23,22,0,0,0,0,114,59,38,30
2026/02/03/15:03:44,4714.588963,0.849250,0.800353,0.849250,0.800353,27,20,23,22,0,0,0,0,114,59,38,30
2026/02/03/15:03:45,4715.589058,0.849250,0.800353,0.849250,0.800353,27,20,23,22,0,0,0,0,114,59,38,30
2026/02/03/15:03:46,4716.589146,0.849250,0.800353,0.849250,0.800353,27,20,23,22,0,0,0,0,114,59,38,30
2026/02/03/15:03:47,4717.589258,0.849250,0.800353,0.849250,0.800353,27,20,23,22,0,0,0,0,114,59,38,30
2026/02/03/15:03:48,4718.589372,0.849250,0.800353,0.849250,0.800353,27,20,23,22,0,0,0,0,114,59,38,30
2026/02/03/15:03:49,4719.589487,0.849250,0.800353,0.849250,0.800353,27,20,23,22,0,0,0,0,114,59,38,30
2026/02/03/15:03:50,4720.589595,0.849250,0.800353,0.849250,0.800353,27,20,23,22,0,0,0,0,114,59,38,30
2026/02/03/15:03:51,4721.589688,0.849250,0.800353,0.849250,0.800353,27,20,23,22,0,0,0,0,114,59,38,30
2026/02/03/15:03:52,4722.589791,0.849250,0.800353,0.849250,0.800353,27,20,23,22,0,0,0,0,114,59,38,30
2026/02/03/15:03:53,4723.589891,0.849250,0.800353,0.849250,0.800353,27,20,23,22,0,0,0,0,114,59,38,30
2026/02/03/15:03:54,4724.590001,0.849250,0.800353,0.849250,0.800353,27,20,23,22,0,0,0,0,114,59,38,30
2026/02/03/15:03:55,4725.590082,0.849250,0.800353,0.849250,0.800353,27,20,23,22,0,0,0,0,114,59,38,30
2026/02/03/15:03:56,4726.590185,0.849250,0.800353,0.849250,0.800353,27,20,23,22,0,0,0,0,114,59,38,30
2026/02/03/15:03:57,4727.590293,0.849250,0.800353,0.849250,0.800353,27,20,23,22,0,0,0,0,114,59,38,30
2026/02/03/15:03:58,4728.590390,0.849250,0.800353,0.849250,0.800353,27,20,23,22,0,0,0,0,114,59,38,30
2026/02/03/15:03:59,4729.590495,0.849250,0.800353,0.849250,0.800353,27,20,23,22,0,0,0,0,114,59,38,30
2026/02/03/15:04:00,4730.590576,0.849250,0.800353,0.849250,0.800353,27,20,23,22,0,0,0,0,114,59,38,30
2026/02/03/15:04:01,4731.590680,0.849250,0.800353,0.849250,0.800353,27,20,23,22,0,0,0,0,114,59,38,30
2026/02/03/15:04:02,4732.590782,0.849250,0.800353,0.849250,0.800353,27,20,23,22,0,0,0,0,114,59,38,30
2026/02/03/15:04:03,4733.590885,0.849250,0.800353,0.849250,0.800353,27,20,23,22,0,0,0,0,114,59,38,30
2026/02/03/15:04:04,4734.590972,0.849250,0.800353,0.849250,0.800353,27,20,23,22,0,0,0,0,114,59,38,30
2026/02/03/15:04:05,4735.591069,0.849250,0.800353,0.849250,0.800353,27,20,23,22,0,0,0,0,114,59,38,30
2026/02/03/15:04:06,4736.591162,0.849250,0.800353,0.849250,0.800353,27,20,23,22,0,0,0,0,114,59,38,30
2026/02/03/15:04:07,4737.591267,0.849250,0.800353,0.849250,0.800353,27,20,23,22,0,0,0,0,114,59,38,30
2026/02/03/15:04:08,4738.591370,0.849250,0.800353,0.849250,0.800353,27,20,23,22,0,0,0,0,114,59,38,30
2026/02/03/15:04:09,4739.591432,0.849250,0.800353,0.849250,0.800353,27,20,23,22,0,0,0,0,114,59,38,30
2026/02/03/15:04:10,4740.591541,0.849250,0.800353,0.849250,0.800353,27,20,23,22,0,0,0,0,114,59,38,30
2026/02/03/15:04:11,4741.591623,0.849250,0.800353,0.849250,0.800353,27,20,23,22,0,0,0,0,114,59,38,30
2026/02/03/15:04:12,4742.591714,0.849250,0.800353,0.849250,0.800353,27,20,23,22,0,0,0,0,114,59,38,30
2026/02/03/15:04:13,4743.591835,0.849250,0.800353,0.849250,0.800353,27,20,23,22,0,0,0,0,114,59,38,30
2026/02/03/15:04:14,4744.591997,0.849250,0.800353,0.849250,0.800353,27,20,23,22,0,0,0,0,114,59,38,30
2026/02/03/15:04:15,4745.592033,0.849250,0.800353,0.849250,0.800353,27,20,23,22,0,0,0,0,114,59,38,30
2026/02/03/15:04:16,4746.592118,0.849250,0.800353,0.849250,0.800353,27,20,23,22,0,0,0,0,114,59,38,30
2026/02/03/15:04:17,4747.592221,0.849250,0.800353,0.849250,0.800353,27,20,23,22,0,0,0,0,114,59,38,30
2026/02/03/15:04:18,4748.592329,0.849250,0.800353,0.849250,0.800353,27,20,23,22,0,0,0,0,114,59,38,30
2026/02/03/15:04:19,4749.592429,0.849250,0.800353,0.849250,0.800353,27,20,23,22,0,0,0,0,114,59,38,30
2026/02/03/15:04:20,4750.592504,0.849250,0.800353,0.849250,0.800353,27,20,23,22,0,0,0,0,114,59,38,30
2026/02/03/15:04:21,4751.592614,0.849250,0.800353,0.849250,0.800353,27,20,23,22,0,0,0,0,114,59,38,30
2026/02/03/15:04:22,4752.592727,0.849250,0.800353,0.849250,0.800353,27,20,23,22,0,0,0,0,114,59,38,30
2026/02/03/15:04:23,4753.592821,0.849250,0.800353,0.849250,0.800353,27,20,23,22,0,0,0,0,114,59,38,30
2026/02/03/15:04:24,4754.592913,0.849250,0.800353,0.849250,0.800353,27,20,23,22,0,0,0,0,114,59,38,30
2026/02/03/15:04:25,4755.592991,0.849250,0.800353,0.849250,0.800353,27,20,23,22,0,0,0,0,114,59,38,30
2026/02/03/15:04:26,4756.593032,0.849250,0.800353,0.849250,0.800353,27,20,23,22,0,0,0,0,114,59,38,30
2026/02/03/15:04:27,4757.593207,0.849250,0.800353,0.849250,0.800353,27,20,23,22,0,0,0,0,114,59,38,30
2026/02/03/15:04:28,4758.593266,0.849250,0.800353,0.849250,0.800353,27,20,23,22,0,0,0,0,114,59,38,30
2026/02/03/15:04:29,4759.593351,0.849250,0.800353,0.849250,0.800353,27,20,23,22,0,0,0,0,114,59,38,30
2026/02/03/15:04:30,4760.593491,0.849250,0.800353,0.849250,0.800353,27,20,23,22,0,0,0,0,114,59,38,30
2026/02/03/15:04:31,4761.593588,0.849250,0.800353,0.849250,0.800353,27,20,23,22,0,0,0,0,114,59,38,30
2026/02/03/15:04:32,4762.593722,0.849250,0.800353,0.849250,0.800353,27,20,23,22,0,0,0,0,114,59,38,30
2026/02/03/15:04:33,4763.593789,0.849250,0.800353,0.849250,0.800353,27,20,23,22,0,0,0,0,114,59,38,30
2026/02/03/15:04:34,4764.593895,0.849250,0.800353,0.849250,0.800353,27,20,23,22,0,0,0,0,114,59,38,30
2026/02/03/15:04:35,4765.593997,0.849250,0.800353,0.849250,0.800353,27,20,23,22,0,0,0,0,114,59,38,30
2026/02/03/15:04:36,4766.594077,0.849250,0.800353,0.849250,0.800353,27,20,23,22,0,0,0,0,114,59,38,30
2026/02/03/15:04:37,4767.594185,0.849250,0.800353,0.849250,0.800353,27,20,23,22,0,0,0,0,114,59,38,30
2026/02/03/15:04:38,4768.594290,0.849250,0.800353,0.849250,0.800353,27,20,23,22,0,0,0,0,114,59,38,30
2026/02/03/15:04:39,4769.594413,0.849250,0.800353,0.849250,0.800353,27,20,23,22,0,0,0,0,114,59,38,30
2026/02/03/15:04:40,4770.594516,0.849250,0.800353,0.849250,0.800353,27,20,23,22,0,0,0,0,114,59,38,30
2026/02/03/15:04:41,4771.594608,0.849250,0.800353,0.849250,0.800353,27,20,23,22,0,0,0,0,114,59,38,30
2026/02/03/15:04:42,4772.594753,0.849250,0.800353,0.849250,0.800353,27,20,23,22,0,0,0,0,114,59,38,30
2026/02/03/15:04:43,4773.594836,0.849250,0.800353,0.849250,0.800353,27,20,23,22,0,0,0,0,114,59,38,30
2026/02/03/15:04:44,4774.594958,0.849250,0.800353,0.849250,0.800353,27,20,23,22,0,0,0,0,114,59,38,30
2026/02/03/15:04:45,4775.595046,0.849250,0.800353,0.849250,0.800353,27,20,23,22,0,0,0,0,114,59,38,30
2026/02/03/15:04:46,4776.595126,0.849250,0.800353,0.849250,0.800353,27,20,23,22,0,0,0,0,114,59,38,30
2026/02/03/15:04:47,4777.595223,0.849250,0.800353,0.849250,0.800353,27,20,23,22,0,0,0,0,114,59,38,30
2026/02/03/15:04:48,4778.595326,0.849250,0.800353,0.849250,0.800353,27,20,23,22,0,0,0,0,114,59,38,30
2026/02/03/15:04:49,4779.595403,0.849250,0.800353,0.849250,0.800353,27,20,23,22,0,0,0,0,114,59,38,30
2026/02/03/15:04:50,4780.595521,0.849250,0.800353,0.849250,0.800353,27,20,23,22,0,0,0,0,114,59,38,30
2026/02/03/15:04:51,4781.595603,0.849250,0.800353,0.849250,0.800353,27,20,23,22,0,0,0,0,114,59,38,30
2026/02/03/15:04:52,4782.595690,0.849250,0.800353,0.849250,0.800353,27,20,23,22,0,0,0,0,114,59,38,30
2026/02/03/15:04:53,4783.595778,0.849250,0.800353,0.849250,0.800353,27,20,23,22,0,0,0,0,114,59,38,30
2026/02/03/15:04:54,4784.595865,0.849250,0.800353,0.849250,0.800353,27,20,23,22,0,0,0,0,114,59,38,30
2026/02/03/15:04:55,4785.595975,0.849250,0.800353,0.849250,0.800353,27,20,23,22,0,0,0,0,114,59,38,30
2026/02/03/15:04:56,4786.596056,0.849250,0.800353,0.849250,0.800353,27,20,23,22,0,0,0,0,114,59,38,30
2026/02/03/15:04:57,4787.596150,0.849250,0.800353,0.849250,0.800353,27,20,23,22,0,0,0,0,114,59,38,30
2026/02/03/15:04:58,4788.596255,0.849250,0.800353,0.849250,0.800353,27,20,23,22,0,0,0,0,114,59,38,30
2026/02/03/15:04:59,4789.596337,0.849250,0.800353,0.849250,0.800353,27,20,23,22,0,0,0,0,114,59,38,30
2026/02/03/15:05:00,4790.596405,0.849250,0.800353,0.849250,0.800353,27,20,23,22,0,0,0,0,114,59,38,30
2026/02/03/15:05:01,4791.596554,0.849250,0.800353,0.849250,0.800353,27,20,23,22,0,0,0,0,114,59,38,30
2026/02/03/15:05:02,4792.596651,0.849250,0.800353,0.849250,0.800353,27,20,23,22,0,0,0,0,114,59,38,30
2026/02/03/15:05:03,4793.596766,0.849250,0.800353,0.849250,0.800353,27,20,23,22,0,0,0,0,114,59,38,30
2026/02/03/15:05:04,4794.596850,0.849250,0.800353,0.849250,0.800353,27,20,23,22,0,0,0,0,114,59,38,30
2026/02/03/15:05:05,4795.596934,0.849250,0.800353,0.849250,0.800353,27,20,23,22,0,0,0,0,114,59,38,30
2026/02/03/15:05:06,4796.597092,0.849250,0.800353,0.849250,0.800353,27,20,23,22,0,0,0,0,114,59,38,30
2026/02/03/15:05:07,4797.597179,0.849250,0.800353,0.849250,0.800353,27,20,23,22,0,0,0,0,114,59,38,30
2026/02/03/15:05:08,4798.597262,0.849250,0.800353,0.849250,0.800353,27,20,23,22,0,0,0,0,114,59,38,30
2026/02/03/15:05:09,4799.597364,0.849250,0.800353,0.849250,0.800353,27,20,23,22,0,0,0,0,114,59,38,30
2026/02/03/15:05:10,4800.597439,0.849250,0.800353,0.849250,0.800353,27,20,23,22,0,0,0,0,114,59,38,30
2026/02/03/15:05:11,4801.597535,0.849250,0.800353,0.849250,0.800353,27,20,23,22,0,0,0,0,114,59,38,30
2026/02/03/15:05:12,4802.597617,0.849250,0.800353,0.849250,0.800353,27,20,23,22,0,0,0,0,114,59,38,30
2026/02/03/15:05:13,4803.597707,0.849250,0.800353,0.849250,0.800353,27,20,23,22,0,0,0,0,114,59,38,30
2026/02/03/15:05:14,4804.597861,0.849250,0.800353,0.849250,0.800353,27,20,23,22,0,0,0,0,114,59,38,30
2026/02/03/15:05:15,4805.597958,0.849250,0.800353,0.849250,0.800353,27,20,23,22,0,0,0,0,114,59,38,30
2026/02/03/15:05:16,4806.598065,0.849250,0.800353,0.849250,0.800353,27,20,23,22,0,0,0,0,114,59,38,30
2026/02/03/15:05:17,4807.598144,0.849250,0.800353,0.849250,0.800353,27,20,23,22,0,0,0,0,114,59,38,30
2026/02/03/15:05:18,4808.598284,0.849250,0.800353,0.849250,0.800353,27,20,23,22,0,0,0,0,114,59,38,30
2026/02/03/15:05:19,4809.598372,0.849250,0.800353,0.849250,0.800353,27,20,23,22,0,0,0,0,114,59,38,30
2026/02/03/15:05:20,4810.598512,0.849250,0.800353,0.849250,0.800353,27,20,23,22,0,0,0,0,114,59,38,30
2026/02/03/15:05:21,4811.598619,0.849250,0.800353,0.849250,0.800353,27,20,23,22,0,0,0,0,114,59,38,30
2026/02/03/15:05:22,4812.598707,0.849250,0.800353,0.849250,0.800353,27,20,23,22,0,0,0,0,114,59,38,30
2026/02/03/15:05:23,4813.598805,0.849250,0.800353,0.849250,0.800353,27,20,23,22,0,0,0,0,114,59,38,30
2026/02/03/15:05:24,4814.598939,0.849250,0.800353,0.849250,0.800353,27,20,23,22,0,0,0,0,114,59,38,30
2026/02/03/15:05:25,4815.599030,0.849250,0.800353,0.849250,0.800353,27,20,23,22,0,0,0,0,114,59,38,30
2026/02/03/15:05:26,4816.599114,0.849250,0.800353,0.849250,0.800353,27,20,23,22,0,0,0,0,114,59,38,30
2026/02/03/15:05:27,4817.599205,0.849250,0.800353,0.849250,0.800353,27,20,23,22,0,0,0,0,114,59,38,30
2026/02/03/15:05:28,4818.599349,0.849250,0.800353,0.849250,0.800353,27,20,23,22,0,0,0,0,114,59,38,30
2026/02/03/15:05:29,4819.599398,0.849250,0.800353,0.849250,0.800353,27,20,23,22,0,0,0,0,114,59,38,30
2026/02/03/15:05:30,4820.599483,0.849250,0.800353,0.849250,0.800353,27,20,23,22,0,0,0,0,114,59,38,30
2026/02/03/15:05:31,4821.599576,0.849250,0.800353,0.849250,0.800353,27,20,23,22,0,0,0,0,114,59,38,30
2026/02/03/15:05:32,4822.599659,0.849250,0.800353,0.849250,0.800353,27,20,23,22,0,0,0,0,114,59,38,30
2026/02/03/15:05:33,4823.599750,0.849250,0.800353,0.849250,0.800353,27,20,23,22,0,0,0,0,114,59,38,30
2026/02/03/15:05:34,4824.599832,0.849250,0.800353,0.849250,0.800353,27,20,23,22,0,0,0,0,114,59,38,30
2026/02/03/15:05:35,4825.599914,0.849250,0.800353,0.849250,0.800353,27,20,23,22,0,0,0,0,114,59,38,30
2026/02/03/15:05:36,4826.600004,0.849250,0.800353,0.849250,0.800353,27,20,23,22,0,0,0,0,114,59,38,30
2026/02/03/15:05:37,4827.600091,0.849250,0.800353,0.849250,0.800353,27,20,23,22,0,0,0,0,114,59,38,30
2026/02/03/15:05:38,4828.600164,0.849250,0.800353,0.849250,0.800353,27,20,23,22,0,0,0,0,114,59,38,30
2026/02/03/15:05:39,4829.600317,0.849250,0.800353,0.849250,0.800353,27,20,23,22,0,0,0,0,114,59,38,30
2026/02/03/15:05:40,4830.600439,0.849250,0.800353,0.849250,0.800353,27,20,23,22,0,0,0,0,114,59,38,30
2026/02/03/15:05:41,4831.600525,0.849250,0.800353,0.849250,0.800353,27,20,23,22,0,0,0,0,114,59,38,30
2026/02/03/15:05:42,4832.600672,0.849250,0.800353,0.849250,0.800353,27,20,23,22,0,0,0,0,114,59,38,30
2026/02/03/15:05:43,4833.600744,0.849250,0.800353,0.849250,0.800353,27,20,23,22,0,0,0,0,114,59,38,30
2026/02/03/15:05:44,4834.600898,0.849250,0.800353,0.849250,0.800353,27,20,23,22,0,0,0,0,114,59,38,30
2026/02/03/15:05:45,4835.601048,0.849250,0.800353,0.849250,0.800353,27,20,23,22,0,0,0,0,114,59,38,30
2026/02/03/15:05:46,4836.601218,0.849250,0.800353,0.849250,0.800353,27,20,23,22,0,0,0,0,114,59,38,30
2026/02/03/15:05:47,4837.601360,0.849250,0.800353,0.849250,0.800353,27,20,23,22,0,0,0,0,114,59,38,30
2026/02/03/15:05:48,4838.601440,0.849250,0.800353,0.849250,0.800353,27,20,23,22,0,0,0,0,114,59,38,30
2026/02/03/15:05:49,4839.601564,0.849250,0.800353,0.849250,0.800353,27,20,23,22,0,0,0,0,114,59,38,30
2026/02/03/15:05:50,4840.601635,0.849250,0.800353,0.849250,0.800353,27,20,23,22,0,0,0,0,114,59,38,30
2026/02/03/15:05:51,4841.601801,0.849250,0.800353,0.849250,0.800353,27,20,23,22,0,0,0,0,114,59,38,30
2026/02/03/15:05:52,4842.601880,0.849250,0.800353,0.849250,0.800353,27,20,23,22,0,0,0,0,114,59,38,30
2026/02/03/15:05:53,4843.601966,0.849250,0.800353,0.849250,0.800353,27,20,23,22,0,0,0,0,114,59,38,30
2026/02/03/15:05:54,4844.602054,0.849250,0.800353,0.849250,0.800353,27,20,23,22,0,0,0,0,114,59,38,30
2026/02/03/15:05:55,4845.602145,0.849250,0.800353,0.849250,0.800353,27,20,23,22,0,0,0,0,114,59,38,30
2026/02/03/15:05:56,4846.602224,0.849250,0.800353,0.849250,0.800353,27,20,23,22,0,0,0,0,114,59,38,30
2026/02/03/15:05:57,4847.602304,0.849250,0.800353,0.849250,0.800353,27,20,23,22,0,0,0,0,114,59,38,30
2026/02/03/15:05:58,4848.602452,0.849250,0.800353,0.849250,0.800353,27,20,23,22,0,0,0,0,114,59,38,30
2026/02/03/15:05:59,4849.602534,0.849250,0.800353,0.849250,0.800353,27,20,23,22,0,0,0,0,114,59,38,30
2026/02/03/15:06:00,4850.602648,0.849250,0.800353,0.849250,0.800353,27,20,23,22,0,0,0,0,114,59,38,30
2026/02/03/15:06:01,4851.602805,0.849250,0.800353,0.849250,0.800353,27,20,23,22,0,0,0,0,114,59,38,30
2026/02/03/15:06:02,4852.602932,0.849250,0.800353,0.849250,0.800353,27,20,23,22,0,0,0,0,114,59,38,30
2026/02/03/15:06:03,4853.602991,0.849250,0.800353,0.849250,0.800353,27,20,23,22,0,0,0,0,114,59,38,30
2026/02/03/15:06:04,4854.603154,0.849250,0.800353,0.849250,0.800353,27,20,23,22,0,0,0,0,114,59,38,30
2026/02/03/15:06:05,4855.603274,0.849250,0.800353,0.849250,0.800353,27,20,23,22,0,0,0,0,114,59,38,30
2026/02/03/15:06:06,4856.603405,0.849250,0.800353,0.849250,0.800353,27,20,23,22,0,0,0,0,114,59,38,30
2026/02/03/15:06:07,4857.603494,0.849250,0.800353,0.849250,0.800353,27,20,23,22,0,0,0,0,114,59,38,30
2026/02/03/15:06:08,4858.603595,0.849250,0.800353,0.849250,0.800353,27,20,23,22,0,0,0,0,114,59,38,30
2026/02/03/15:06:09,4859.603752,0.849250,0.800353,0.849250,0.800353,27,20,23,22,0,0,0,0,114,59,38,30
2026/02/03/15:06:10,4860.603879,0.849250,0.800353,0.849250,0.800353,27,20,23,22,0,0,0,0,114,59,38,30
2026/02/03/15:06:11,4861.604044,0.849250,0.800353,0.849250,0.800353,27,20,23,22,0,0,0,0,114,59,38,30
2026/02/03/15:06:12,4862.604191,0.849250,0.800353,0.849250,0.800353,27,20,23,22,0,0,0,0,114,59,38,30
2026/02/03/15:06:13,4863.604384,0.849250,0.800353,0.849250,0.800353,27,20,23,22,0,0,0,0,114,59,38,30
2026/02/03/15:06:14,4864.604499,0.849250,0.800353,0.849250,0.800353,27,20,23,22,0,0,0,0,114,59,38,30
2026/02/03/15:06:15,4865.604607,0.849250,0.800353,0.849250,0.800353,27,20,23,22,0,0,0,0,114,59,38,30
2026/02/03/15:06:16,4866.604708,0.849250,0.800353,0.849250,0.800353,27,20,23,22,0,0,0,0,114,59,38,30
2026/02/03/15:06:17,4867.604777,0.849250,0.800353,0.849250,0.800353,27,20,23,22,0,0,0,0,114,59,38,30
2026/02/03/15:06:18,4868.604894,0.849250,0.800353,0.849250,0.800353,27,20,23,22,0,0,0,0,114,59,38,30
2026/02/03/15:06:19,4869.605000,0.849250,0.800353,0.849250,0.800353,27,20,23,22,0,0,0,0,114,59,38,30
2026/02/03/15:06:20,4870.605119,0.849250,0.800353,0.849250,0.800353,27,20,23,22,0,0,0,0,114,59,38,30
2026/02/03/15:06:21,4871.605287,0.849250,0.800353,0.849250,0.800353,27,20,23,22,0,0,0,0,114,59,38,30
2026/02/03/15:06:22,4872.605448,0.849250,0.800353,0.849250,0.800353,27,20,23,22,0,0,0,0,114,59,38,30
2026/02/03/15:06:23,4873.605575,0.849250,0.800353,0.849250,0.800353,27,20,23,22,0,0,0,0,114,59,38,30
2026/02/03/15:06:24,4874.605717,0.849250,0.800353,0.849250,0.800353,27,20,23,22,0,0,0,0,114,59,38,30
2026/02/03/15:06:25,4875.605860,0.849250,0.800353,0.849250,0.800353,27,20,23,22,0,0,0,0,114,59,38,30
2026/02/03/15:06:26,4876.606007,0.849250,0.800353,0.849250,0.800353,27,20,23,22,0,0,0,0,114,59,38,30
2026/02/03/15:06:27,4877.606088,0.849250,0.800353,0.849250,0.800353,27,20,23,22,0,0,0,0,114,59,38,30
2026/02/03/15:06:28,4878.606231,0.849250,0.800353,0.849250,0.800353,27,20,23,22,0,0,0,0,114,59,38,30
2026/02/03/15:06:29,4879.606382,0.842313,0.795860,0.842313,0.795860,27,19,23,22,0,0,0,0,114,60,38,30
2026/02/03/15:06:30,4880.606553,0.842313,0.795860,0.842313,0.795860,27,19,23,22,0,0,0,0,114,60,38,30
2026/02/03/15:06:31,4881.606634,0.842313,0.795860,0.842313,0.795860,27,19,23,22,0,0,0,0,114,60,38,30
2026/02/03/15:06:32,4882.606782,0.842313,0.795860,0.842313,0.795860,27,19,23,22,0,0,0,0,114,60,38,30
2026/02/03/15:06:33,4883.606922,0.842313,0.795860,0.842313,0.795860,27,19,23,22,0,0,0,0,114,60,38,30
2026/02/03/15:06:34,4884.607008,0.842313,0.795860,0.842313,0.795860,27,19,23,22,0,0,0,0,114,60,38,30
2026/02/03/15:06:35,4885.607158,0.842313,0.795860,0.842313,0.795860,27,19,23,22,0,0,0,0,114,60,38,30
2026/02/03/15:06:36,4886.607308,0.842313,0.795860,0.842313,0.795860,27,19,23,22,0,0,0,0,114,60,38,30
2026/02/03/15:06:37,4887.607458,0.842313,0.795860,0.842313,0.795860,27,19,23,22,0,0,0,0,114,60,38,30
2026/02/03/15:06:38,4888.607603,0.842313,0.795860,0.842313,0.795860,27,19,23,22,0,0,0,0,114,60,38,30
2026/02/03/15:06:39,4889.607694,0.823562,0.773848,0.823562,0.773848,27,16,23,22,0,0,0,0,114,63,38,30
2026/02/03/15:06:40,4890.607779,0.823562,0.773848,0.823562,0.773848,27,16,23,22,0,0,0,0,114,63,38,30
2026/02/03/15:06:41,4891.607881,0.823562,0.773848,0.823562,0.773848,27,16,23,22,0,0,0,0,114,63,38,30
2026/02/03/15:06:42,4892.607965,0.823562,0.773848,0.823562,0.773848,27,16,23,22,0,0,0,0,114,63,38,30
2026/02/03/15:06:43,4893.608068,0.823562,0.773848,0.823562,0.773848,27,16,23,22,0,0,0,0,114,63,38,30
2026/02/03/15:06:44,4894.608187,0.823562,0.773848,0.823562,0.773848,27,16,23,22,0,0,0,0,114,63,38,30
2026/02/03/15:06:45,4895.608258,0.823562,0.773848,0.823562,0.773848,27,16,23,22,0,0,0,0,114,63,38,30
2026/02/03/15:06:46,4896.608399,0.823562,0.773848,0.823562,0.773848,27,16,23,22,0,0,0,0,114,63,38,30
2026/02/03/15:06:47,4897.608413,0.823562,0.773848,0.823562,0.773848,27,16,23,22,0,0,0,0,114,63,38,30
2026/02/03/15:06:48,4898.608578,0.823562,0.773848,0.823562,0.773848,27,16,23,22,0,0,0,0,114,63,38,30
2026/02/03/15:06:49,4899.608734,0.823562,0.773848,0.823562,0.773848,27,16,23,22,0,0,0,0,114,63,38,30
2026/02/03/15:06:50,4900.608899,0.823562,0.773848,0.823562,0.773848,27,16,23,22,0,0,0,0,114,63,38,30
2026/02/03/15:06:51,4901.609043,0.823562,0.773848,0.823562,0.773848,27,16,23,22,0,0,0,0,114,63,38,30
2026/02/03/15:06:52,4902.609209,0.823562,0.773848,0.823562,0.773848,27,16,23,22,0,0,0,0,114,63,38,30
2026/02/03/15:06:53,4903.609270,0.823562,0.773848,0.823562,0.773848,27,16,23,22,0,0,0,0,114,63,38,30
2026/02/03/15:06:54,4904.609424,0.823562,0.773848,0.823562,0.773848,27,16,23,22,0,0,0,0,114,63,38,30
2026/02/03/15:06:55,4905.609580,0.823562,0.773848,0.823562,0.773848,27,16,23,22,0,0,0,0,114,63,38,30
2026/02/03/15:06:56,4906.609674,0.823562,0.773848,0.823562,0.773848,27,16,23,22,0,0,0,0,114,63,38,30
2026/02/03/15:06:57,4907.609776,0.823562,0.773848,0.823562,0.773848,27,16,23,22,0,0,0,0,114,63,38,30
2026/02/03/15:06:58,4908.609887,0.823562,0.773848,0.823562,0.773848,27,16,23,22,0,0,0,0,114,63,38,30
2026/02/03/15:06:59,4909.609993,0.823562,0.773848,0.823562,0.773848,27,16,23,22,0,0,0,0,114,63,38,30
2026/02/03/15:07:00,4910.610069,0.823562,0.773848,0.823562,0.773848,27,16,23,22,0,0,0,0,114,63,38,30
2026/02/03/15:07:01,4911.610239,0.823562,0.773848,0.823562,0.773848,27,16,23,22,0,0,0,0,114,63,38,30
2026/02/03/15:07:02,4912.610418,0.823562,0.773848,0.823562,0.773848,27,16,23,22,0,0,0,0,114,63,38,30
2026/02/03/15:07:03,4913.610507,0.823562,0.773848,0.823562,0.773848,27,16,23,22,0,0,0,0,114,63,38,30
2026/02/03/15:07:04,4914.610672,0.823562,0.773848,0.823562,0.773848,27,16,23,22,0,0,0,0,114,63,38,30
2026/02/03/15:07:05,4915.610754,0.823562,0.773848,0.823562,0.773848,27,16,23,22,0,0,0,0,114,63,38,30
2026/02/03/15:07:06,4916.610898,0.823562,0.773848,0.823562,0.773848,27,16,23,22,0,0,0,0,114,63,38,30
2026/02/03/15:07:07,4917.611036,0.823562,0.773848,0.823562,0.773848,27,16,23,22,0,0,0,0,114,63,38,30
2026/02/03/15:07:08,4918.611211,0.823562,0.773848,0.823562,0.773848,27,16,23,22,0,0,0,0,114,63,38,30
2026/02/03/15:07:09,4919.611365,0.823562,0.773848,0.823562,0.773848,27,16,23,22,0,0,0,0,114,63,38,30
2026/02/03/15:07:10,4920.611431,0.823562,0.773848,0.823562,0.773848,27,16,23,22,0,0,0,0,114,63,38,30
2026/02/03/15:07:11,4921.611528,0.823562,0.773848,0.823562,0.773848,27,16,23,22,0,0,0,0,114,63,38,30
2026/02/03/15:07:12,4922.611613,0.823562,0.773848,0.823562,0.773848,27,16,23,22,0,0,0,0,114,63,38,30
2026/02/03/15:07:13,4923.611702,0.823562,0.773848,0.823562,0.773848,27,16,23,22,0,0,0,0,114,63,38,30
2026/02/03/15:07:14,4924.611845,0.823562,0.773848,0.823562,0.773848,27,16,23,22,0,0,0,0,114,63,38,30
2026/02/03/15:07:15,4925.612106,0.823562,0.773848,0.823562,0.773848,27,16,23,22,0,0,0,0,114,63,38,30
2026/02/03/15:07:16,4926.612153,0.823562,0.773848,0.823562,0.773848,27,16,23,22,0,0,0,0,114,63,38,30
2026/02/03/15:07:17,4927.612254,0.823562,0.773848,0.823562,0.773848,27,16,23,22,0,0,0,0,114,63,38,30
2026/02/03/15:07:18,4928.612425,0.823562,0.773848,0.823562,0.773848,27,16,23,22,0,0,0,0,114,63,38,30
2026/02/03/15:07:19,4929.612584,0.823562,0.773848,0.823562,0.773848,27,16,23,22,0,0,0,0,114,63,38,30
2026/02/03/15:07:20,4930.612687,0.823562,0.773848,0.823562,0.773848,27,16,23,22,0,0,0,0,114,63,38,30
2026/02/03/15:07:21,4931.612790,0.823562,0.773848,0.823562,0.773848,27,16,23,22,0,0,0,0,114,63,38,30
2026/02/03/15:07:22,4932.612908,0.823562,0.773848,0.823562,0.773848,27,16,23,22,0,0,0,0,114,63,38,30
2026/02/03/15:07:23,4933.613045,0.823562,0.773848,0.823562,0.773848,27,16,23,22,0,0,0,0,114,63,38,30
2026/02/03/15:07:24,4934.613184,0.823562,0.773848,0.823562,0.773848,27,16,23,22,0,0,0,0,114,63,38,30
2026/02/03/15:07:25,4935.613320,0.823562,0.773848,0.823562,0.773848,27,16,23,22,0,0,0,0,114,63,38,30
2026/02/03/15:07:26,4936.613459,0.823562,0.773848,0.823562,0.773848,27,16,23,22,0,0,0,0,114,63,38,30
2026/02/03/15:07:27,4937.613605,0.823562,0.773848,0.823562,0.773848,27,16,23,22,0,0,0,0,114,63,38,30
2026/02/03/15:07:28,4938.613771,0.823562,0.773848,0.823562,0.773848,27,16,23,22,0,0,0,0,114,63,38,30
2026/02/03/15:07:29,4939.613950,0.823562,0.773848,0.823562,0.773848,27,16,23,22,0,0,0,0,114,63,38,30
2026/02/03/15:07:30,4940.614101,0.823562,0.773848,0.823562,0.773848,27,16,23,22,0,0,0,0,114,63,38,30
2026/02/03/15:07:31,4941.614256,0.823562,0.773848,0.823562,0.773848,27,16,23,22,0,0,0,0,114,63,38,30
2026/02/03/15:07:32,4942.614384,0.823562,0.773848,0.823562,0.773848,27,16,23,22,0,0,0,0,114,63,38,30
2026/02/03/15:07:33,4943.614518,0.823562,0.773848,0.823562,0.773848,27,16,23,22,0,0,0,0,114,63,38,30
2026/02/03/15:07:34,4944.614617,0.823562,0.773848,0.823562,0.773848,27,16,23,22,0,0,0,0,114,63,38,30
2026/02/03/15:07:35,4945.614784,0.823562,0.773848,0.823562,0.773848,27,16,23,22,0,0,0,0,114,63,38,30
2026/02/03/15:07:36,4946.614888,0.823562,0.773848,0.823562,0.773848,27,16,23,22,0,0,0,0,114,63,38,30
2026/02/03/15:07:37,4947.615020,0.823562,0.773848,0.823562,0.773848,27,16,23,22,0,0,0,0,114,63,38,30
2026/02/03/15:07:38,4948.615187,0.823562,0.773848,0.823562,0.773848,27,16,23,22,0,0,0,0,114,63,38,30
2026/02/03/15:07:39,4949.615294,0.823562,0.773848,0.823562,0.773848,27,16,23,22,0,0,0,0,114,63,38,30
2026/02/03/15:07:40,4950.615439,0.823562,0.773848,0.823562,0.773848,27,16,23,22,0,0,0,0,114,63,38,30
2026/02/03/15:07:41,4951.615530,0.823562,0.773848,0.823562,0.773848,27,16,23,22,0,0,0,0,114,63,38,30
2026/02/03/15:07:42,4952.615660,0.823562,0.773848,0.823562,0.773848,27,16,23,22,0,0,0,0,114,63,38,30
2026/02/03/15:07:43,4953.615810,0.823562,0.773848,0.823562,0.773848,27,16,23,22,0,0,0,0,114,63,38,30
2026/02/03/15:07:44,4954.615961,0.823562,0.773848,0.823562,0.773848,27,16,23,22,0,0,0,0,114,63,38,30
2026/02/03/15:07:45,4955.616050,0.823562,0.773848,0.823562,0.773848,27,16,23,22,0,0,0,0,114,63,38,30
2026/02/03/15:07:46,4956.616225,0.823562,0.773848,0.823562,0.773848,27,16,23,22,0,0,0,0,114,63,38,30
2026/02/03/15:07:47,4957.616396,0.823562,0.773848,0.823562,0.773848,27,16,23,22,0,0,0,0,114,63,38,30
2026/02/03/15:07:48,4958.616516,0.823562,0.773848,0.823562,0.773848,27,16,23,22,0,0,0,0,114,63,38,30
2026/02/03/15:07:49,4959.616688,0.823562,0.773848,0.823562,0.773848,27,16,23,22,0,0,0,0,114,63,38,30
2026/02/03/15:07:50,4960.616787,0.823562,0.773848,0.823562,0.773848,27,16,23,22,0,0,0,0,114,63,38,30
2026/02/03/15:07:51,4961.616891,0.823562,0.773848,0.823562,0.773848,27,16,23,22,0,0,0,0,114,63,38,30
2026/02/03/15:07:52,4962.616987,0.823562,0.773848,0.823562,0.773848,27,16,23,22,0,0,0,0,114,63,38,30
2026/02/03/15:07:53,4963.617066,0.823562,0.773848,0.823562,0.773848,27,16,23,22,0,0,0,0,114,63,38,30
2026/02/03/15:07:54,4964.617166,0.823562,0.773848,0.823562,0.773848,27,16,23,22,0,0,0,0,114,63,38,30
2026/02/03/15:07:55,4965.617319,0.823562,0.773848,0.823562,0.773848,27,16,23,22,0,0,0,0,114,63,38,30
2026/02/03/15:07:56,4966.617451,0.823562,0.773848,0.823562,0.773848,27,16,23,22,0,0,0,0,114,63,38,30
2026/02/03/15:07:57,4967.617546,0.823562,0.773848,0.823562,0.773848,27,16,23,22,0,0,0,0,114,63,38,30
2026/02/03/15:07:58,4968.617693,0.823562,0.773848,0.823562,0.773848,27,16,23,22,0,0,0,0,114,63,38,30
2026/02/03/15:07:59,4969.617810,0.823562,0.773848,0.823562,0.773848,27,16,23,22,0,0,0,0,114,63,38,30
2026/02/03/15:08:00,4970.617905,0.823562,0.773848,0.823562,0.773848,27,16,23,22,0,0,0,0,114,63,38,30
2026/02/03/15:08:01,4971.618014,0.823562,0.773848,0.823562,0.773848,27,16,23,22,0,0,0,0,114,63,38,30
2026/02/03/15:08:02,4972.618141,0.823562,0.773848,0.823562,0.773848,27,16,23,22,0,0,0,0,114,63,38,30
2026/02/03/15:08:03,4973.618260,0.823562,0.773848,0.823562,0.773848,27,16,23,22,0,0,0,0,114,63,38,30
2026/02/03/15:08:04,4974.618383,0.823562,0.773848,0.823562,0.773848,27,16,23,22,0,0,0,0,114,63,38,30
2026/02/03/15:08:05,4975.618518,0.823562,0.773848,0.823562,0.773848,27,16,23,22,0,0,0,0,114,63,38,30
2026/02/03/15:08:06,4976.618630,0.823562,0.773848,0.823562,0.773848,27,16,23,22,0,0,0,0,114,63,38,30
2026/02/03/15:08:07,4977.618731,0.823562,0.773848,0.823562,0.773848,27,16,23,22,0,0,0,0,114,63,38,30
2026/02/03/15:08:08,4978.618851,0.823562,0.773848,0.823562,0.773848,27,16,23,22,0,0,0,0,114,63,38,30
2026/02/03/15:08:09,4979.619001,0.823562,0.773848,0.823562,0.773848,27,16,23,22,0,0,0,0,114,63,38,30
2026/02/03/15:08:10,4980.619145,0.823562,0.773848,0.823562,0.773848,27,16,23,22,0,0,0,0,114,63,38,30
2026/02/03/15:08:11,4981.619225,0.823562,0.773848,0.823562,0.773848,27,16,23,22,0,0,0,0,114,63,38,30
2026/02/03/15:08:12,4982.619374,0.823562,0.773848,0.823562,0.773848,27,16,23,22,0,0,0,0,114,63,38,30
2026/02/03/15:08:13,4983.619454,0.823562,0.773848,0.823562,0.773848,27,16,23,22,0,0,0,0,114,63,38,30
2026/02/03/15:08:14,4984.619568,0.823562,0.773848,0.823562,0.773848,27,16,23,22,0,0,0,0,114,63,38,30
2026/02/03/15:08:15,4985.619669,0.823562,0.773848,0.823562,0.773848,27,16,23,22,0,0,0,0,114,63,38,30
2026/02/03/15:08:16,4986.619833,0.823562,0.773848,0.823562,0.773848,27,16,23,22,0,0,0,0,114,63,38,30
2026/02/03/15:08:17,4987.619956,0.823562,0.773848,0.823562,0.773848,27,16,23,22,0,0,0,0,114,63,38,30
2026/02/03/15:08:18,4988.620137,0.823562,0.773848,0.823562,0.773848,27,16,23,22,0,0,0,0,114,63,38,30
2026/02/03/15:08:19,4989.620291,0.823562,0.773848,0.823562,0.773848,27,16,23,22,0,0,0,0,114,63,38,30
2026/02/03/15:08:20,4990.620453,0.823562,0.773848,0.823562,0.773848,27,16,23,22,0,0,0,0,114,63,38,30
2026/02/03/15:08:21,4991.620551,0.823562,0.773848,0.823562,0.773848,27,16,23,22,0,0,0,0,114,63,38,30
2026/02/03/15:08:22,4992.620697,0.823562,0.773848,0.823562,0.773848,27,16,23,22,0,0,0,0,114,63,38,30
2026/02/03/15:08:23,4993.620866,0.823562,0.773848,0.823562,0.773848,27,16,23,22,0,0,0,0,114,63,38,30
2026/02/03/15:08:24,4994.620951,0.817312,0.754158,0.817312,0.754158,27,16,23,21,0,0,0,0,114,63,38,31
2026/02/03/15:08:25,4995.621036,0.804813,0.714777,0.804813,0.714777,27,16,23,19,0,0,0,0,114,63,38,33
2026/02/03/15:08:26,4996.621173,0.804813,0.714777,0.804813,0.714777,27,16,23,19,0,0,0,0,114,63,38,33
2026/02/03/15:08:27,4997.621313,0.804813,0.714777,0.804813,0.714777,27,16,23,19,0,0,0,0,114,63,38,33
2026/02/03/15:08:28,4998.621423,0.804813,0.714777,0.804813,0.714777,27,16,23,19,0,0,0,0,114,63,38,33
2026/02/03/15:08:29,4999.621560,0.804813,0.714777,0.804813,0.714777,27,16,23,19,0,0,0,0,114,63,38,33
2026/02/03/15:08:30,5000.621652,0.804813,0.714777,0.804813,0.714777,27,16,23,19,0,0,0,0,114,63,38,33
2026/02/03/15:08:31,5001.621785,0.804813,0.714777,0.804813,0.714777,27,16,23,19,0,0,0,0,114,63,38,33
2026/02/03/15:08:32,5002.621895,0.804813,0.714777,0.804813,0.714777,27,16,23,19,0,0,0,0,114,63,38,33
2026/02/03/15:08:33,5003.622041,0.804813,0.714777,0.804813,0.714777,27,16,23,19,0,0,0,0,114,63,38,33
2026/02/03/15:08:34,5004.622185,0.804813,0.714777,0.804813,0.714777,27,16,23,19,0,0,0,0,114,63,38,33
2026/02/03/15:08:35,5005.622326,0.804813,0.714777,0.804813,0.714777,27,16,23,19,0,0,0,0,114,63,38,33
2026/02/03/15:08:36,5006.622466,0.804813,0.714777,0.804813,0.714777,27,16,23,19,0,0,0,0,114,63,38,33
2026/02/03/15:08:37,5007.622556,0.804813,0.714777,0.804813,0.714777,27,16,23,19,0,0,0,0,114,63,38,33
2026/02/03/15:08:38,5008.622662,0.804813,0.714777,0.804813,0.714777,27,16,23,19,0,0,0,0,114,63,38,33
2026/02/03/15:08:39,5009.622792,0.804813,0.714777,0.804813,0.714777,27,16,23,19,0,0,0,0,114,63,38,33
2026/02/03/15:08:40,5010.622920,0.804813,0.714777,0.804813,0.714777,27,16,23,19,0,0,0,0,114,63,38,33
2026/02/03/15:08:41,5011.622993,0.804813,0.714777,0.804813,0.714777,27,16,23,19,0,0,0,0,114,63,38,33
2026/02/03/15:08:42,5012.623169,0.804813,0.714777,0.804813,0.714777,27,16,23,19,0,0,0,0,114,63,38,33
2026/02/03/15:08:43,5013.623305,0.804813,0.714777,0.804813,0.714777,27,16,23,19,0,0,0,0,114,63,38,33
2026/02/03/15:08:44,5014.623412,0.804813,0.714777,0.804813,0.714777,27,16,23,19,0,0,0,0,114,63,38,33
2026/02/03/15:08:45,5015.623531,0.804813,0.714777,0.804813,0.714777,27,16,23,19,0,0,0,0,114,63,38,33
2026/02/03/15:08:46,5016.623676,0.804813,0.714777,0.804813,0.714777,27,16,23,19,0,0,0,0,114,63,38,33
2026/02/03/15:08:47,5017.623820,0.804813,0.714777,0.804813,0.714777,27,16,23,19,0,0,0,0,114,63,38,33
2026/02/03/15:08:48,5018.623964,0.804813,0.714777,0.804813,0.714777,27,16,23,19,0,0,0,0,114,63,38,33
2026/02/03/15:08:49,5019.624055,0.804813,0.714777,0.804813,0.714777,27,16,23,19,0,0,0,0,114,63,38,33
2026/02/03/15:08:50,5020.624195,0.804813,0.714777,0.804813,0.714777,27,16,23,19,0,0,0,0,114,63,38,33
2026/02/03/15:08:51,5021.624355,0.804813,0.714777,0.804813,0.714777,27,16,23,19,0,0,0,0,114,63,38,33
2026/02/03/15:08:52,5022.624432,0.804813,0.714777,0.804813,0.714777,27,16,23,19,0,0,0,0,114,63,38,33
2026/02/03/15:08:53,5023.624594,0.804813,0.714777,0.804813,0.714777,27,16,23,19,0,0,0,0,114,63,38,33
2026/02/03/15:08:54,5024.624687,0.804813,0.714777,0.804813,0.714777,27,16,23,19,0,0,0,0,114,63,38,33
2026/02/03/15:08:55,5025.624786,0.804813,0.714777,0.804813,0.714777,27,16,23,19,0,0,0,0,114,63,38,33
2026/02/03/15:08:56,5026.624887,0.804813,0.714777,0.804813,0.714777,27,16,23,19,0,0,0,0,114,63,38,33
2026/02/03/15:08:57,5027.624992,0.804813,0.714777,0.804813,0.714777,27,16,23,19,0,0,0,0,114,63,38,33
2026/02/03/15:08:58,5028.625073,0.804813,0.714777,0.804813,0.714777,27,16,23,19,0,0,0,0,114,63,38,33
2026/02/03/15:08:59,5029.625212,0.804813,0.714777,0.804813,0.714777,27,16,23,19,0,0,0,0,114,63,38,33
2026/02/03/15:09:00,5030.625367,0.804813,0.714777,0.804813,0.714777,27,16,23,19,0,0,0,0,114,63,38,33
2026/02/03/15:09:01,5031.625524,0.804813,0.714777,0.804813,0.714777,27,16,23,19,0,0,0,0,114,63,38,33
2026/02/03/15:09:02,5032.625638,0.804813,0.714777,0.804813,0.714777,27,16,23,19,0,0,0,0,114,63,38,33
2026/02/03/15:09:03,5033.625797,0.804813,0.714777,0.804813,0.714777,27,16,23,19,0,0,0,0,114,63,38,33
2026/02/03/15:09:04,5034.625949,0.804813,0.714777,0.804813,0.714777,27,16,23,19,0,0,0,0,114,63,38,33
2026/02/03/15:09:05,5035.626056,0.804813,0.714777,0.804813,0.714777,27,16,23,19,0,0,0,0,114,63,38,33
2026/02/03/15:09:06,5036.626165,0.804813,0.714777,0.804813,0.714777,27,16,23,19,0,0,0,0,114,63,38,33
2026/02/03/15:09:07,5037.626325,0.804813,0.714777,0.804813,0.714777,27,16,23,19,0,0,0,0,114,63,38,33
2026/02/03/15:09:08,5038.626495,0.804813,0.714777,0.804813,0.714777,27,16,23,19,0,0,0,0,114,63,38,33
2026/02/03/15:09:09,5039.626609,0.804813,0.714777,0.804813,0.714777,27,16,23,19,0,0,0,0,114,63,38,33
2026/02/03/15:09:10,5040.626759,0.804813,0.714777,0.804813,0.714777,27,16,23,19,0,0,0,0,114,63,38,33
2026/02/03/15:09:11,5041.626876,0.804813,0.714777,0.804813,0.714777,27,16,23,19,0,0,0,0,114,63,38,33
2026/02/03/15:09:12,5042.626972,0.804813,0.714777,0.804813,0.714777,27,16,23,19,0,0,0,0,114,63,38,33
2026/02/03/15:09:13,5043.627085,0.804813,0.714777,0.804813,0.714777,27,16,23,19,0,0,0,0,114,63,38,33
2026/02/03/15:09:14,5044.627201,0.804813,0.714777,0.804813,0.714777,27,16,23,19,0,0,0,0,114,63,38,33
2026/02/03/15:09:15,5045.627294,0.804813,0.714777,0.804813,0.714777,27,16,23,19,0,0,0,0,114,63,38,33
2026/02/03/15:09:16,5046.627438,0.804813,0.714777,0.804813,0.714777,27,16,23,19,0,0,0,0,114,63,38,33
2026/02/03/15:09:17,5047.627611,0.804813,0.714777,0.804813,0.714777,27,16,23,19,0,0,0,0,114,63,38,33
2026/02/03/15:09:18,5048.627711,0.804813,0.714777,0.804813,0.714777,27,16,23,19,0,0,0,0,114,63,38,33
2026/02/03/15:09:19,5049.627843,0.804813,0.714777,0.804813,0.714777,27,16,23,19,0,0,0,0,114,63,38,33
2026/02/03/15:09:20,5050.627979,0.804813,0.714777,0.804813,0.714777,27,16,23,19,0,0,0,0,114,63,38,33
2026/02/03/15:09:21,5051.628131,0.804813,0.714777,0.804813,0.714777,27,16,23,19,0,0,0,0,114,63,38,33
2026/02/03/15:09:22,5052.628223,0.804813,0.714777,0.804813,0.714777,27,16,23,19,0,0,0,0,114,63,38,33
2026/02/03/15:09:23,5053.628406,0.804813,0.714777,0.804813,0.714777,27,16,23,19,0,0,0,0,114,63,38,33
2026/02/03/15:09:24,5054.628560,0.804813,0.714777,0.804813,0.714777,27,16,23,19,0,0,0,0,114,63,38,33
2026/02/03/15:09:25,5055.628701,0.804813,0.714777,0.804813,0.714777,27,16,23,19,0,0,0,0,114,63,38,33
2026/02/03/15:09:26,5056.628841,0.804813,0.714777,0.804813,0.714777,27,16,23,19,0,0,0,0,114,63,38,33
2026/02/03/15:09:27,5057.628942,0.804813,0.714777,0.804813,0.714777,27,16,23,19,0,0,0,0,114,63,38,33
2026/02/03/15:09:28,5058.629042,0.804813,0.714777,0.804813,0.714777,27,16,23,19,0,0,0,0,114,63,38,33
2026/02/03/15:09:29,5059.629140,0.804813,0.714777,0.804813,0.714777,27,16,23,19,0,0,0,0,114,63,38,33
2026/02/03/15:09:30,5060.629243,0.804813,0.714777,0.804813,0.714777,27,16,23,19,0,0,0,0,114,63,38,33
2026/02/03/15:09:31,5061.629350,0.804813,0.714777,0.804813,0.714777,27,16,23,19,0,0,0,0,114,63,38,33
2026/02/03/15:09:32,5062.629442,0.804813,0.714777,0.804813,0.714777,27,16,23,19,0,0,0,0,114,63,38,33
2026/02/03/15:09:33,5063.629587,0.804813,0.714777,0.804813,0.714777,27,16,23,19,0,0,0,0,114,63,38,33
2026/02/03/15:09:34,5064.629754,0.804813,0.714777,0.804813,0.714777,27,16,23,19,0,0,0,0,114,63,38,33
2026/02/03/15:09:35,5065.629907,0.804813,0.714777,0.804813,0.714777,27,16,23,19,0,0,0,0,114,63,38,33
2026/02/03/15:09:36,5066.629993,0.804813,0.714777,0.804813,0.714777,27,16,23,19,0,0,0,0,114,63,38,33
2026/02/03/15:09:37,5067.630094,0.804813,0.714777,0.804813,0.714777,27,16,23,19,0,0,0,0,114,63,38,33
2026/02/03/15:09:38,5068.630192,0.804813,0.714777,0.804813,0.714777,27,16,23,19,0,0,0,0,114,63,38,33
2026/02/03/15:09:39,5069.630284,0.804813,0.714777,0.804813,0.714777,27,16,23,19,0,0,0,0,114,63,38,33
2026/02/03/15:09:40,5070.630456,0.804813,0.714777,0.804813,0.714777,27,16,23,19,0,0,0,0,114,63,38,33
2026/02/03/15:09:41,5071.630619,0.804813,0.714777,0.804813,0.714777,27,16,23,19,0,0,0,0,114,63,38,33
2026/02/03/15:09:42,5072.630723,0.804813,0.714777,0.804813,0.714777,27,16,23,19,0,0,0,0,114,63,38,33
2026/02/03/15:09:43,5073.630821,0.804813,0.714777,0.804813,0.714777,27,16,23,19,0,0,0,0,114,63,38,33
2026/02/03/15:09:44,5074.630921,0.804813,0.714777,0.804813,0.714777,27,16,23,19,0,0,0,0,114,63,38,33
2026/02/03/15:09:45,5075.631052,0.804813,0.714777,0.804813,0.714777,27,16,23,19,0,0,0,0,114,63,38,33
2026/02/03/15:09:46,5076.631155,0.804813,0.714777,0.804813,0.714777,27,16,23,19,0,0,0,0,114,63,38,33
2026/02/03/15:09:47,5077.631260,0.804813,0.714777,0.804813,0.714777,27,16,23,19,0,0,0,0,114,63,38,33
2026/02/03/15:09:48,5078.631398,0.804813,0.714777,0.804813,0.714777,27,16,23,19,0,0,0,0,114,63,38,33
2026/02/03/15:09:49,5079.631574,0.804813,0.714777,0.804813,0.714777,27,16,23,19,0,0,0,0,114,63,38,33
2026/02/03/15:09:50,5080.631816,0.804813,0.714777,0.804813,0.714777,27,16,23,19,0,0,0,0,114,63,38,33
2026/02/03/15:09:51,5081.631855,0.804813,0.714777,0.804813,0.714777,27,16,23,19,0,0,0,0,114,63,38,33
2026/02/03/15:09:52,5082.632012,0.804813,0.714777,0.804813,0.714777,27,16,23,19,0,0,0,0,114,63,38,33
2026/02/03/15:09:53,5083.632112,0.804813,0.714777,0.804813,0.714777,27,16,23,19,0,0,0,0,114,63,38,33
2026/02/03/15:09:54,5084.632259,0.804813,0.714777,0.804813,0.714777,27,16,23,19,0,0,0,0,114,63,38,33
2026/02/03/15:09:55,5085.632426,0.874188,0.762106,0.893125,0.776379,30,16,25,21,0,0,1,0,114,63,38,33
2026/02/03/15:09:56,5086.632583,0.874188,0.762106,0.893125,0.776379,30,16,25,21,0,0,1,0,114,63,38,33
2026/02/03/15:09:57,5087.634307,0.874188,0.762106,0.893125,0.776379,30,16,25,21,0,0,1,0,114,63,38,33
2026/02/03/15:09:58,5088.634423,0.864437,0.713036,0.864437,0.713036,24,16,26,21,0,0,0,0,120,63,38,33
2026/02/03/15:09:59,5089.634575,0.854313,0.704251,0.854313,0.704251,24,16,26,19,0,0,0,0,120,63,38,35
2026/02/03/15:10:00,5090.634732,0.854313,0.704251,0.854313,0.704251,24,16,26,19,0,0,0,0,120,63,38,35
2026/02/03/15:10:01,5091.634890,0.854313,0.704251,0.854313,0.704251,24,16,26,19,0,0,0,0,120,63,38,35
2026/02/03/15:10:02,5092.634992,0.854313,0.704251,0.854313,0.704251,24,16,26,19,0,0,0,0,120,63,38,35
2026/02/03/15:10:03,5093.635146,0.854313,0.704251,0.854313,0.704251,24,16,26,19,0,0,0,0,120,63,38,35
2026/02/03/15:10:04,5094.635307,0.854313,0.704251,0.854313,0.704251,24,16,26,19,0,0,0,0,120,63,38,35
2026/02/03/15:10:05,5095.635428,0.854313,0.704251,0.854313,0.704251,24,16,26,19,0,0,0,0,120,63,38,35
2026/02/03/15:10:06,5096.635534,0.854313,0.704251,0.854313,0.704251,24,16,26,19,0,0,0,0,120,63,38,35
2026/02/03/15:10:07,5097.635632,0.854313,0.704251,0.854313,0.704251,24,16,26,19,0,0,0,0,120,63,38,35
2026/02/03/15:10:08,5098.635718,0.854313,0.704251,0.854313,0.704251,24,16,26,19,0,0,0,0,120,63,38,35
2026/02/03/15:10:09,5099.635796,0.854313,0.704251,0.854313,0.704251,24,16,26,19,0,0,0,0,120,63,38,35
2026/02/03/15:10:10,5100.635951,0.854313,0.704251,0.854313,0.704251,24,16,26,19,0,0,0,0,120,63,38,35
2026/02/03/15:10:11,5101.636048,0.854313,0.704251,0.919937,0.732567,24,16,26,19,0,3,0,0,120,63,38,35
2026/02/03/15:10:12,5102.636165,0.854313,0.704251,0.919937,0.732567,24,16,26,19,0,3,0,0,120,63,38,35
2026/02/03/15:10:13,5103.636259,0.854313,0.704251,0.919937,0.732567,24,16,26,19,0,3,0,0,120,63,38,35
2026/02/03/15:10:14,5104.636333,0.854313,0.704251,0.919937,0.732567,24,16,26,19,0,3,0,0,120,63,38,35
2026/02/03/15:10:15,5105.636456,0.846063,0.715930,0.867938,0.725369,24,18,26,17,0,1,0,0,120,63,38,37
2026/02/03/15:10:16,5106.636565,0.846063,0.715930,0.867938,0.725369,24,18,26,17,0,1,0,0,120,63,38,37
2026/02/03/15:10:17,5107.636732,0.846063,0.715930,0.867938,0.725369,24,18,26,17,0,1,0,0,120,63,38,37
2026/02/03/15:10:18,5108.636842,0.846063,0.715930,0.867938,0.725369,24,18,26,17,0,1,0,0,120,63,38,37
2026/02/03/15:10:19,5109.637003,0.846063,0.715930,0.867938,0.725369,24,18,26,17,0,1,0,0,120,63,38,37
2026/02/03/15:10:20,5110.637149,0.846063,0.715930,0.867938,0.725369,24,18,26,17,0,1,0,0,120,63,38,37
2026/02/03/15:10:21,5111.637281,0.846063,0.715930,0.867938,0.725369,24,18,26,17,0,1,0,0,120,63,38,37
2026/02/03/15:10:22,5112.637412,0.846063,0.715930,0.867938,0.725369,24,18,26,17,0,1,0,0,120,63,38,37
2026/02/03/15:10:23,5113.637583,0.846063,0.715930,0.867938,0.725369,24,18,26,17,0,1,0,0,120,63,38,37
2026/02/03/15:10:24,5114.637679,0.846063,0.715930,0.867938,0.725369,24,18,26,17,0,1,0,0,120,63,38,37
2026/02/03/15:10:25,5115.637837,0.846063,0.715930,0.867938,0.725369,24,18,26,17,0,1,0,0,120,63,38,37
2026/02/03/15:10:26,5116.637974,0.846063,0.715930,0.867938,0.725369,24,18,26,17,0,1,0,0,120,63,38,37
2026/02/03/15:10:27,5117.638065,0.846063,0.715930,0.867938,0.725369,24,18,26,17,0,1,0,0,120,63,38,37
2026/02/03/15:10:28,5118.638167,0.846063,0.715930,0.867938,0.725369,24,18,26,17,0,1,0,0,120,63,38,37
2026/02/03/15:10:29,5119.638282,0.846063,0.715930,0.867938,0.725369,24,18,26,17,0,1,0,0,120,63,38,37
2026/02/03/15:10:30,5120.638409,0.802312,0.697053,0.802312,0.697053,24,16,26,17,0,0,0,0,120,65,38,37
2026/02/03/15:10:31,5121.638549,0.802312,0.697053,0.802312,0.697053,24,16,26,17,0,0,0,0,120,65,38,37
2026/02/03/15:10:32,5122.638652,0.802312,0.697053,0.802312,0.697053,24,16,26,17,0,0,0,0,120,65,38,37
2026/02/03/15:10:33,5123.638747,0.802312,0.697053,0.802312,0.697053,24,16,26,17,0,0,0,0,120,65,38,37
2026/02/03/15:10:34,5124.638850,0.802312,0.697053,0.802312,0.697053,24,16,26,17,0,0,0,0,120,65,38,37
2026/02/03/15:10:35,5125.638985,0.802312,0.697053,0.802312,0.697053,24,16,26,17,0,0,0,0,120,65,38,37
2026/02/03/15:10:36,5126.639119,0.802312,0.697053,0.802312,0.697053,24,16,26,17,0,0,0,0,120,65,38,37
2026/02/03/15:10:37,5127.639241,0.802312,0.697053,0.802312,0.697053,24,16,26,17,0,0,0,0,120,65,38,37
2026/02/03/15:10:38,5128.639337,0.802312,0.697053,0.802312,0.697053,24,16,26,17,0,0,0,0,120,65,38,37
2026/02/03/15:10:39,5129.639450,0.802312,0.697053,0.802312,0.697053,24,16,26,17,0,0,0,0,120,65,38,37
2026/02/03/15:10:40,5130.639592,0.802312,0.697053,0.802312,0.697053,24,16,26,17,0,0,0,0,120,65,38,37
2026/02/03/15:10:41,5131.639706,0.802312,0.697053,0.802312,0.697053,24,16,26,17,0,0,0,0,120,65,38,37
2026/02/03/15:10:42,5132.639806,0.802312,0.697053,0.802312,0.697053,24,16,26,17,0,0,0,0,120,65,38,37
2026/02/03/15:10:43,5133.639894,0.802312,0.697053,0.802312,0.697053,24,16,26,17,0,0,0,0,120,65,38,37
2026/02/03/15:10:44,5134.640046,0.802312,0.697053,0.802312,0.697053,24,16,26,17,0,0,0,0,120,65,38,37
2026/02/03/15:10:45,5135.640213,0.802312,0.697053,0.802312,0.697053,24,16,26,17,0,0,0,0,120,65,38,37
2026/02/03/15:10:46,5136.640367,0.802312,0.697053,0.802312,0.697053,24,16,26,17,0,0,0,0,120,65,38,37
2026/02/03/15:10:47,5137.640429,0.802312,0.697053,0.802312,0.697053,24,16,26,17,0,0,0,0,120,65,38,37
2026/02/03/15:10:48,5138.640571,0.802312,0.697053,0.802312,0.697053,24,16,26,17,0,0,0,0,120,65,38,37
2026/02/03/15:10:49,5139.640705,0.802312,0.697053,0.802312,0.697053,24,16,26,17,0,0,0,0,120,65,38,37
2026/02/03/15:10:50,5140.640815,0.802312,0.697053,0.802312,0.697053,24,16,26,17,0,0,0,0,120,65,38,37
2026/02/03/15:10:51,5141.640985,0.802312,0.697053,0.802312,0.697053,24,16,26,17,0,0,0,0,120,65,38,37
2026/02/03/15:10:52,5142.641138,0.802312,0.697053,0.802312,0.697053,24,16,26,17,0,0,0,0,120,65,38,37
2026/02/03/15:10:53,5143.641280,0.802312,0.697053,0.802312,0.697053,24,16,26,17,0,0,0,0,120,65,38,37
2026/02/03/15:10:54,5144.641443,0.802312,0.697053,0.802312,0.697053,24,16,26,17,0,0,0,0,120,65,38,37
2026/02/03/15:10:55,5145.641594,0.802312,0.697053,0.802312,0.697053,24,16,26,17,0,0,0,0,120,65,38,37
2026/02/03/15:10:56,5146.641750,0.802312,0.697053,0.802312,0.697053,24,16,26,17,0,0,0,0,120,65,38,37
2026/02/03/15:10:57,5147.641901,0.802312,0.697053,0.802312,0.697053,24,16,26,17,0,0,0,0,120,65,38,37
2026/02/03/15:10:58,5148.642060,0.802312,0.697053,0.802312,0.697053,24,16,26,17,0,0,0,0,120,65,38,37
2026/02/03/15:10:59,5149.642217,0.802312,0.697053,0.802312,0.697053,24,16,26,17,0,0,0,0,120,65,38,37
2026/02/03/15:11:00,5150.642409,0.802312,0.697053,0.802312,0.697053,24,16,26,17,0,0,0,0,120,65,38,37
2026/02/03/15:11:01,5151.642479,0.802312,0.697053,0.802312,0.697053,24,16,26,17,0,0,0,0,120,65,38,37
2026/02/03/15:11:02,5152.642633,0.802312,0.697053,0.802312,0.697053,24,16,26,17,0,0,0,0,120,65,38,37
2026/02/03/15:11:03,5153.642723,0.802312,0.697053,0.802312,0.697053,24,16,26,17,0,0,0,0,120,65,38,37
2026/02/03/15:11:04,5154.642827,0.802312,0.697053,0.802312,0.697053,24,16,26,17,0,0,0,0,120,65,38,37
2026/02/03/15:11:05,5155.642981,0.802312,0.697053,0.802312,0.697053,24,16,26,17,0,0,0,0,120,65,38,37
2026/02/03/15:11:06,5156.643064,0.802312,0.697053,0.802312,0.697053,24,16,26,17,0,0,0,0,120,65,38,37
2026/02/03/15:11:07,5157.643179,0.802312,0.697053,0.802312,0.697053,24,16,26,17,0,0,0,0,120,65,38,37
2026/02/03/15:11:08,5158.643333,0.802312,0.697053,0.802312,0.697053,24,16,26,17,0,0,0,0,120,65,38,37
2026/02/03/15:11:09,5159.643441,0.802312,0.697053,0.802312,0.697053,24,16,26,17,0,0,0,0,120,65,38,37
2026/02/03/15:11:10,5160.643538,0.802312,0.697053,0.802312,0.697053,24,16,26,17,0,0,0,0,120,65,38,37
2026/02/03/15:11:11,5161.643702,0.802312,0.697053,0.802312,0.697053,24,16,26,17,0,0,0,0,120,65,38,37
2026/02/03/15:11:12,5162.643809,0.802312,0.697053,0.802312,0.697053,24,16,26,17,0,0,0,0,120,65,38,37
2026/02/03/15:11:13,5163.643899,0.802312,0.697053,0.802312,0.697053,24,16,26,17,0,0,0,0,120,65,38,37
2026/02/03/15:11:14,5164.644002,0.802312,0.697053,0.802312,0.697053,24,16,26,17,0,0,0,0,120,65,38,37
2026/02/03/15:11:15,5165.644095,0.802312,0.697053,0.802312,0.697053,24,16,26,17,0,0,0,0,120,65,38,37
2026/02/03/15:11:16,5166.644250,0.802312,0.697053,0.802312,0.697053,24,16,26,17,0,0,0,0,120,65,38,37
2026/02/03/15:11:17,5167.644367,0.802312,0.697053,0.802312,0.697053,24,16,26,17,0,0,0,0,120,65,38,37
2026/02/03/15:11:18,5168.644518,0.802312,0.697053,0.802312,0.697053,24,16,26,17,0,0,0,0,120,65,38,37
2026/02/03/15:11:19,5169.644713,0.802312,0.697053,0.802312,0.697053,24,16,26,17,0,0,0,0,120,65,38,37
2026/02/03/15:11:20,5170.644816,0.802312,0.697053,0.802312,0.697053,24,16,26,17,0,0,0,0,120,65,38,37
2026/02/03/15:11:21,5171.644916,0.802312,0.697053,0.802312,0.697053,24,16,26,17,0,0,0,0,120,65,38,37
2026/02/03/15:11:22,5172.645020,0.802312,0.697053,0.802312,0.697053,24,16,26,17,0,0,0,0,120,65,38,37
2026/02/03/15:11:23,5173.645126,0.802312,0.697053,0.802312,0.697053,24,16,26,17,0,0,0,0,120,65,38,37
2026/02/03/15:11:24,5174.645229,0.802312,0.697053,0.802312,0.697053,24,16,26,17,0,0,0,0,120,65,38,37
2026/02/03/15:11:25,5175.645327,0.802312,0.697053,0.802312,0.697053,24,16,26,17,0,0,0,0,120,65,38,37
2026/02/03/15:11:26,5176.645481,0.802312,0.697053,0.802312,0.697053,24,16,26,17,0,0,0,0,120,65,38,37
2026/02/03/15:11:27,5177.645654,0.802312,0.697053,0.802312,0.697053,24,16,26,17,0,0,0,0,120,65,38,37
2026/02/03/15:11:28,5178.645753,0.802312,0.697053,0.802312,0.697053,24,16,26,17,0,0,0,0,120,65,38,37
2026/02/03/15:11:29,5179.645919,0.802312,0.697053,0.802312,0.697053,24,16,26,17,0,0,0,0,120,65,38,37
2026/02/03/15:11:30,5180.646015,0.802312,0.697053,0.802312,0.697053,24,16,26,17,0,0,0,0,120,65,38,37
2026/02/03/15:11:31,5181.646110,0.802312,0.697053,0.802312,0.697053,24,16,26,17,0,0,0,0,120,65,38,37
2026/02/03/15:11:32,5182.646266,0.802312,0.697053,0.802312,0.697053,24,16,26,17,0,0,0,0,120,65,38,37
2026/02/03/15:11:33,5183.646421,0.802312,0.697053,0.802312,0.697053,24,16,26,17,0,0,0,0,120,65,38,37
2026/02/03/15:11:34,5184.646529,0.802312,0.697053,0.802312,0.697053,24,16,26,17,0,0,0,0,120,65,38,37
2026/02/03/15:11:35,5185.646619,0.802312,0.697053,0.802312,0.697053,24,16,26,17,0,0,0,0,120,65,38,37
2026/02/03/15:11:36,5186.646717,0.802312,0.697053,0.802312,0.697053,24,16,26,17,0,0,0,0,120,65,38,37
2026/02/03/15:11:37,5187.646872,0.802312,0.697053,0.802312,0.697053,24,16,26,17,0,0,0,0,120,65,38,37
2026/02/03/15:11:38,5188.646977,0.802312,0.697053,0.802312,0.697053,24,16,26,17,0,0,0,0,120,65,38,37
2026/02/03/15:11:39,5189.647079,0.802312,0.697053,0.802312,0.697053,24,16,26,17,0,0,0,0,120,65,38,37
2026/02/03/15:11:40,5190.647178,0.802312,0.697053,0.802312,0.697053,24,16,26,17,0,0,0,0,120,65,38,37
2026/02/03/15:11:41,5191.647362,0.802312,0.697053,0.802312,0.697053,24,16,26,17,0,0,0,0,120,65,38,37
2026/02/03/15:11:42,5192.647452,0.802312,0.697053,0.802312,0.697053,24,16,26,17,0,0,0,0,120,65,38,37
2026/02/03/15:11:43,5193.647520,0.802312,0.697053,0.802312,0.697053,24,16,26,17,0,0,0,0,120,65,38,37
2026/02/03/15:11:44,5194.647691,0.802312,0.697053,0.802312,0.697053,24,16,26,17,0,0,0,0,120,65,38,37
2026/02/03/15:11:45,5195.647790,0.802312,0.697053,0.802312,0.697053,24,16,26,17,0,0,0,0,120,65,38,37
2026/02/03/15:11:46,5196.647883,0.802312,0.697053,0.802312,0.697053,24,16,26,17,0,0,0,0,120,65,38,37
2026/02/03/15:11:47,5197.648038,0.802312,0.697053,0.802312,0.697053,24,16,26,17,0,0,0,0,120,65,38,37
2026/02/03/15:11:48,5198.648198,0.802312,0.697053,0.802312,0.697053,24,16,26,17,0,0,0,0,120,65,38,37
2026/02/03/15:11:49,5199.648376,0.802312,0.697053,0.802312,0.697053,24,16,26,17,0,0,0,0,120,65,38,37
2026/02/03/15:11:50,5200.648428,0.802312,0.697053,0.802312,0.697053,24,16,26,17,0,0,0,0,120,65,38,37
2026/02/03/15:11:51,5201.648544,0.802312,0.697053,0.802312,0.697053,24,16,26,17,0,0,0,0,120,65,38,37
2026/02/03/15:11:52,5202.648694,0.802312,0.697053,0.802312,0.697053,24,16,26,17,0,0,0,0,120,65,38,37
2026/02/03/15:11:53,5203.648822,0.802312,0.697053,0.802312,0.697053,24,16,26,17,0,0,0,0,120,65,38,37
2026/02/03/15:11:54,5204.648991,0.802312,0.697053,0.802312,0.697053,24,16,26,17,0,0,0,0,120,65,38,37
2026/02/03/15:11:55,5205.649101,0.802312,0.697053,0.802312,0.697053,24,16,26,17,0,0,0,0,120,65,38,37
2026/02/03/15:11:56,5206.649260,0.802312,0.697053,0.802312,0.697053,24,16,26,17,0,0,0,0,120,65,38,37
2026/02/03/15:11:57,5207.649380,0.802312,0.697053,0.802312,0.697053,24,16,26,17,0,0,0,0,120,65,38,37
2026/02/03/15:11:58,5208.649427,0.802312,0.697053,0.802312,0.697053,24,16,26,17,0,0,0,0,120,65,38,37
2026/02/03/15:11:59,5209.649533,0.802312,0.697053,0.802312,0.697053,24,16,26,17,0,0,0,0,120,65,38,37
2026/02/03/15:12:00,5210.649639,0.802312,0.697053,0.802312,0.697053,24,16,26,17,0,0,0,0,120,65,38,37
2026/02/03/15:12:01,5211.649784,0.802312,0.697053,0.802312,0.697053,24,16,26,17,0,0,0,0,120,65,38,37
2026/02/03/15:12:02,5212.649939,0.802312,0.697053,0.802312,0.697053,24,16,26,17,0,0,0,0,120,65,38,37
2026/02/03/15:12:03,5213.650018,0.802312,0.697053,0.802312,0.697053,24,16,26,17,0,0,0,0,120,65,38,37
2026/02/03/15:12:04,5214.650130,0.802312,0.697053,0.802312,0.697053,24,16,26,17,0,0,0,0,120,65,38,37
2026/02/03/15:12:05,5215.650254,0.802312,0.697053,0.802312,0.697053,24,16,26,17,0,0,0,0,120,65,38,37
2026/02/03/15:12:06,5216.650440,0.802312,0.697053,0.802312,0.697053,24,16,26,17,0,0,0,0,120,65,38,37
2026/02/03/15:12:07,5217.650588,0.802312,0.697053,0.802312,0.697053,24,16,26,17,0,0,0,0,120,65,38,37
2026/02/03/15:12:08,5218.650727,0.802312,0.697053,0.802312,0.697053,24,16,26,17,0,0,0,0,120,65,38,37
2026/02/03/15:12:09,5219.650833,0.802312,0.697053,0.802312,0.697053,24,16,26,17,0,0,0,0,120,65,38,37
2026/02/03/15:12:10,5220.650986,0.802312,0.697053,0.802312,0.697053,24,16,26,17,0,0,0,0,120,65,38,37
2026/02/03/15:12:11,5221.651118,0.802312,0.697053,0.802312,0.697053,24,16,26,17,0,0,0,0,120,65,38,37
2026/02/03/15:12:12,5222.651279,0.802312,0.697053,0.802312,0.697053,24,16,26,17,0,0,0,0,120,65,38,37
2026/02/03/15:12:13,5223.651407,0.802312,0.697053,0.802312,0.697053,24,16,26,17,0,0,0,0,120,65,38,37
2026/02/03/15:12:14,5224.651499,0.802312,0.697053,0.802312,0.697053,24,16,26,17,0,0,0,0,120,65,38,37
2026/02/03/15:12:15,5225.651652,0.802312,0.697053,0.802312,0.697053,24,16,26,17,0,0,0,0,120,65,38,37
2026/02/03/15:12:16,5226.651733,0.802312,0.697053,0.802312,0.697053,24,16,26,17,0,0,0,0,120,65,38,37
2026/02/03/15:12:17,5227.651845,0.802312,0.697053,0.802312,0.697053,24,16,26,17,0,0,0,0,120,65,38,37
2026/02/03/15:12:18,5228.651947,0.802312,0.697053,0.802312,0.697053,24,16,26,17,0,0,0,0,120,65,38,37
2026/02/03/15:12:19,5229.652101,0.802312,0.697053,0.802312,0.697053,24,16,26,17,0,0,0,0,120,65,38,37
2026/02/03/15:12:20,5230.652201,0.802312,0.697053,0.802312,0.697053,24,16,26,17,0,0,0,0,120,65,38,37
2026/02/03/15:12:21,5231.652378,0.802312,0.697053,0.802312,0.697053,24,16,26,17,0,0,0,0,120,65,38,37
2026/02/03/15:12:22,5232.652505,0.802312,0.697053,0.802312,0.697053,24,16,26,17,0,0,0,0,120,65,38,37
2026/02/03/15:12:23,5233.652618,0.802312,0.697053,0.802312,0.697053,24,16,26,17,0,0,0,0,120,65,38,37
2026/02/03/15:12:24,5234.652721,0.802312,0.697053,0.802312,0.697053,24,16,26,17,0,0,0,0,120,65,38,37
2026/02/03/15:12:25,5235.652812,0.805875,0.700557,0.805875,0.700557,25,16,26,17,0,0,0,0,120,65,38,37
2026/02/03/15:12:26,5236.652885,0.853125,0.775847,0.853125,0.775847,25,20,29,17,0,0,0,0,120,65,38,37
2026/02/03/15:12:27,5237.652989,0.853125,0.775847,0.853125,0.775847,25,20,29,17,0,0,0,0,120,65,38,37
2026/02/03/15:12:28,5238.653103,0.839250,0.716616,0.839250,0.716616,25,17,29,17,0,0,0,0,120,68,38,37
2026/02/03/15:12:29,5239.653198,0.839250,0.716616,0.839250,0.716616,25,17,29,17,0,0,0,0,120,68,38,37
2026/02/03/15:12:30,5240.653333,0.839250,0.716616,0.839250,0.716616,25,17,29,17,0,0,0,0,120,68,38,37
2026/02/03/15:12:31,5241.653517,0.839250,0.716616,0.839250,0.716616,25,17,29,17,0,0,0,0,120,68,38,37
2026/02/03/15:12:32,5242.653596,0.839250,0.716616,0.839250,0.716616,25,17,29,17,0,0,0,0,120,68,38,37
2026/02/03/15:12:33,5243.653705,0.814500,0.705597,0.814500,0.705597,25,17,26,17,0,0,0,0,120,68,41,37
2026/02/03/15:12:34,5244.653866,0.814500,0.705597,0.814500,0.705597,25,17,26,17,0,0,0,0,120,68,41,37
2026/02/03/15:12:35,5245.653955,0.814500,0.705597,0.814500,0.705597,25,17,26,17,0,0,0,0,120,68,41,37
2026/02/03/15:12:36,5246.654120,0.814500,0.705597,0.814500,0.705597,25,17,26,17,0,0,0,0,120,68,41,37
2026/02/03/15:12:37,5247.654215,0.814500,0.705597,0.814500,0.705597,25,17,26,17,0,0,0,0,120,68,41,37
2026/02/03/15:12:38,5248.654329,0.814500,0.705597,0.814500,0.705597,25,17,26,17,0,0,0,0,120,68,41,37
2026/02/03/15:12:39,5249.654495,0.814500,0.705597,0.814500,0.705597,25,17,26,17,0,0,0,0,120,68,41,37
2026/02/03/15:12:40,5250.654683,0.805875,0.700557,0.805875,0.700557,25,16,26,17,0,0,0,0,120,69,41,37
2026/02/03/15:12:41,5251.654780,0.805875,0.700557,0.805875,0.700557,25,16,26,17,0,0,0,0,120,69,41,37
2026/02/03/15:12:42,5252.654937,0.805875,0.700557,0.805875,0.700557,25,16,26,17,0,0,0,0,120,69,41,37
2026/02/03/15:12:43,5253.655045,0.805875,0.700557,0.805875,0.700557,25,16,26,17,0,0,0,0,120,69,41,37
2026/02/03/15:12:44,5254.655137,0.805875,0.700557,0.805875,0.700557,25,16,26,17,0,0,0,0,120,69,41,37
2026/02/03/15:12:45,5255.655235,0.805875,0.700557,0.805875,0.700557,25,16,26,17,0,0,0,0,120,69,41,37
2026/02/03/15:12:46,5256.655337,0.779813,0.689178,0.779813,0.689178,25,16,26,14,0,0,0,0,120,69,41,40
2026/02/03/15:12:47,5257.655513,0.779813,0.689178,0.779813,0.689178,25,16,26,14,0,0,0,0,120,69,41,40
2026/02/03/15:12:48,5258.655612,0.779813,0.689178,0.779813,0.689178,25,16,26,14,0,0,0,0,120,69,41,40
2026/02/03/15:12:49,5259.655770,0.779813,0.689178,0.779813,0.689178,25,16,26,14,0,0,0,0,120,69,41,40
2026/02/03/15:12:50,5260.655885,0.779813,0.689178,0.779813,0.689178,25,16,26,14,0,0,0,0,120,69,41,40
2026/02/03/15:12:51,5261.655985,0.779813,0.689178,0.779813,0.689178,25,16,26,14,0,0,0,0,120,69,41,40
2026/02/03/15:12:52,5262.656086,0.779813,0.689178,0.779813,0.689178,25,16,26,14,0,0,0,0,120,69,41,40
2026/02/03/15:12:53,5263.656243,0.779813,0.689178,0.779813,0.689178,25,16,26,14,0,0,0,0,120,69,41,40
2026/02/03/15:12:54,5264.656366,0.779813,0.689178,0.779813,0.689178,25,16,26,14,0,0,0,0,120,69,41,40
2026/02/03/15:12:55,5265.656502,0.779813,0.689178,0.779813,0.689178,25,16,26,14,0,0,0,0,120,69,41,40
2026/02/03/15:12:56,5266.656662,0.779813,0.689178,0.779813,0.689178,25,16,26,14,0,0,0,0,120,69,41,40
2026/02/03/15:12:57,5267.656818,0.779813,0.689178,0.779813,0.689178,25,16,26,14,0,0,0,0,120,69,41,40
2026/02/03/15:12:58,5268.656976,0.779813,0.689178,0.779813,0.689178,25,16,26,14,0,0,0,0,120,69,41,40
2026/02/03/15:12:59,5269.657048,0.779813,0.689178,0.779813,0.689178,25,16,26,14,0,0,0,0,120,69,41,40
2026/02/03/15:13:00,5270.657165,0.779813,0.689178,0.779813,0.689178,25,16,26,14,0,0,0,0,120,69,41,40
2026/02/03/15:13:01,5271.657257,0.779813,0.689178,0.779813,0.689178,25,16,26,14,0,0,0,0,120,69,41,40
2026/02/03/15:13:02,5272.657382,0.779813,0.689178,0.779813,0.689178,25,16,26,14,0,0,0,0,120,69,41,40
2026/02/03/15:13:03,5273.657524,0.779813,0.689178,0.779813,0.689178,25,16,26,14,0,0,0,0,120,69,41,40
2026/02/03/15:13:04,5274.657685,0.779813,0.689178,0.779813,0.689178,25,16,26,14,0,0,0,0,120,69,41,40
2026/02/03/15:13:05,5275.657836,0.779813,0.689178,0.779813,0.689178,25,16,26,14,0,0,0,0,120,69,41,40
2026/02/03/15:13:06,5276.657939,0.779813,0.689178,0.779813,0.689178,25,16,26,14,0,0,0,0,120,69,41,40
2026/02/03/15:13:07,5277.658090,0.779813,0.689178,0.779813,0.689178,25,16,26,14,0,0,0,0,120,69,41,40
2026/02/03/15:13:08,5278.658269,0.779813,0.689178,0.779813,0.689178,25,16,26,14,0,0,0,0,120,69,41,40
2026/02/03/15:13:09,5279.658426,0.779813,0.689178,0.779813,0.689178,25,16,26,14,0,0,0,0,120,69,41,40
2026/02/03/15:13:10,5280.658526,0.779813,0.689178,0.779813,0.689178,25,16,26,14,0,0,0,0,120,69,41,40
2026/02/03/15:13:11,5281.658692,0.779813,0.689178,0.779813,0.689178,25,16,26,14,0,0,0,0,120,69,41,40
2026/02/03/15:13:12,5282.658783,0.779813,0.689178,0.779813,0.689178,25,16,26,14,0,0,0,0,120,69,41,40
2026/02/03/15:13:13,5283.658946,0.779813,0.689178,0.779813,0.689178,25,16,26,14,0,0,0,0,120,69,41,40
2026/02/03/15:13:14,5284.659030,0.779813,0.689178,0.779813,0.689178,25,16,26,14,0,0,0,0,120,69,41,40
2026/02/03/15:13:15,5285.659163,0.779813,0.689178,0.779813,0.689178,25,16,26,14,0,0,0,0,120,69,41,40
2026/02/03/15:13:16,5286.659329,0.779813,0.689178,0.779813,0.689178,25,16,26,14,0,0,0,0,120,69,41,40
2026/02/03/15:13:17,5287.659489,0.773000,0.684194,0.773000,0.684194,25,15,26,14,0,0,0,0,120,70,41,40
2026/02/03/15:13:18,5288.659565,0.773000,0.684194,0.773000,0.684194,25,15,26,14,0,0,0,0,120,70,41,40
2026/02/03/15:13:19,5289.659734,0.773000,0.684194,0.773000,0.684194,25,15,26,14,0,0,0,0,120,70,41,40
2026/02/03/15:13:20,5290.659823,0.773000,0.684194,0.773000,0.684194,25,15,26,14,0,0,0,0,120,70,41,40
2026/02/03/15:13:21,5291.659983,0.773000,0.684194,0.773000,0.684194,25,15,26,14,0,0,0,0,120,70,41,40
2026/02/03/15:13:22,5292.660113,0.773000,0.684194,0.773000,0.684194,25,15,26,14,0,0,0,0,120,70,41,40
2026/02/03/15:13:23,5293.660259,0.773000,0.684194,0.773000,0.684194,25,15,26,14,0,0,0,0,120,70,41,40
2026/02/03/15:13:24,5294.660427,0.773000,0.684194,0.773000,0.684194,25,15,26,14,0,0,0,0,120,70,41,40
2026/02/03/15:13:25,5295.660585,0.773000,0.684194,0.773000,0.684194,25,15,26,14,0,0,0,0,120,70,41,40
2026/02/03/15:13:26,5296.660740,0.773000,0.684194,0.773000,0.684194,25,15,26,14,0,0,0,0,120,70,41,40
2026/02/03/15:13:27,5297.660821,0.773000,0.684194,0.773000,0.684194,25,15,26,14,0,0,0,0,120,70,41,40
2026/02/03/15:13:28,5298.660927,0.773000,0.684194,0.773000,0.684194,25,15,26,14,0,0,0,0,120,70,41,40
2026/02/03/15:13:29,5299.661085,0.773000,0.684194,0.773000,0.684194,25,15,26,14,0,0,0,0,120,70,41,40
2026/02/03/15:13:30,5300.661190,0.773000,0.684194,0.773000,0.684194,25,15,26,14,0,0,0,0,120,70,41,40
2026/02/03/15:13:31,5301.661366,0.773000,0.684194,0.773000,0.684194,25,15,26,14,0,0,0,0,120,70,41,40
2026/02/03/15:13:32,5302.661510,0.773000,0.684194,0.773000,0.684194,25,15,26,14,0,0,0,0,120,70,41,40
2026/02/03/15:13:33,5303.661589,0.773000,0.684194,0.773000,0.684194,25,15,26,14,0,0,0,0,120,70,41,40
2026/02/03/15:13:34,5304.661703,0.773000,0.684194,0.773000,0.684194,25,15,26,14,0,0,0,0,120,70,41,40
2026/02/03/15:13:35,5305.661775,0.773000,0.684194,0.773000,0.684194,25,15,26,14,0,0,0,0,120,70,41,40
2026/02/03/15:13:36,5306.661910,0.773000,0.684194,0.773000,0.684194,25,15,26,14,0,0,0,0,120,70,41,40
2026/02/03/15:13:37,5307.661993,0.773000,0.684194,0.773000,0.684194,25,15,26,14,0,0,0,0,120,70,41,40
2026/02/03/15:13:38,5308.662099,0.773000,0.684194,0.773000,0.684194,25,15,26,14,0,0,0,0,120,70,41,40
2026/02/03/15:13:39,5309.662199,0.773000,0.684194,0.773000,0.684194,25,15,26,14,0,0,0,0,120,70,41,40
2026/02/03/15:13:40,5310.662311,0.793312,0.713058,0.793312,0.713058,27,16,26,16,0,0,0,0,120,70,41,40
2026/02/03/15:13:41,5311.662410,0.793312,0.713058,0.793312,0.713058,27,16,26,16,0,0,0,0,120,70,41,40
2026/02/03/15:13:42,5312.662506,0.793312,0.713058,0.793312,0.713058,27,16,26,16,0,0,0,0,120,70,41,40
2026/02/03/15:13:43,5313.662613,0.789500,0.706552,0.789500,0.706552,27,15,26,16,0,0,0,0,120,71,41,40
2026/02/03/15:13:44,5314.662741,0.789500,0.706552,0.789500,0.706552,27,15,26,16,0,0,0,0,120,71,41,40
2026/02/03/15:13:45,5315.662908,0.789500,0.706552,0.789500,0.706552,27,15,26,16,0,0,0,0,120,71,41,40
2026/02/03/15:13:46,5316.663012,0.789500,0.706552,0.789500,0.706552,27,15,26,16,0,0,0,0,120,71,41,40
2026/02/03/15:13:47,5317.663108,0.785625,0.701765,0.785625,0.701765,27,15,26,15,0,0,0,0,120,71,41,41
2026/02/03/15:13:48,5318.663213,0.785625,0.701765,0.785625,0.701765,27,15,26,15,0,0,0,0,120,71,41,41
2026/02/03/15:13:49,5319.663327,0.785625,0.701765,0.785625,0.701765,27,15,26,15,0,0,0,0,120,71,41,41
2026/02/03/15:13:50,5320.663431,0.785625,0.701765,0.785625,0.701765,27,15,26,15,0,0,0,0,120,71,41,41
2026/02/03/15:13:51,5321.663523,0.785625,0.701765,0.785625,0.701765,27,15,26,15,0,0,0,0,120,71,41,41
2026/02/03/15:13:52,5322.663639,0.785625,0.701765,0.785625,0.701765,27,15,26,15,0,0,0,0,120,71,41,41
2026/02/03/15:13:53,5323.663739,0.785625,0.701765,0.785625,0.701765,27,15,26,15,0,0,0,0,120,71,41,41
2026/02/03/15:13:54,5324.663900,0.785625,0.701765,0.785625,0.701765,27,15,26,15,0,0,0,0,120,71,41,41
2026/02/03/15:13:55,5325.663994,0.785625,0.701765,0.785625,0.701765,27,15,26,15,0,0,0,0,120,71,41,41
2026/02/03/15:13:56,5326.664148,0.785625,0.701765,0.785625,0.701765,27,15,26,15,0,0,0,0,120,71,41,41
2026/02/03/15:13:57,5327.664267,0.785625,0.701765,0.785625,0.701765,27,15,26,15,0,0,0,0,120,71,41,41
2026/02/03/15:13:58,5328.664425,0.785625,0.701765,0.785625,0.701765,27,15,26,15,0,0,0,0,120,71,41,41
2026/02/03/15:13:59,5329.664552,0.785625,0.701765,0.785625,0.701765,27,15,26,15,0,0,0,0,120,71,41,41
2026/02/03/15:14:00,5330.664643,0.785625,0.701765,0.785625,0.701765,27,15,26,15,0,0,0,0,120,71,41,41
2026/02/03/15:14:01,5331.664752,0.785625,0.701765,0.785625,0.701765,27,15,26,15,0,0,0,0,120,71,41,41
2026/02/03/15:14:02,5332.664819,0.785625,0.701765,0.785625,0.701765,27,15,26,15,0,0,0,0,120,71,41,41
2026/02/03/15:14:03,5333.664912,0.785625,0.701765,0.785625,0.701765,27,15,26,15,0,0,0,0,120,71,41,41
2026/02/03/15:14:04,5334.665040,0.785625,0.701765,0.785625,0.701765,27,15,26,15,0,0,0,0,120,71,41,41
2026/02/03/15:14:05,5335.665117,0.785625,0.701765,0.785625,0.701765,27,15,26,15,0,0,0,0,120,71,41,41
2026/02/03/15:14:06,5336.665221,0.785625,0.701765,0.785625,0.701765,27,15,26,15,0,0,0,0,120,71,41,41
2026/02/03/15:14:07,5337.665379,0.785625,0.701765,0.785625,0.701765,27,15,26,15,0,0,0,0,120,71,41,41
2026/02/03/15:14:08,5338.665526,0.785625,0.701765,0.785625,0.701765,27,15,26,15,0,0,0,0,120,71,41,41
2026/02/03/15:14:09,5339.665628,0.785625,0.701765,0.785625,0.701765,27,15,26,15,0,0,0,0,120,71,41,41
2026/02/03/15:14:10,5340.665744,0.785625,0.701765,0.785625,0.701765,27,15,26,15,0,0,0,0,120,71,41,41
2026/02/03/15:14:11,5341.665878,0.785625,0.701765,0.785625,0.701765,27,15,26,15,0,0,0,0,120,71,41,41
2026/02/03/15:14:12,5342.665961,0.785625,0.701765,0.785625,0.701765,27,15,26,15,0,0,0,0,120,71,41,41
2026/02/03/15:14:13,5343.666067,0.785625,0.701765,0.785625,0.701765,27,15,26,15,0,0,0,0,120,71,41,41
2026/02/03/15:14:14,5344.666211,0.785625,0.701765,0.785625,0.701765,27,15,26,15,0,0,0,0,120,71,41,41
2026/02/03/15:14:15,5345.666353,0.785625,0.701765,0.785625,0.701765,27,15,26,15,0,0,0,0,120,71,41,41
2026/02/03/15:14:16,5346.666512,0.785625,0.701765,0.785625,0.701765,27,15,26,15,0,0,0,0,120,71,41,41
2026/02/03/15:14:17,5347.666642,0.785625,0.701765,0.785625,0.701765,27,15,26,15,0,0,0,0,120,71,41,41
2026/02/03/15:14:18,5348.666799,0.785625,0.701765,0.785625,0.701765,27,15,26,15,0,0,0,0,120,71,41,41
2026/02/03/15:14:19,5349.666891,0.785625,0.701765,0.785625,0.701765,27,15,26,15,0,0,0,0,120,71,41,41
2026/02/03/15:14:20,5350.667005,0.785625,0.701765,0.785625,0.701765,27,15,26,15,0,0,0,0,120,71,41,41
2026/02/03/15:14:21,5351.667156,0.785625,0.701765,0.785625,0.701765,27,15,26,15,0,0,0,0,120,71,41,41
2026/02/03/15:14:22,5352.667305,0.785625,0.701765,0.785625,0.701765,27,15,26,15,0,0,0,0,120,71,41,41
2026/02/03/15:14:23,5353.667460,0.785625,0.701765,0.785625,0.701765,27,15,26,15,0,0,0,0,120,71,41,41
2026/02/03/15:14:24,5354.667583,0.785625,0.701765,0.785625,0.701765,27,15,26,15,0,0,0,0,120,71,41,41
2026/02/03/15:14:25,5355.667717,0.785625,0.701765,0.785625,0.701765,27,15,26,15,0,0,0,0,120,71,41,41
2026/02/03/15:14:26,5356.667889,0.785625,0.701765,0.785625,0.701765,27,15,26,15,0,0,0,0,120,71,41,41
2026/02/03/15:14:27,5357.667969,0.785625,0.701765,0.785625,0.701765,27,15,26,15,0,0,0,0,120,71,41,41
2026/02/03/15:14:28,5358.668110,0.785625,0.701765,0.785625,0.701765,27,15,26,15,0,0,0,0,120,71,41,41
2026/02/03/15:14:29,5359.668273,0.785625,0.701765,0.785625,0.701765,27,15,26,15,0,0,0,0,120,71,41,41
2026/02/03/15:14:30,5360.668427,0.785625,0.701765,0.785625,0.701765,27,15,26,15,0,0,0,0,120,71,41,41
2026/02/03/15:14:31,5361.668589,0.785625,0.701765,0.785625,0.701765,27,15,26,15,0,0,0,0,120,71,41,41
2026/02/03/15:14:32,5362.668690,0.785625,0.701765,0.785625,0.701765,27,15,26,15,0,0,0,0,120,71,41,41
2026/02/03/15:14:33,5363.668844,0.785625,0.701765,0.785625,0.701765,27,15,26,15,0,0,0,0,120,71,41,41
2026/02/03/15:14:34,5364.668948,0.785625,0.701765,0.785625,0.701765,27,15,26,15,0,0,0,0,120,71,41,41
2026/02/03/15:14:35,5365.669107,0.785625,0.701765,0.785625,0.701765,27,15,26,15,0,0,0,0,120,71,41,41
2026/02/03/15:14:36,5366.669198,0.785625,0.701765,0.785625,0.701765,27,15,26,15,0,0,0,0,120,71,41,41
2026/02/03/15:14:37,5367.669308,0.785625,0.701765,0.785625,0.701765,27,15,26,15,0,0,0,0,120,71,41,41
2026/02/03/15:14:38,5368.669435,0.785625,0.701765,0.785625,0.701765,27,15,26,15,0,0,0,0,120,71,41,41
2026/02/03/15:14:39,5369.669590,0.785625,0.701765,0.785625,0.701765,27,15,26,15,0,0,0,0,120,71,41,41
2026/02/03/15:14:40,5370.669667,0.785625,0.701765,0.785625,0.701765,27,15,26,15,0,0,0,0,120,71,41,41
2026/02/03/15:14:41,5371.669829,0.785625,0.701765,0.785625,0.701765,27,15,26,15,0,0,0,0,120,71,41,41
2026/02/03/15:14:42,5372.669987,0.785625,0.701765,0.785625,0.701765,27,15,26,15,0,0,0,0,120,71,41,41
2026/02/03/15:14:43,5373.670081,0.785625,0.701765,0.785625,0.701765,27,15,26,15,0,0,0,0,120,71,41,41
2026/02/03/15:14:44,5374.670179,0.785625,0.701765,0.785625,0.701765,27,15,26,15,0,0,0,0,120,71,41,41
2026/02/03/15:14:45,5375.670309,0.785625,0.701765,0.785625,0.701765,27,15,26,15,0,0,0,0,120,71,41,41
2026/02/03/15:14:46,5376.670456,0.785625,0.701765,0.785625,0.701765,27,15,26,15,0,0,0,0,120,71,41,41
2026/02/03/15:14:47,5377.670552,0.785625,0.701765,0.785625,0.701765,27,15,26,15,0,0,0,0,120,71,41,41
2026/02/03/15:14:48,5378.670664,0.785625,0.701765,0.785625,0.701765,27,15,26,15,0,0,0,0,120,71,41,41
2026/02/03/15:14:49,5379.670822,0.785625,0.701765,0.785625,0.701765,27,15,26,15,0,0,0,0,120,71,41,41
2026/02/03/15:14:50,5380.670922,0.785625,0.701765,0.785625,0.701765,27,15,26,15,0,0,0,0,120,71,41,41
2026/02/03/15:14:51,5381.671086,0.785625,0.701765,0.785625,0.701765,27,15,26,15,0,0,0,0,120,71,41,41
2026/02/03/15:14:52,5382.671242,0.785625,0.701765,0.785625,0.701765,27,15,26,15,0,0,0,0,120,71,41,41
2026/02/03/15:14:53,5383.671380,0.785625,0.701765,0.785625,0.701765,27,15,26,15,0,0,0,0,120,71,41,41
2026/02/03/15:14:54,5384.671464,0.785625,0.701765,0.785625,0.701765,27,15,26,15,0,0,0,0,120,71,41,41
2026/02/03/15:14:55,5385.671660,0.785625,0.701765,0.785625,0.701765,27,15,26,15,0,0,0,0,120,71,41,41
2026/02/03/15:14:56,5386.671767,0.785625,0.701765,0.785625,0.701765,27,15,26,15,0,0,0,0,120,71,41,41
2026/02/03/15:14:57,5387.672495,0.785625,0.701765,0.785625,0.701765,27,15,26,15,0,0,0,0,120,71,41,41
2026/02/03/15:14:58,5388.672601,0.785625,0.701765,0.785625,0.701765,27,15,26,15,0,0,0,0,120,71,41,41
2026/02/03/15:14:59,5389.672716,0.785625,0.701765,0.785625,0.701765,27,15,26,15,0,0,0,0,120,71,41,41
2026/02/03/15:15:00,5390.675869,0.785625,0.701765,0.785625,0.701765,27,15,26,15,0,0,0,0,120,71,41,41
2026/02/03/15:15:01,5391.675963,0.785625,0.701765,0.785625,0.701765,27,15,26,15,0,0,0,0,120,71,41,41
2026/02/03/15:15:02,5392.676069,0.785625,0.701765,0.785625,0.701765,27,15,26,15,0,0,0,0,120,71,41,41
2026/02/03/15:15:03,5393.676152,0.785625,0.701765,0.785625,0.701765,27,15,26,15,0,0,0,0,120,71,41,41
2026/02/03/15:15:04,5394.676256,0.785625,0.701765,0.785625,0.701765,27,15,26,15,0,0,0,0,120,71,41,41
2026/02/03/15:15:05,5395.676404,0.785625,0.701765,0.785625,0.701765,27,15,26,15,0,0,0,0,120,71,41,41
2026/02/03/15:15:06,5396.676435,0.785625,0.701765,0.785625,0.701765,27,15,26,15,0,0,0,0,120,71,41,41
2026/02/03/15:15:07,5397.676564,0.785625,0.701765,0.785625,0.701765,27,15,26,15,0,0,0,0,120,71,41,41
2026/02/03/15:15:08,5398.676672,0.785625,0.701765,0.785625,0.701765,27,15,26,15,0,0,0,0,120,71,41,41
2026/02/03/15:15:09,5399.676792,0.785625,0.701765,0.785625,0.701765,27,15,26,15,0,0,0,0,120,71,41,41
2026/02/03/15:15:10,5400.676894,0.785625,0.701765,0.785625,0.701765,27,15,26,15,0,0,0,0,120,71,41,41
2026/02/03/15:15:11,5401.676997,0.785625,0.701765,0.785625,0.701765,27,15,26,15,0,0,0,0,120,71,41,41
2026/02/03/15:15:12,5402.677109,0.785625,0.701765,0.785625,0.701765,27,15,26,15,0,0,0,0,120,71,41,41
2026/02/03/15:15:13,5403.677212,0.785625,0.701765,0.785625,0.701765,27,15,26,15,0,0,0,0,120,71,41,41
2026/02/03/15:15:14,5404.677332,0.785625,0.701765,0.785625,0.701765,27,15,26,15,0,0,0,0,120,71,41,41
2026/02/03/15:15:15,5405.677421,0.785625,0.701765,0.785625,0.701765,27,15,26,15,0,0,0,0,120,71,41,41
2026/02/03/15:15:16,5406.677534,0.785625,0.701765,0.785625,0.701765,27,15,26,15,0,0,0,0,120,71,41,41
2026/02/03/15:15:17,5407.677657,0.785625,0.701765,0.785625,0.701765,27,15,26,15,0,0,0,0,120,71,41,41
2026/02/03/15:15:18,5408.677741,0.785625,0.701765,0.785625,0.701765,27,15,26,15,0,0,0,0,120,71,41,41
2026/02/03/15:15:19,5409.677874,0.785625,0.701765,0.785625,0.701765,27,15,26,15,0,0,0,0,120,71,41,41
2026/02/03/15:15:20,5410.677962,0.785625,0.701765,0.785625,0.701765,27,15,26,15,0,0,0,0,120,71,41,41
2026/02/03/15:15:21,5411.678065,0.785625,0.701765,0.785625,0.701765,27,15,26,15,0,0,0,0,120,71,41,41
2026/02/03/15:15:22,5412.678147,0.785625,0.701765,0.785625,0.701765,27,15,26,15,0,0,0,0,120,71,41,41
2026/02/03/15:15:23,5413.678262,0.785625,0.701765,0.785625,0.701765,27,15,26,15,0,0,0,0,120,71,41,41
2026/02/03/15:15:24,5414.678406,0.785625,0.701765,0.785625,0.701765,27,15,26,15,0,0,0,0,120,71,41,41
2026/02/03/15:15:25,5415.678448,0.785625,0.701765,0.785625,0.701765,27,15,26,15,0,0,0,0,120,71,41,41
2026/02/03/15:15:26,5416.678578,0.785625,0.701765,0.785625,0.701765,27,15,26,15,0,0,0,0,120,71,41,41
2026/02/03/15:15:27,5417.678675,0.785625,0.701765,0.785625,0.701765,27,15,26,15,0,0,0,0,120,71,41,41
2026/02/03/15:15:28,5418.678771,0.785625,0.701765,0.785625,0.701765,27,15,26,15,0,0,0,0,120,71,41,41
2026/02/03/15:15:29,5419.678885,0.785625,0.701765,0.785625,0.701765,27,15,26,15,0,0,0,0,120,71,41,41
2026/02/03/15:15:30,5420.679008,0.785625,0.701765,0.785625,0.701765,27,15,26,15,0,0,0,0,120,71,41,41
2026/02/03/15:15:31,5421.679101,0.785625,0.701765,0.785625,0.701765,27,15,26,15,0,0,0,0,120,71,41,41
2026/02/03/15:15:32,5422.679184,0.785625,0.701765,0.785625,0.701765,27,15,26,15,0,0,0,0,120,71,41,41
2026/02/03/15:15:33,5423.679304,0.785625,0.701765,0.785625,0.701765,27,15,26,15,0,0,0,0,120,71,41,41
2026/02/03/15:15:34,5424.679415,0.785625,0.701765,0.785625,0.701765,27,15,26,15,0,0,0,0,120,71,41,41
2026/02/03/15:15:35,5425.679549,0.785625,0.701765,0.785625,0.701765,27,15,26,15,0,0,0,0,120,71,41,41
2026/02/03/15:15:36,5426.679641,0.785625,0.701765,0.785625,0.701765,27,15,26,15,0,0,0,0,120,71,41,41
2026/02/03/15:15:37,5427.679720,0.785625,0.701765,0.785625,0.701765,27,15,26,15,0,0,0,0,120,71,41,41
2026/02/03/15:15:38,5428.679841,0.785625,0.701765,0.785625,0.701765,27,15,26,15,0,0,0,0,120,71,41,41
2026/02/03/15:15:39,5429.679931,0.785625,0.701765,0.785625,0.701765,27,15,26,15,0,0,0,0,120,71,41,41
2026/02/03/15:15:40,5430.680036,0.785625,0.701765,0.785625,0.701765,27,15,26,15,0,0,0,0,120,71,41,41
2026/02/03/15:15:41,5431.680151,0.785625,0.701765,0.785625,0.701765,27,15,26,15,0,0,0,0,120,71,41,41
2026/02/03/15:15:42,5432.680260,0.785625,0.701765,0.785625,0.701765,27,15,26,15,0,0,0,0,120,71,41,41
2026/02/03/15:15:43,5433.680407,0.785625,0.701765,0.785625,0.701765,27,15,26,15,0,0,0,0,120,71,41,41
2026/02/03/15:15:44,5434.680454,0.785625,0.701765,0.785625,0.701765,27,15,26,15,0,0,0,0,120,71,41,41
2026/02/03/15:15:45,5435.680536,0.785625,0.701765,0.785625,0.701765,27,15,26,15,0,0,0,0,120,71,41,41
2026/02/03/15:15:46,5436.680661,0.785625,0.701765,0.785625,0.701765,27,15,26,15,0,0,0,0,120,71,41,41
2026/02/03/15:15:47,5437.680745,0.785625,0.701765,0.785625,0.701765,27,15,26,15,0,0,0,0,120,71,41,41
2026/02/03/15:15:48,5438.680851,0.785625,0.701765,0.785625,0.701765,27,15,26,15,0,0,0,0,120,71,41,41
2026/02/03/15:15:49,5439.680952,0.785625,0.701765,0.785625,0.701765,27,15,26,15,0,0,0,0,120,71,41,41
2026/02/03/15:15:50,5440.681053,0.785625,0.701765,0.785625,0.701765,27,15,26,15,0,0,0,0,120,71,41,41
2026/02/03/15:15:51,5441.681142,0.785625,0.701765,0.785625,0.701765,27,15,26,15,0,0,0,0,120,71,41,41
2026/02/03/15:15:52,5442.681245,0.785625,0.701765,0.785625,0.701765,27,15,26,15,0,0,0,0,120,71,41,41
2026/02/03/15:15:53,5443.681331,0.785625,0.701765,0.785625,0.701765,27,15,26,15,0,0,0,0,120,71,41,41
2026/02/03/15:15:54,5444.681429,0.785625,0.701765,0.785625,0.701765,27,15,26,15,0,0,0,0,120,71,41,41
2026/02/03/15:15:55,5445.681558,0.785625,0.701765,0.785625,0.701765,27,15,26,15,0,0,0,0,120,71,41,41
2026/02/03/15:15:56,5446.681654,0.785625,0.701765,0.785625,0.701765,27,15,26,15,0,0,0,0,120,71,41,41
2026/02/03/15:15:57,5447.681736,0.785625,0.701765,0.785625,0.701765,27,15,26,15,0,0,0,0,120,71,41,41
2026/02/03/15:15:58,5448.681854,0.785625,0.701765,0.785625,0.701765,27,15,26,15,0,0,0,0,120,71,41,41
2026/02/03/15:15:59,5449.681940,0.785625,0.701765,0.785625,0.701765,27,15,26,15,0,0,0,0,120,71,41,41
2026/02/03/15:16:00,5450.682078,0.785625,0.701765,0.785625,0.701765,27,15,26,15,0,0,0,0,120,71,41,41
2026/02/03/15:16:01,5451.682177,0.785625,0.701765,0.785625,0.701765,27,15,26,15,0,0,0,0,120,71,41,41
2026/02/03/15:16:02,5452.682313,0.785625,0.701765,0.785625,0.701765,27,15,26,15,0,0,0,0,120,71,41,41
2026/02/03/15:16:03,5453.682420,0.785625,0.701765,0.785625,0.701765,27,15,26,15,0,0,0,0,120,71,41,41
2026/02/03/15:16:04,5454.682545,0.785625,0.701765,0.785625,0.701765,27,15,26,15,0,0,0,0,120,71,41,41
2026/02/03/15:16:05,5455.682640,0.785625,0.701765,0.785625,0.701765,27,15,26,15,0,0,0,0,120,71,41,41
2026/02/03/15:16:06,5456.682742,0.785625,0.701765,0.785625,0.701765,27,15,26,15,0,0,0,0,120,71,41,41
2026/02/03/15:16:07,5457.682903,0.785625,0.701765,0.785625,0.701765,27,15,26,15,0,0,0,0,120,71,41,41
2026/02/03/15:16:08,5458.683070,0.785625,0.701765,0.785625,0.701765,27,15,26,15,0,0,0,0,120,71,41,41
2026/02/03/15:16:09,5459.683162,0.785625,0.701765,0.785625,0.701765,27,15,26,15,0,0,0,0,120,71,41,41
2026/02/03/15:16:10,5460.683270,0.785625,0.701765,0.785625,0.701765,27,15,26,15,0,0,0,0,120,71,41,41
2026/02/03/15:16:11,5461.683358,0.785625,0.701765,0.785625,0.701765,27,15,26,15,0,0,0,0,120,71,41,41
2026/02/03/15:16:12,5462.683461,0.785625,0.701765,0.785625,0.701765,27,15,26,15,0,0,0,0,120,71,41,41
2026/02/03/15:16:13,5463.683563,0.785625,0.701765,0.785625,0.701765,27,15,26,15,0,0,0,0,120,71,41,41
2026/02/03/15:16:14,5464.683645,0.785625,0.701765,0.785625,0.701765,27,15,26,15,0,0,0,0,120,71,41,41
2026/02/03/15:16:15,5465.683753,0.785625,0.701765,0.785625,0.701765,27,15,26,15,0,0,0,0,120,71,41,41
2026/02/03/15:16:16,5466.683864,0.785625,0.701765,0.785625,0.701765,27,15,26,15,0,0,0,0,120,71,41,41
2026/02/03/15:16:17,5467.683970,0.785625,0.701765,0.785625,0.701765,27,15,26,15,0,0,0,0,120,71,41,41
2026/02/03/15:16:18,5468.684076,0.785625,0.701765,0.785625,0.701765,27,15,26,15,0,0,0,0,120,71,41,41
2026/02/03/15:16:19,5469.684179,0.785625,0.701765,0.785625,0.701765,27,15,26,15,0,0,0,0,120,71,41,41
2026/02/03/15:16:20,5470.684309,0.785625,0.701765,0.785625,0.701765,27,15,26,15,0,0,0,0,120,71,41,41
2026/02/03/15:16:21,5471.684401,0.785625,0.701765,0.785625,0.701765,27,15,26,15,0,0,0,0,120,71,41,41
2026/02/03/15:16:22,5472.684491,0.785625,0.701765,0.785625,0.701765,27,15,26,15,0,0,0,0,120,71,41,41
2026/02/03/15:16:23,5473.684585,0.785625,0.701765,0.785625,0.701765,27,15,26,15,0,0,0,0,120,71,41,41
2026/02/03/15:16:24,5474.684670,0.785625,0.701765,0.785625,0.701765,27,15,26,15,0,0,0,0,120,71,41,41
2026/02/03/15:16:25,5475.684760,0.785625,0.701765,0.785625,0.701765,27,15,26,15,0,0,0,0,120,71,41,41
2026/02/03/15:16:26,5476.684851,0.785625,0.701765,0.785625,0.701765,27,15,26,15,0,0,0,0,120,71,41,41
2026/02/03/15:16:27,5477.684984,0.785625,0.701765,0.785625,0.701765,27,15,26,15,0,0,0,0,120,71,41,41
2026/02/03/15:16:28,5478.685078,0.785625,0.701765,0.785625,0.701765,27,15,26,15,0,0,0,0,120,71,41,41
2026/02/03/15:16:29,5479.685216,0.785625,0.701765,0.785625,0.701765,27,15,26,15,0,0,0,0,120,71,41,41
2026/02/03/15:16:30,5480.685359,0.785625,0.701765,0.785625,0.701765,27,15,26,15,0,0,0,0,120,71,41,41
2026/02/03/15:16:31,5481.685446,0.785625,0.701765,0.785625,0.701765,27,15,26,15,0,0,0,0,120,71,41,41
2026/02/03/15:16:32,5482.685606,0.785625,0.701765,0.785625,0.701765,27,15,26,15,0,0,0,0,120,71,41,41
2026/02/03/15:16:33,5483.685748,0.785625,0.701765,0.785625,0.701765,27,15,26,15,0,0,0,0,120,71,41,41
2026/02/03/15:16:34,5484.685858,0.785625,0.701765,0.785625,0.701765,27,15,26,15,0,0,0,0,120,71,41,41
2026/02/03/15:16:35,5485.685975,0.785625,0.701765,0.785625,0.701765,27,15,26,15,0,0,0,0,120,71,41,41
2026/02/03/15:16:36,5486.686095,0.785625,0.701765,0.785625,0.701765,27,15,26,15,0,0,0,0,120,71,41,41
2026/02/03/15:16:37,5487.686215,0.785625,0.701765,0.785625,0.701765,27,15,26,15,0,0,0,0,120,71,41,41
2026/02/03/15:16:38,5488.686308,0.785625,0.701765,0.785625,0.701765,27,15,26,15,0,0,0,0,120,71,41,41
2026/02/03/15:16:39,5489.686430,0.785625,0.701765,0.785625,0.701765,27,15,26,15,0,0,0,0,120,71,41,41
2026/02/03/15:16:40,5490.686526,0.785625,0.701765,0.785625,0.701765,27,15,26,15,0,0,0,0,120,71,41,41
2026/02/03/15:16:41,5491.686627,0.785625,0.701765,0.785625,0.701765,27,15,26,15,0,0,0,0,120,71,41,41
2026/02/03/15:16:42,5492.686718,0.785625,0.701765,0.785625,0.701765,27,15,26,15,0,0,0,0,120,71,41,41
2026/02/03/15:16:43,5493.686878,0.785625,0.701765,0.785625,0.701765,27,15,26,15,0,0,0,0,120,71,41,41
2026/02/03/15:16:44,5494.686919,0.785625,0.701765,0.785625,0.701765,27,15,26,15,0,0,0,0,120,71,41,41
2026/02/03/15:16:45,5495.687026,0.785625,0.701765,0.785625,0.701765,27,15,26,15,0,0,0,0,120,71,41,41
2026/02/03/15:16:46,5496.687199,0.785625,0.701765,0.785625,0.701765,27,15,26,15,0,0,0,0,120,71,41,41
2026/02/03/15:16:47,5497.687296,0.785625,0.701765,0.785625,0.701765,27,15,26,15,0,0,0,0,120,71,41,41
2026/02/03/15:16:48,5498.687419,0.785625,0.701765,0.785625,0.701765,27,15,26,15,0,0,0,0,120,71,41,41
2026/02/03/15:16:49,5499.687571,0.785625,0.701765,0.785625,0.701765,27,15,26,15,0,0,0,0,120,71,41,41
2026/02/03/15:16:50,5500.687687,0.785625,0.701765,0.785625,0.701765,27,15,26,15,0,0,0,0,120,71,41,41
2026/02/03/15:16:51,5501.687779,0.785625,0.701765,0.785625,0.701765,27,15,26,15,0,0,0,0,120,71,41,41
2026/02/03/15:16:52,5502.687875,0.785625,0.701765,0.785625,0.701765,27,15,26,15,0,0,0,0,120,71,41,41
2026/02/03/15:16:53,5503.687976,0.785625,0.701765,0.785625,0.701765,27,15,26,15,0,0,0,0,120,71,41,41
2026/02/03/15:16:54,5504.688128,0.785625,0.701765,0.785625,0.701765,27,15,26,15,0,0,0,0,120,71,41,41
2026/02/03/15:16:55,5505.688221,0.785625,0.701765,0.785625,0.701765,27,15,26,15,0,0,0,0,120,71,41,41
2026/02/03/15:16:56,5506.688406,0.785625,0.701765,0.785625,0.701765,27,15,26,15,0,0,0,0,120,71,41,41
2026/02/03/15:16:57,5507.688512,0.785625,0.701765,0.785625,0.701765,27,15,26,15,0,0,0,0,120,71,41,41
2026/02/03/15:16:58,5508.688673,0.785625,0.701765,0.785625,0.701765,27,15,26,15,0,0,0,0,120,71,41,41
2026/02/03/15:16:59,5509.688767,0.785625,0.701765,0.785625,0.701765,27,15,26,15,0,0,0,0,120,71,41,41
2026/02/03/15:17:00,5510.688877,0.785625,0.701765,0.785625,0.701765,27,15,26,15,0,0,0,0,120,71,41,41
2026/02/03/15:17:01,5511.688986,0.785625,0.701765,0.785625,0.701765,27,15,26,15,0,0,0,0,120,71,41,41
2026/02/03/15:17:02,5512.689063,0.785625,0.701765,0.785625,0.701765,27,15,26,15,0,0,0,0,120,71,41,41
2026/02/03/15:17:03,5513.689188,0.785625,0.701765,0.785625,0.701765,27,15,26,15,0,0,0,0,120,71,41,41
2026/02/03/15:17:04,5514.689287,0.785625,0.701765,0.785625,0.701765,27,15,26,15,0,0,0,0,120,71,41,41
2026/02/03/15:17:05,5515.689397,0.785625,0.701765,0.785625,0.701765,27,15,26,15,0,0,0,0,120,71,41,41
2026/02/03/15:17:06,5516.689497,0.785625,0.701765,0.785625,0.701765,27,15,26,15,0,0,0,0,120,71,41,41
2026/02/03/15:17:07,5517.689610,0.785625,0.701765,0.785625,0.701765,27,15,26,15,0,0,0,0,120,71,41,41
2026/02/03/15:17:08,5518.689703,0.785625,0.701765,0.785625,0.701765,27,15,26,15,0,0,0,0,120,71,41,41
2026/02/03/15:17:09,5519.689796,0.785625,0.701765,0.785625,0.701765,27,15,26,15,0,0,0,0,120,71,41,41
2026/02/03/15:17:10,5520.689916,0.785625,0.701765,0.785625,0.701765,27,15,26,15,0,0,0,0,120,71,41,41
2026/02/03/15:17:11,5521.690010,0.785625,0.701765,0.785625,0.701765,27,15,26,15,0,0,0,0,120,71,41,41
2026/02/03/15:17:12,5522.690100,0.785625,0.701765,0.785625,0.701765,27,15,26,15,0,0,0,0,120,71,41,41
2026/02/03/15:17:13,5523.690218,0.785625,0.701765,0.785625,0.701765,27,15,26,15,0,0,0,0,120,71,41,41
2026/02/03/15:17:14,5524.690310,0.785625,0.701765,0.785625,0.701765,27,15,26,15,0,0,0,0,120,71,41,41
2026/02/03/15:17:15,5525.690433,0.785625,0.701765,0.785625,0.701765,27,15,26,15,0,0,0,0,120,71,41,41
2026/02/03/15:17:16,5526.690554,0.785625,0.701765,0.785625,0.701765,27,15,26,15,0,0,0,0,120,71,41,41
2026/02/03/15:17:17,5527.690650,0.785625,0.701765,0.785625,0.701765,27,15,26,15,0,0,0,0,120,71,41,41
2026/02/03/15:17:18,5528.690753,0.785625,0.701765,0.785625,0.701765,27,15,26,15,0,0,0,0,120,71,41,41
2026/02/03/15:17:19,5529.690896,0.785625,0.701765,0.785625,0.701765,27,15,26,15,0,0,0,0,120,71,41,41
2026/02/03/15:17:20,5530.690984,0.785625,0.701765,0.785625,0.701765,27,15,26,15,0,0,0,0,120,71,41,41
2026/02/03/15:17:21,5531.691082,0.785625,0.701765,0.785625,0.701765,27,15,26,15,0,0,0,0,120,71,41,41
2026/02/03/15:17:22,5532.691179,0.785625,0.701765,0.785625,0.701765,27,15,26,15,0,0,0,0,120,71,41,41
2026/02/03/15:17:23,5533.691264,0.785625,0.701765,0.785625,0.701765,27,15,26,15,0,0,0,0,120,71,41,41
2026/02/03/15:17:24,5534.691383,0.785625,0.701765,0.785625,0.701765,27,15,26,15,0,0,0,0,120,71,41,41
2026/02/03/15:17:25,5535.691430,0.785625,0.701765,0.785625,0.701765,27,15,26,15,0,0,0,0,120,71,41,41
2026/02/03/15:17:26,5536.691526,0.785625,0.701765,0.785625,0.701765,27,15,26,15,0,0,0,0,120,71,41,41
2026/02/03/15:17:27,5537.691628,0.785625,0.701765,0.785625,0.701765,27,15,26,15,0,0,0,0,120,71,41,41
2026/02/03/15:17:28,5538.691725,0.785625,0.701765,0.785625,0.701765,27,15,26,15,0,0,0,0,120,71,41,41
2026/02/03/15:17:29,5539.691835,0.785625,0.701765,0.785625,0.701765,27,15,26,15,0,0,0,0,120,71,41,41
2026/02/03/15:17:30,5540.691935,0.785625,0.701765,0.785625,0.701765,27,15,26,15,0,0,0,0,120,71,41,41
2026/02/03/15:17:31,5541.692039,0.785625,0.701765,0.785625,0.701765,27,15,26,15,0,0,0,0,120,71,41,41
2026/02/03/15:17:32,5542.692194,0.785625,0.701765,0.785625,0.701765,27,15,26,15,0,0,0,0,120,71,41,41
2026/02/03/15:17:33,5543.692281,0.785625,0.701765,0.785625,0.701765,27,15,26,15,0,0,0,0,120,71,41,41
2026/02/03/15:17:34,5544.692409,0.785625,0.701765,0.785625,0.701765,27,15,26,15,0,0,0,0,120,71,41,41
2026/02/03/15:17:35,5545.692506,0.785625,0.701765,0.785625,0.701765,27,15,26,15,0,0,0,0,120,71,41,41
2026/02/03/15:17:36,5546.692588,0.785625,0.701765,0.785625,0.701765,27,15,26,15,0,0,0,0,120,71,41,41
2026/02/03/15:17:37,5547.692684,0.785625,0.701765,0.785625,0.701765,27,15,26,15,0,0,0,0,120,71,41,41
2026/02/03/15:17:38,5548.692820,0.785625,0.701765,0.785625,0.701765,27,15,26,15,0,0,0,0,120,71,41,41
2026/02/03/15:17:39,5549.692897,0.785625,0.701765,0.785625,0.701765,27,15,26,15,0,0,0,0,120,71,41,41
2026/02/03/15:17:40,5550.692985,0.785625,0.701765,0.785625,0.701765,27,15,26,15,0,0,0,0,120,71,41,41
2026/02/03/15:17:41,5551.693095,0.785625,0.701765,0.785625,0.701765,27,15,26,15,0,0,0,0,120,71,41,41
2026/02/03/15:17:42,5552.693190,0.785625,0.701765,0.785625,0.701765,27,15,26,15,0,0,0,0,120,71,41,41
2026/02/03/15:17:43,5553.693290,0.785625,0.701765,0.785625,0.701765,27,15,26,15,0,0,0,0,120,71,41,41
2026/02/03/15:17:44,5554.693420,0.785625,0.701765,0.785625,0.701765,27,15,26,15,0,0,0,0,120,71,41,41
2026/02/03/15:17:45,5555.693490,0.785625,0.701765,0.785625,0.701765,27,15,26,15,0,0,0,0,120,71,41,41
2026/02/03/15:17:46,5556.693594,0.785625,0.701765,0.785625,0.701765,27,15,26,15,0,0,0,0,120,71,41,41
2026/02/03/15:17:47,5557.693701,0.785625,0.701765,0.785625,0.701765,27,15,26,15,0,0,0,0,120,71,41,41
2026/02/03/15:17:48,5558.693823,0.785625,0.701765,0.785625,0.701765,27,15,26,15,0,0,0,0,120,71,41,41
2026/02/03/15:17:49,5559.693928,0.785625,0.701765,0.785625,0.701765,27,15,26,15,0,0,0,0,120,71,41,41
2026/02/03/15:17:50,5560.694246,0.785625,0.701765,0.785625,0.701765,27,15,26,15,0,0,0,0,120,71,41,41
2026/02/03/15:17:51,5561.694241,0.785625,0.701765,0.785625,0.701765,27,15,26,15,0,0,0,0,120,71,41,41
2026/02/03/15:17:52,5562.694327,0.785625,0.701765,0.785625,0.701765,27,15,26,15,0,0,0,0,120,71,41,41
2026/02/03/15:17:53,5563.694453,0.785625,0.701765,0.785625,0.701765,27,15,26,15,0,0,0,0,120,71,41,41
2026/02/03/15:17:54,5564.694543,0.785625,0.701765,0.785625,0.701765,27,15,26,15,0,0,0,0,120,71,41,41
2026/02/03/15:17:55,5565.694635,0.785625,0.701765,0.785625,0.701765,27,15,26,15,0,0,0,0,120,71,41,41
2026/02/03/15:17:56,5566.694726,0.785625,0.701765,0.785625,0.701765,27,15,26,15,0,0,0,0,120,71,41,41
2026/02/03/15:17:57,5567.694843,0.785625,0.701765,0.785625,0.701765,27,15,26,15,0,0,0,0,120,71,41,41
2026/02/03/15:17:58,5568.695015,0.785625,0.701765,0.785625,0.701765,27,15,26,15,0,0,0,0,120,71,41,41
2026/02/03/15:17:59,5569.695099,0.785625,0.701765,0.785625,0.701765,27,15,26,15,0,0,0,0,120,71,41,41
2026/02/03/15:18:00,5570.695209,0.785625,0.701765,0.785625,0.701765,27,15,26,15,0,0,0,0,120,71,41,41
2026/02/03/15:18:01,5571.695298,0.785625,0.701765,0.785625,0.701765,27,15,26,15,0,0,0,0,120,71,41,41
2026/02/03/15:18:02,5572.695394,0.785625,0.701765,0.785625,0.701765,27,15,26,15,0,0,0,0,120,71,41,41
2026/02/03/15:18:03,5573.695496,0.785625,0.701765,0.785625,0.701765,27,15,26,15,0,0,0,0,120,71,41,41
2026/02/03/15:18:04,5574.695578,0.785625,0.701765,0.785625,0.701765,27,15,26,15,0,0,0,0,120,71,41,41
2026/02/03/15:18:05,5575.695658,0.785625,0.701765,0.785625,0.701765,27,15,26,15,0,0,0,0,120,71,41,41
2026/02/03/15:18:06,5576.695746,0.785625,0.701765,0.785625,0.701765,27,15,26,15,0,0,0,0,120,71,41,41
2026/02/03/15:18:07,5577.695837,0.785625,0.701765,0.785625,0.701765,27,15,26,15,0,0,0,0,120,71,41,41
2026/02/03/15:18:08,5578.696005,0.785625,0.701765,0.785625,0.701765,27,15,26,15,0,0,0,0,120,71,41,41
2026/02/03/15:18:09,5579.696090,0.785625,0.701765,0.785625,0.701765,27,15,26,15,0,0,0,0,120,71,41,41
2026/02/03/15:18:10,5580.696191,0.785625,0.701765,0.785625,0.701765,27,15,26,15,0,0,0,0,120,71,41,41
2026/02/03/15:18:11,5581.696263,0.785625,0.701765,0.785625,0.701765,27,15,26,15,0,0,0,0,120,71,41,41
2026/02/03/15:18:12,5582.696353,0.785625,0.701765,0.785625,0.701765,27,15,26,15,0,0,0,0,120,71,41,41
2026/02/03/15:18:13,5583.696411,0.785625,0.701765,0.785625,0.701765,27,15,26,15,0,0,0,0,120,71,41,41
2026/02/03/15:18:14,5584.696492,0.785625,0.701765,0.785625,0.701765,27,15,26,15,0,0,0,0,120,71,41,41
2026/02/03/15:18:15,5585.696668,0.785625,0.701765,0.785625,0.701765,27,15,26,15,0,0,0,0,120,71,41,41
2026/02/03/15:18:16,5586.696742,0.785625,0.701765,0.785625,0.701765,27,15,26,15,0,0,0,0,120,71,41,41
2026/02/03/15:18:17,5587.696887,0.785625,0.701765,0.785625,0.701765,27,15,26,15,0,0,0,0,120,71,41,41
2026/02/03/15:18:18,5588.696980,0.785625,0.701765,0.785625,0.701765,27,15,26,15,0,0,0,0,120,71,41,41
2026/02/03/15:18:19,5589.697116,0.785625,0.701765,0.785625,0.701765,27,15,26,15,0,0,0,0,120,71,41,41
2026/02/03/15:18:20,5590.697227,0.785625,0.701765,0.785625,0.701765,27,15,26,15,0,0,0,0,120,71,41,41
2026/02/03/15:18:21,5591.697403,0.785625,0.701765,0.785625,0.701765,27,15,26,15,0,0,0,0,120,71,41,41
2026/02/03/15:18:22,5592.697478,0.785625,0.701765,0.785625,0.701765,27,15,26,15,0,0,0,0,120,71,41,41
2026/02/03/15:18:23,5593.697627,0.785625,0.701765,0.785625,0.701765,27,15,26,15,0,0,0,0,120,71,41,41
2026/02/03/15:18:24,5594.697707,0.785625,0.701765,0.785625,0.701765,27,15,26,15,0,0,0,0,120,71,41,41
2026/02/03/15:18:25,5595.697860,0.785625,0.701765,0.785625,0.701765,27,15,26,15,0,0,0,0,120,71,41,41
2026/02/03/15:18:26,5596.697948,0.785625,0.701765,0.785625,0.701765,27,15,26,15,0,0,0,0,120,71,41,41
2026/02/03/15:18:27,5597.698031,0.785625,0.701765,0.785625,0.701765,27,15,26,15,0,0,0,0,120,71,41,41
2026/02/03/15:18:28,5598.698127,0.785625,0.701765,0.785625,0.701765,27,15,26,15,0,0,0,0,120,71,41,41
2026/02/03/15:18:29,5599.698269,0.785625,0.701765,0.785625,0.701765,27,15,26,15,0,0,0,0,120,71,41,41
2026/02/03/15:18:30,5600.698410,0.785625,0.701765,0.785625,0.701765,27,15,26,15,0,0,0,0,120,71,41,41
2026/02/03/15:18:31,5601.698535,0.785625,0.701765,0.785625,0.701765,27,15,26,15,0,0,0,0,120,71,41,41
2026/02/03/15:18:32,5602.698655,0.785625,0.701765,0.785625,0.701765,27,15,26,15,0,0,0,0,120,71,41,41
2026/02/03/15:18:33,5603.698799,0.785625,0.701765,0.785625,0.701765,27,15,26,15,0,0,0,0,120,71,41,41
2026/02/03/15:18:34,5604.698954,0.785625,0.701765,0.785625,0.701765,27,15,26,15,0,0,0,0,120,71,41,41
2026/02/03/15:18:35,5605.699091,0.785625,0.701765,0.785625,0.701765,27,15,26,15,0,0,0,0,120,71,41,41
2026/02/03/15:18:36,5606.699228,0.785625,0.701765,0.785625,0.701765,27,15,26,15,0,0,0,0,120,71,41,41
2026/02/03/15:18:37,5607.699376,0.785625,0.701765,0.785625,0.701765,27,15,26,15,0,0,0,0,120,71,41,41
2026/02/03/15:18:38,5608.699515,0.785625,0.701765,0.785625,0.701765,27,15,26,15,0,0,0,0,120,71,41,41
2026/02/03/15:18:39,5609.699669,0.785625,0.701765,0.785625,0.701765,27,15,26,15,0,0,0,0,120,71,41,41
2026/02/03/15:18:40,5610.699777,0.785625,0.701765,0.785625,0.701765,27,15,26,15,0,0,0,0,120,71,41,41
2026/02/03/15:18:41,5611.699862,0.785625,0.701765,0.785625,0.701765,27,15,26,15,0,0,0,0,120,71,41,41
2026/02/03/15:18:42,5612.699988,0.785625,0.701765,0.785625,0.701765,27,15,26,15,0,0,0,0,120,71,41,41
2026/02/03/15:18:43,5613.700060,0.785625,0.701765,0.785625,0.701765,27,15,26,15,0,0,0,0,120,71,41,41
2026/02/03/15:18:44,5614.700144,0.785625,0.701765,0.785625,0.701765,27,15,26,15,0,0,0,0,120,71,41,41
2026/02/03/15:18:45,5615.700219,0.785625,0.701765,0.785625,0.701765,27,15,26,15,0,0,0,0,120,71,41,41
2026/02/03/15:18:46,5616.700381,0.785625,0.701765,0.785625,0.701765,27,15,26,15,0,0,0,0,120,71,41,41
2026/02/03/15:18:47,5617.700533,0.785625,0.701765,0.785625,0.701765,27,15,26,15,0,0,0,0,120,71,41,41
2026/02/03/15:18:48,5618.700680,0.785625,0.701765,0.785625,0.701765,27,15,26,15,0,0,0,0,120,71,41,41
2026/02/03/15:18:49,5619.700831,0.785625,0.701765,0.785625,0.701765,27,15,26,15,0,0,0,0,120,71,41,41
2026/02/03/15:18:50,5620.700984,0.785625,0.701765,0.785625,0.701765,27,15,26,15,0,0,0,0,120,71,41,41
2026/02/03/15:18:51,5621.701138,0.785625,0.701765,0.785625,0.701765,27,15,26,15,0,0,0,0,120,71,41,41
2026/02/03/15:18:52,5622.701225,0.785625,0.701765,0.785625,0.701765,27,15,26,15,0,0,0,0,120,71,41,41
2026/02/03/15:18:53,5623.701327,0.785625,0.701765,0.785625,0.701765,27,15,26,15,0,0,0,0,120,71,41,41
2026/02/03/15:18:54,5624.701414,0.785625,0.701765,0.785625,0.701765,27,15,26,15,0,0,0,0,120,71,41,41
2026/02/03/15:18:55,5625.701499,0.785625,0.701765,0.785625,0.701765,27,15,26,15,0,0,0,0,120,71,41,41
2026/02/03/15:18:56,5626.701663,0.785625,0.701765,0.785625,0.701765,27,15,26,15,0,0,0,0,120,71,41,41
2026/02/03/15:18:57,5627.701737,0.785625,0.701765,0.785625,0.701765,27,15,26,15,0,0,0,0,120,71,41,41
2026/02/03/15:18:58,5628.701897,0.785625,0.701765,0.785625,0.701765,27,15,26,15,0,0,0,0,120,71,41,41
2026/02/03/15:18:59,5629.701980,0.785625,0.701765,0.785625,0.701765,27,15,26,15,0,0,0,0,120,71,41,41
2026/02/03/15:19:00,5630.702063,0.785625,0.701765,0.785625,0.701765,27,15,26,15,0,0,0,0,120,71,41,41
2026/02/03/15:19:01,5631.702197,0.785625,0.701765,0.785625,0.701765,27,15,26,15,0,0,0,0,120,71,41,41
2026/02/03/15:19:02,5632.702336,0.785625,0.701765,0.785625,0.701765,27,15,26,15,0,0,0,0,120,71,41,41
2026/02/03/15:19:03,5633.702477,0.785625,0.701765,0.785625,0.701765,27,15,26,15,0,0,0,0,120,71,41,41
2026/02/03/15:19:04,5634.702559,0.785625,0.701765,0.785625,0.701765,27,15,26,15,0,0,0,0,120,71,41,41
2026/02/03/15:19:05,5635.702637,0.785625,0.701765,0.785625,0.701765,27,15,26,15,0,0,0,0,120,71,41,41
2026/02/03/15:19:06,5636.702790,0.785625,0.701765,0.785625,0.701765,27,15,26,15,0,0,0,0,120,71,41,41
2026/02/03/15:19:07,5637.702928,0.785625,0.701765,0.785625,0.701765,27,15,26,15,0,0,0,0,120,71,41,41
2026/02/03/15:19:08,5638.703073,0.785625,0.701765,0.785625,0.701765,27,15,26,15,0,0,0,0,120,71,41,41
2026/02/03/15:19:09,5639.703155,0.785625,0.701765,0.785625,0.701765,27,15,26,15,0,0,0,0,120,71,41,41
2026/02/03/15:19:10,5640.703238,0.785625,0.701765,0.785625,0.701765,27,15,26,15,0,0,0,0,120,71,41,41
2026/02/03/15:19:11,5641.703388,0.785625,0.701765,0.785625,0.701765,27,15,26,15,0,0,0,0,120,71,41,41
2026/02/03/15:19:12,5642.703527,0.785625,0.701765,0.785625,0.701765,27,15,26,15,0,0,0,0,120,71,41,41
2026/02/03/15:19:13,5643.703665,0.785625,0.701765,0.785625,0.701765,27,15,26,15,0,0,0,0,120,71,41,41
2026/02/03/15:19:14,5644.703812,0.785625,0.701765,0.785625,0.701765,27,15,26,15,0,0,0,0,120,71,41,41
2026/02/03/15:19:15,5645.703892,0.785625,0.701765,0.785625,0.701765,27,15,26,15,0,0,0,0,120,71,41,41
2026/02/03/15:19:16,5646.704034,0.785625,0.701765,0.785625,0.701765,27,15,26,15,0,0,0,0,120,71,41,41
2026/02/03/15:19:17,5647.704171,0.785625,0.701765,0.785625,0.701765,27,15,26,15,0,0,0,0,120,71,41,41
2026/02/03/15:19:18,5648.704265,0.785625,0.701765,0.785625,0.701765,27,15,26,15,0,0,0,0,120,71,41,41
2026/02/03/15:19:19,5649.704370,0.785625,0.701765,0.785625,0.701765,27,15,26,15,0,0,0,0,120,71,41,41
2026/02/03/15:19:20,5650.704468,0.785625,0.701765,0.785625,0.701765,27,15,26,15,0,0,0,0,120,71,41,41
2026/02/03/15:19:21,5651.704560,0.785625,0.701765,0.785625,0.701765,27,15,26,15,0,0,0,0,120,71,41,41
2026/02/03/15:19:22,5652.704655,0.785625,0.701765,0.785625,0.701765,27,15,26,15,0,0,0,0,120,71,41,41
2026/02/03/15:19:23,5653.704759,0.785625,0.701765,0.785625,0.701765,27,15,26,15,0,0,0,0,120,71,41,41
2026/02/03/15:19:24,5654.704878,0.785625,0.701765,0.785625,0.701765,27,15,26,15,0,0,0,0,120,71,41,41
2026/02/03/15:19:25,5655.705026,0.785625,0.701765,0.785625,0.701765,27,15,26,15,0,0,0,0,120,71,41,41
2026/02/03/15:19:26,5656.705165,0.785625,0.701765,0.785625,0.701765,27,15,26,15,0,0,0,0,120,71,41,41
2026/02/03/15:19:27,5657.705318,0.785625,0.701765,0.785625,0.701765,27,15,26,15,0,0,0,0,120,71,41,41
2026/02/03/15:19:28,5658.705454,0.785625,0.701765,0.785625,0.701765,27,15,26,15,0,0,0,0,120,71,41,41
2026/02/03/15:19:29,5659.705579,0.785625,0.701765,0.785625,0.701765,27,15,26,15,0,0,0,0,120,71,41,41
2026/02/03/15:19:30,5660.705707,0.785625,0.701765,0.785625,0.701765,27,15,26,15,0,0,0,0,120,71,41,41
2026/02/03/15:19:31,5661.705831,0.785625,0.701765,0.785625,0.701765,27,15,26,15,0,0,0,0,120,71,41,41
2026/02/03/15:19:32,5662.705972,0.785625,0.701765,0.785625,0.701765,27,15,26,15,0,0,0,0,120,71,41,41
2026/02/03/15:19:33,5663.706141,0.785625,0.701765,0.785625,0.701765,27,15,26,15,0,0,0,0,120,71,41,41
2026/02/03/15:19:34,5664.706270,0.785625,0.701765,0.785625,0.701765,27,15,26,15,0,0,0,0,120,71,41,41
2026/02/03/15:19:35,5665.706409,0.785625,0.701765,0.785625,0.701765,27,15,26,15,0,0,0,0,120,71,41,41
2026/02/03/15:19:36,5666.706591,0.785625,0.701765,0.785625,0.701765,27,15,26,15,0,0,0,0,120,71,41,41
2026/02/03/15:19:37,5667.706652,0.785625,0.701765,0.785625,0.701765,27,15,26,15,0,0,0,0,120,71,41,41
2026/02/03/15:19:38,5668.706800,0.785625,0.701765,0.785625,0.701765,27,15,26,15,0,0,0,0,120,71,41,41
2026/02/03/15:19:39,5669.706969,0.785625,0.701765,0.785625,0.701765,27,15,26,15,0,0,0,0,120,71,41,41
2026/02/03/15:19:40,5670.707057,0.785625,0.701765,0.785625,0.701765,27,15,26,15,0,0,0,0,120,71,41,41
2026/02/03/15:19:41,5671.707154,0.785625,0.701765,0.785625,0.701765,27,15,26,15,0,0,0,0,120,71,41,41
2026/02/03/15:19:42,5672.707264,0.785625,0.701765,0.785625,0.701765,27,15,26,15,0,0,0,0,120,71,41,41
2026/02/03/15:19:43,5673.707401,0.785625,0.701765,0.785625,0.701765,27,15,26,15,0,0,0,0,120,71,41,41
2026/02/03/15:19:44,5674.707409,0.785625,0.701765,0.785625,0.701765,27,15,26,15,0,0,0,0,120,71,41,41
2026/02/03/15:19:45,5675.707505,0.785625,0.701765,0.785625,0.701765,27,15,26,15,0,0,0,0,120,71,41,41
2026/02/03/15:19:46,5676.707632,0.785625,0.701765,0.785625,0.701765,27,15,26,15,0,0,0,0,120,71,41,41
2026/02/03/15:19:47,5677.707779,0.785625,0.701765,0.785625,0.701765,27,15,26,15,0,0,0,0,120,71,41,41
2026/02/03/15:19:48,5678.707946,0.785625,0.701765,0.785625,0.701765,27,15,26,15,0,0,0,0,120,71,41,41
2026/02/03/15:19:49,5679.708084,0.785625,0.701765,0.785625,0.701765,27,15,26,15,0,0,0,0,120,71,41,41
2026/02/03/15:19:50,5680.708230,0.785625,0.701765,0.785625,0.701765,27,15,26,15,0,0,0,0,120,71,41,41
2026/02/03/15:19:51,5681.708378,0.785625,0.701765,0.785625,0.701765,27,15,26,15,0,0,0,0,120,71,41,41
2026/02/03/15:19:52,5682.708537,0.785625,0.701765,0.785625,0.701765,27,15,26,15,0,0,0,0,120,71,41,41
2026/02/03/15:19:53,5683.708609,0.785625,0.701765,0.785625,0.701765,27,15,26,15,0,0,0,0,120,71,41,41
2026/02/03/15:19:54,5684.708697,0.785625,0.701765,0.785625,0.701765,27,15,26,15,0,0,0,0,120,71,41,41
2026/02/03/15:19:55,5685.708870,0.785625,0.701765,0.785625,0.701765,27,15,26,15,0,0,0,0,120,71,41,41
2026/02/03/15:19:56,5686.709041,0.785625,0.701765,0.785625,0.701765,27,15,26,15,0,0,0,0,120,71,41,41
2026/02/03/15:19:57,5687.709171,0.785625,0.701765,0.785625,0.701765,27,15,26,15,0,0,0,0,120,71,41,41
2026/02/03/15:19:58,5688.709321,0.785625,0.701765,0.785625,0.701765,27,15,26,15,0,0,0,0,120,71,41,41
2026/02/03/15:19:59,5689.709403,0.785625,0.701765,0.785625,0.701765,27,15,26,15,0,0,0,0,120,71,41,41
2026/02/03/15:20:00,5690.709541,0.785625,0.701765,0.785625,0.701765,27,15,26,15,0,0,0,0,120,71,41,41
2026/02/03/15:20:01,5691.709680,0.785625,0.701765,0.785625,0.701765,27,15,26,15,0,0,0,0,120,71,41,41
2026/02/03/15:20:02,5692.709826,0.785625,0.701765,0.785625,0.701765,27,15,26,15,0,0,0,0,120,71,41,41
2026/02/03/15:20:03,5693.709964,0.785625,0.701765,0.785625,0.701765,27,15,26,15,0,0,0,0,120,71,41,41
2026/02/03/15:20:04,5694.710069,0.785625,0.701765,0.785625,0.701765,27,15,26,15,0,0,0,0,120,71,41,41
2026/02/03/15:20:05,5695.710177,0.785625,0.701765,0.785625,0.701765,27,15,26,15,0,0,0,0,120,71,41,41
2026/02/03/15:20:06,5696.710332,0.785625,0.701765,0.785625,0.701765,27,15,26,15,0,0,0,0,120,71,41,41
2026/02/03/15:20:07,5697.710454,0.785625,0.701765,0.785625,0.701765,27,15,26,15,0,0,0,0,120,71,41,41
2026/02/03/15:20:08,5698.710549,0.785625,0.701765,0.785625,0.701765,27,15,26,15,0,0,0,0,120,71,41,41
2026/02/03/15:20:09,5699.710720,0.785625,0.701765,0.785625,0.701765,27,15,26,15,0,0,0,0,120,71,41,41
2026/02/03/15:20:10,5700.710791,0.785625,0.701765,0.785625,0.701765,27,15,26,15,0,0,0,0,120,71,41,41
2026/02/03/15:20:11,5701.710893,0.785625,0.701765,0.785625,0.701765,27,15,26,15,0,0,0,0,120,71,41,41
2026/02/03/15:20:12,5702.711057,0.785625,0.701765,0.785625,0.701765,27,15,26,15,0,0,0,0,120,71,41,41
2026/02/03/15:20:13,5703.711140,0.785625,0.701765,0.785625,0.701765,27,15,26,15,0,0,0,0,120,71,41,41
2026/02/03/15:20:14,5704.711273,0.785625,0.701765,0.785625,0.701765,27,15,26,15,0,0,0,0,120,71,41,41
2026/02/03/15:20:15,5705.711421,0.785625,0.701765,0.785625,0.701765,27,15,26,15,0,0,0,0,120,71,41,41
2026/02/03/15:20:16,5706.711563,0.785625,0.701765,0.785625,0.701765,27,15,26,15,0,0,0,0,120,71,41,41
2026/02/03/15:20:17,5707.711709,0.785625,0.701765,0.785625,0.701765,27,15,26,15,0,0,0,0,120,71,41,41
2026/02/03/15:20:18,5708.711846,0.785625,0.701765,0.785625,0.701765,27,15,26,15,0,0,0,0,120,71,41,41
2026/02/03/15:20:19,5709.711987,0.785625,0.701765,0.785625,0.701765,27,15,26,15,0,0,0,0,120,71,41,41
2026/02/03/15:20:20,5710.712128,0.785625,0.701765,0.785625,0.701765,27,15,26,15,0,0,0,0,120,71,41,41
2026/02/03/15:20:21,5711.712273,0.785625,0.701765,0.785625,0.701765,27,15,26,15,0,0,0,0,120,71,41,41
2026/02/03/15:20:22,5712.712384,0.785625,0.701765,0.785625,0.701765,27,15,26,15,0,0,0,0,120,71,41,41
2026/02/03/15:20:23,5713.712516,0.785625,0.701765,0.785625,0.701765,27,15,26,15,0,0,0,0,120,71,41,41
2026/02/03/15:20:24,5714.712648,0.785625,0.701765,0.785625,0.701765,27,15,26,15,0,0,0,0,120,71,41,41
2026/02/03/15:20:25,5715.712785,0.785625,0.701765,0.785625,0.701765,27,15,26,15,0,0,0,0,120,71,41,41
2026/02/03/15:20:26,5716.712905,0.785625,0.701765,0.785625,0.701765,27,15,26,15,0,0,0,0,120,71,41,41
2026/02/03/15:20:27,5717.713007,0.785625,0.701765,0.785625,0.701765,27,15,26,15,0,0,0,0,120,71,41,41
2026/02/03/15:20:28,5718.713157,0.785625,0.701765,0.785625,0.701765,27,15,26,15,0,0,0,0,120,71,41,41
2026/02/03/15:20:29,5719.713298,0.785625,0.701765,0.785625,0.701765,27,15,26,15,0,0,0,0,120,71,41,41
2026/02/03/15:20:30,5720.713425,0.785625,0.701765,0.785625,0.701765,27,15,26,15,0,0,0,0,120,71,41,41
2026/02/03/15:20:31,5721.713533,0.785625,0.701765,0.785625,0.701765,27,15,26,15,0,0,0,0,120,71,41,41
2026/02/03/15:20:32,5722.713688,0.785625,0.701765,0.785625,0.701765,27,15,26,15,0,0,0,0,120,71,41,41
2026/02/03/15:20:33,5723.713859,0.785625,0.701765,0.785625,0.701765,27,15,26,15,0,0,0,0,120,71,41,41
2026/02/03/15:20:34,5724.714004,0.785625,0.701765,0.785625,0.701765,27,15,26,15,0,0,0,0,120,71,41,41
2026/02/03/15:20:35,5725.714082,0.785625,0.701765,0.785625,0.701765,27,15,26,15,0,0,0,0,120,71,41,41
2026/02/03/15:20:36,5726.714248,0.785625,0.701765,0.785625,0.701765,27,15,26,15,0,0,0,0,120,71,41,41
2026/02/03/15:20:37,5727.714422,0.785625,0.701765,0.785625,0.701765,27,15,26,15,0,0,0,0,120,71,41,41
2026/02/03/15:20:38,5728.714541,0.785625,0.701765,0.785625,0.701765,27,15,26,15,0,0,0,0,120,71,41,41
2026/02/03/15:20:39,5729.714597,0.785625,0.701765,0.785625,0.701765,27,15,26,15,0,0,0,0,120,71,41,41
2026/02/03/15:20:40,5730.714683,0.785625,0.701765,0.785625,0.701765,27,15,26,15,0,0,0,0,120,71,41,41
2026/02/03/15:20:41,5731.714819,0.779375,0.694310,0.779375,0.694310,27,15,26,14,0,0,0,0,120,71,41,42
2026/02/03/15:20:42,5732.714983,0.779375,0.694310,0.779375,0.694310,27,15,26,14,0,0,0,0,120,71,41,42
2026/02/03/15:20:43,5733.715060,0.779375,0.694310,0.779375,0.694310,27,15,26,14,0,0,0,0,120,71,41,42
2026/02/03/15:20:44,5734.715222,0.779375,0.694310,0.779375,0.694310,27,15,26,14,0,0,0,0,120,71,41,42
2026/02/03/15:20:45,5735.715322,0.779375,0.694310,0.779375,0.694310,27,15,26,14,0,0,0,0,120,71,41,42
2026/02/03/15:20:46,5736.715452,0.779375,0.694310,0.779375,0.694310,27,15,26,14,0,0,0,0,120,71,41,42
2026/02/03/15:20:47,5737.715590,0.779375,0.694310,0.779375,0.694310,27,15,26,14,0,0,0,0,120,71,41,42
2026/02/03/15:20:48,5738.715748,0.779375,0.694310,0.779375,0.694310,27,15,26,14,0,0,0,0,120,71,41,42
2026/02/03/15:20:49,5739.715915,0.779375,0.694310,0.779375,0.694310,27,15,26,14,0,0,0,0,120,71,41,42
2026/02/03/15:20:50,5740.716021,0.779375,0.694310,0.779375,0.694310,27,15,26,14,0,0,0,0,120,71,41,42
2026/02/03/15:20:51,5741.716099,0.779375,0.694310,0.779375,0.694310,27,15,26,14,0,0,0,0,120,71,41,42
2026/02/03/15:20:52,5742.716219,0.779375,0.694310,0.779375,0.694310,27,15,26,14,0,0,0,0,120,71,41,42
2026/02/03/15:20:53,5743.716370,0.779375,0.694310,0.779375,0.694310,27,15,26,14,0,0,0,0,120,71,41,42
2026/02/03/15:20:54,5744.716401,0.779375,0.694310,0.779375,0.694310,27,15,26,14,0,0,0,0,120,71,41,42
2026/02/03/15:20:55,5745.716544,0.779375,0.694310,0.779375,0.694310,27,15,26,14,0,0,0,0,120,71,41,42
2026/02/03/15:20:56,5746.716687,0.779375,0.694310,0.779375,0.694310,27,15,26,14,0,0,0,0,120,71,41,42
2026/02/03/15:20:57,5747.716853,0.779375,0.694310,0.779375,0.694310,27,15,26,14,0,0,0,0,120,71,41,42
2026/02/03/15:20:58,5748.716934,0.779375,0.694310,0.779375,0.694310,27,15,26,14,0,0,0,0,120,71,41,42
2026/02/03/15:20:59,5749.717067,0.779375,0.694310,0.779375,0.694310,27,15,26,14,0,0,0,0,120,71,41,42
2026/02/03/15:21:00,5750.717200,0.830125,0.747254,0.830125,0.747254,31,15,27,14,0,0,0,0,120,71,41,42
2026/02/03/15:21:01,5751.717284,0.830125,0.747254,0.830125,0.747254,31,15,27,14,0,0,0,0,120,71,41,42
2026/02/03/15:21:02,5752.717452,0.830125,0.747254,0.830125,0.747254,31,15,27,14,0,0,0,0,120,71,41,42
2026/02/03/15:21:03,5753.717592,0.830125,0.747254,0.830125,0.747254,31,15,27,14,0,0,0,0,120,71,41,42
2026/02/03/15:21:04,5754.717758,0.830125,0.747254,0.830125,0.747254,31,15,27,14,0,0,0,0,120,71,41,42
2026/02/03/15:21:05,5755.717900,0.826313,0.740462,0.826313,0.740462,31,15,26,14,0,0,0,0,120,71,42,42
2026/02/03/15:21:06,5756.718040,0.826313,0.740462,0.826313,0.740462,31,15,26,14,0,0,0,0,120,71,42,42
2026/02/03/15:21:07,5757.718144,0.826313,0.740462,0.826313,0.740462,31,15,26,14,0,0,0,0,120,71,42,42
2026/02/03/15:21:08,5758.718322,0.826313,0.740462,0.826313,0.740462,31,15,26,14,0,0,0,0,120,71,42,42
2026/02/03/15:21:09,5759.718440,0.826313,0.740462,0.826313,0.740462,31,15,26,14,0,0,0,0,120,71,42,42
2026/02/03/15:21:10,5760.718576,0.818813,0.715042,0.818813,0.715042,30,15,26,14,0,0,0,0,121,71,42,42
2026/02/03/15:21:11,5761.718695,0.818813,0.715042,0.818813,0.715042,30,15,26,14,0,0,0,0,121,71,42,42
2026/02/03/15:21:12,5762.718827,0.818813,0.715042,0.818813,0.715042,30,15,26,14,0,0,0,0,121,71,42,42
2026/02/03/15:21:13,5763.718990,0.818813,0.715042,0.818813,0.715042,30,15,26,14,0,0,0,0,121,71,42,42
2026/02/03/15:21:14,5764.719092,0.818813,0.715042,0.818813,0.715042,30,15,26,14,0,0,0,0,121,71,42,42
2026/02/03/15:21:15,5765.719253,0.818813,0.715042,0.818813,0.715042,30,15,26,14,0,0,0,0,121,71,42,42
2026/02/03/15:21:16,5766.719339,0.818813,0.715042,0.818813,0.715042,30,15,26,14,0,0,0,0,121,71,42,42
2026/02/03/15:21:17,5767.719476,0.818813,0.715042,0.818813,0.715042,30,15,26,14,0,0,0,0,121,71,42,42
2026/02/03/15:21:18,5768.719592,0.818813,0.715042,0.818813,0.715042,30,15,26,14,0,0,0,0,121,71,42,42
2026/02/03/15:21:19,5769.719692,0.818813,0.715042,0.818813,0.715042,30,15,26,14,0,0,0,0,121,71,42,42
2026/02/03/15:21:20,5770.719824,0.818813,0.715042,0.818813,0.715042,30,15,26,14,0,0,0,0,121,71,42,42
2026/02/03/15:21:21,5771.719916,0.818813,0.715042,0.818813,0.715042,30,15,26,14,0,0,0,0,121,71,42,42
2026/02/03/15:21:22,5772.720062,0.818813,0.715042,0.818813,0.715042,30,15,26,14,0,0,0,0,121,71,42,42
2026/02/03/15:21:23,5773.720211,0.818813,0.715042,0.818813,0.715042,30,15,26,14,0,0,0,0,121,71,42,42
2026/02/03/15:21:24,5774.720361,0.829125,0.730225,0.829125,0.730225,30,15,29,14,0,0,0,0,121,71,42,42
2026/02/03/15:21:25,5775.720492,0.829125,0.730225,0.829125,0.730225,30,15,29,14,0,0,0,0,121,71,42,42
2026/02/03/15:21:26,5776.720615,0.829125,0.730225,0.829125,0.730225,30,15,29,14,0,0,0,0,121,71,42,42
2026/02/03/15:21:27,5777.720783,0.829125,0.730225,0.829125,0.730225,30,15,29,14,0,0,0,0,121,71,42,42
2026/02/03/15:21:28,5778.720916,0.829125,0.730225,0.829125,0.730225,30,15,29,14,0,0,0,0,121,71,42,42
2026/02/03/15:21:29,5779.721001,0.829125,0.730225,0.829125,0.730225,30,15,29,14,0,0,0,0,121,71,42,42
2026/02/03/15:21:30,5780.721090,0.829125,0.730225,0.829125,0.730225,30,15,29,14,0,0,0,0,121,71,42,42
2026/02/03/15:21:31,5781.721232,0.829125,0.730225,0.829125,0.730225,30,15,29,14,0,0,0,0,121,71,42,42
2026/02/03/15:21:32,5782.721393,0.829125,0.730225,0.829125,0.730225,30,15,29,14,0,0,0,0,121,71,42,42
2026/02/03/15:21:33,5783.721532,0.829125,0.730225,0.829125,0.730225,30,15,29,14,0,0,0,0,121,71,42,42
2026/02/03/15:21:34,5784.721704,0.829125,0.730225,0.829125,0.730225,30,15,29,14,0,0,0,0,121,71,42,42
2026/02/03/15:21:35,5785.721782,0.829125,0.730225,0.829125,0.730225,30,15,29,14,0,0,0,0,121,71,42,42
2026/02/03/15:21:36,5786.721939,0.829125,0.730225,0.829125,0.730225,30,15,29,14,0,0,0,0,121,71,42,42
2026/02/03/15:21:37,5787.722079,0.829125,0.730225,0.829125,0.730225,30,15,29,14,0,0,0,0,121,71,42,42
2026/02/03/15:21:38,5788.722171,0.829125,0.730225,0.829125,0.730225,30,15,29,14,0,0,0,0,121,71,42,42
2026/02/03/15:21:39,5789.722271,0.829125,0.730225,0.829125,0.730225,30,15,29,14,0,0,0,0,121,71,42,42
2026/02/03/15:21:40,5790.722407,0.829125,0.730225,0.829125,0.730225,30,15,29,14,0,0,0,0,121,71,42,42
2026/02/03/15:21:41,5791.722500,0.829125,0.730225,0.829125,0.730225,30,15,29,14,0,0,0,0,121,71,42,42
2026/02/03/15:21:42,5792.722605,0.829125,0.730225,0.829125,0.730225,30,15,29,14,0,0,0,0,121,71,42,42
2026/02/03/15:21:43,5793.722700,0.829125,0.730225,0.829125,0.730225,30,15,29,14,0,0,0,0,121,71,42,42
2026/02/03/15:21:44,5794.722824,0.829125,0.730225,0.829125,0.730225,30,15,29,14,0,0,0,0,121,71,42,42
2026/02/03/15:21:45,5795.722974,0.829125,0.730225,0.829125,0.730225,30,15,29,14,0,0,0,0,121,71,42,42
2026/02/03/15:21:46,5796.723105,0.829125,0.730225,0.829125,0.730225,30,15,29,14,0,0,0,0,121,71,42,42
2026/02/03/15:21:47,5797.723211,0.829125,0.730225,0.829125,0.730225,30,15,29,14,0,0,0,0,121,71,42,42
2026/02/03/15:21:48,5798.723330,0.829125,0.730225,0.829125,0.730225,30,15,29,14,0,0,0,0,121,71,42,42
2026/02/03/15:21:49,5799.723468,0.835625,0.740612,0.835625,0.740612,30,15,29,16,0,0,0,0,121,71,42,42
2026/02/03/15:21:50,5800.723641,0.835625,0.740612,0.835625,0.740612,30,15,29,16,0,0,0,0,121,71,42,42
2026/02/03/15:21:51,5801.723796,0.835625,0.740612,0.835625,0.740612,30,15,29,16,0,0,0,0,121,71,42,42
2026/02/03/15:21:52,5802.723897,0.835625,0.740612,0.835625,0.740612,30,15,29,16,0,0,0,0,121,71,42,42
2026/02/03/15:21:53,5803.724053,0.835625,0.740612,0.835625,0.740612,30,15,29,16,0,0,0,0,121,71,42,42
2026/02/03/15:21:54,5804.724216,0.835625,0.740612,0.835625,0.740612,30,15,29,16,0,0,0,0,121,71,42,42
2026/02/03/15:21:55,5805.724313,0.835625,0.740612,0.835625,0.740612,30,15,29,16,0,0,0,0,121,71,42,42
2026/02/03/15:21:56,5806.724473,0.835625,0.740612,0.835625,0.740612,30,15,29,16,0,0,0,0,121,71,42,42
2026/02/03/15:21:57,5807.724624,0.835625,0.740612,0.835625,0.740612,30,15,29,16,0,0,0,0,121,71,42,42
2026/02/03/15:21:58,5808.724772,0.835625,0.740612,0.835625,0.740612,30,15,29,16,0,0,0,0,121,71,42,42
2026/02/03/15:21:59,5809.724919,0.835625,0.740612,0.835625,0.740612,30,15,29,16,0,0,0,0,121,71,42,42
2026/02/03/15:22:00,5810.725033,0.835625,0.740612,0.835625,0.740612,30,15,29,16,0,0,0,0,121,71,42,42
2026/02/03/15:22:01,5811.725125,0.835625,0.740612,0.835625,0.740612,30,15,29,16,0,0,0,0,121,71,42,42
2026/02/03/15:22:02,5812.725248,0.835625,0.740612,0.835625,0.740612,30,15,29,16,0,0,0,0,121,71,42,42
2026/02/03/15:22:03,5813.725405,0.835625,0.740612,0.835625,0.740612,30,15,29,16,0,0,0,0,121,71,42,42
2026/02/03/15:22:04,5814.725562,0.835625,0.740612,0.835625,0.740612,30,15,29,16,0,0,0,0,121,71,42,42
2026/02/03/15:22:05,5815.725672,0.835625,0.740612,0.835625,0.740612,30,15,29,16,0,0,0,0,121,71,42,42
2026/02/03/15:22:06,5816.725762,0.829313,0.727990,0.829313,0.727990,29,15,29,16,0,0,0,0,122,71,42,42
2026/02/03/15:22:07,5817.725892,0.829313,0.727990,0.829313,0.727990,29,15,29,16,0,0,0,0,122,71,42,42
2026/02/03/15:22:08,5818.726053,0.834625,0.748807,0.923500,0.763791,29,15,30,16,0,0,3,0,122,71,42,42
2026/02/03/15:22:09,5819.726218,0.852062,0.763041,0.940937,0.778024,30,15,32,16,0,0,3,0,122,71,42,42
2026/02/03/15:22:10,5820.726422,0.852062,0.763041,0.940937,0.778024,30,15,32,16,0,0,3,0,122,71,42,42
2026/02/03/15:22:11,5821.726509,0.852062,0.763041,0.940937,0.778024,30,15,32,16,0,0,3,0,122,71,42,42
2026/02/03/15:22:12,5822.726599,0.852062,0.763041,0.940937,0.778024,30,15,32,16,0,0,3,0,122,71,42,42
2026/02/03/15:22:13,5823.726742,0.852062,0.763041,0.940937,0.778024,30,15,32,16,0,0,3,0,122,71,42,42
2026/02/03/15:22:14,5824.726830,0.852062,0.763041,0.940937,0.778024,30,15,32,16,0,0,3,0,122,71,42,42
2026/02/03/15:22:15,5825.726946,0.852062,0.763041,0.940937,0.778024,30,15,32,16,0,0,3,0,122,71,42,42
2026/02/03/15:22:16,5826.727040,0.852062,0.763041,0.940937,0.778024,30,15,32,16,0,0,3,0,122,71,42,42
2026/02/03/15:22:17,5827.727172,0.864500,0.825863,0.957812,0.865535,30,18,32,16,0,1,3,0,122,71,42,42
2026/02/03/15:22:18,5828.727275,0.864500,0.825863,0.957812,0.865535,30,18,32,16,0,1,3,0,122,71,42,42
2026/02/03/15:22:19,5829.727441,0.864500,0.825863,0.957812,0.865535,30,18,32,16,0,1,3,0,122,71,42,42
2026/02/03/15:22:20,5830.727561,0.864500,0.825863,0.957812,0.865535,30,18,32,16,0,1,3,0,122,71,42,42
2026/02/03/15:22:21,5831.727694,0.864500,0.825863,0.957812,0.865535,30,18,32,16,0,1,3,0,122,71,42,42
2026/02/03/15:22:22,5832.727838,0.864500,0.825863,0.957812,0.865535,30,18,32,16,0,1,3,0,122,71,42,42
2026/02/03/15:22:23,5833.728003,0.865375,0.837109,0.954250,0.852092,30,18,32,16,0,0,3,0,122,72,42,42
2026/02/03/15:22:24,5834.728156,0.865375,0.837109,0.954250,0.852092,30,18,32,16,0,0,3,0,122,72,42,42
2026/02/03/15:22:25,5835.728270,0.865375,0.837109,0.954250,0.852092,30,18,32,16,0,0,3,0,122,72,42,42
2026/02/03/15:22:26,5836.728365,0.865375,0.837109,0.954250,0.852092,30,18,32,16,0,0,3,0,122,72,42,42
2026/02/03/15:22:27,5837.728424,0.865375,0.837109,0.954250,0.852092,30,18,32,16,0,0,3,0,122,72,42,42
2026/02/03/15:22:28,5838.728677,0.865375,0.837109,0.954250,0.852092,30,18,32,16,0,0,3,0,122,72,42,42
2026/02/03/15:22:29,5839.728746,0.865375,0.837109,0.954250,0.852092,30,18,32,16,0,0,3,0,122,72,42,42
2026/02/03/15:22:30,5840.728841,0.865375,0.837109,0.954250,0.852092,30,18,32,16,0,0,3,0,122,72,42,42
2026/02/03/15:22:31,5841.729011,0.865375,0.837109,0.954250,0.852092,30,18,32,16,0,0,3,0,122,72,42,42
2026/02/03/15:22:32,5842.729139,0.865375,0.837109,0.954250,0.852092,30,18,32,16,0,0,3,0,122,72,42,42
2026/02/03/15:22:33,5843.729246,0.865375,0.837109,0.954250,0.852092,30,18,32,16,0,0,3,0,122,72,42,42
2026/02/03/15:22:34,5844.729388,0.865375,0.837109,0.954250,0.852092,30,18,32,16,0,0,3,0,122,72,42,42
2026/02/03/15:22:35,5845.729522,0.865375,0.837109,0.954250,0.852092,30,18,32,16,0,0,3,0,122,72,42,42
2026/02/03/15:22:36,5846.729643,0.865375,0.837109,0.954250,0.852092,30,18,32,16,0,0,3,0,122,72,42,42
2026/02/03/15:22:37,5847.729763,0.865375,0.837109,0.954250,0.852092,30,18,32,16,0,0,3,0,122,72,42,42
2026/02/03/15:22:38,5848.729861,0.865375,0.837109,0.954250,0.852092,30,18,32,16,0,0,3,0,122,72,42,42
2026/02/03/15:22:39,5849.729994,0.865375,0.837109,0.954250,0.852092,30,18,32,16,0,0,3,0,122,72,42,42
2026/02/03/15:22:40,5850.730145,0.865375,0.837109,0.954250,0.852092,30,18,32,16,0,0,3,0,122,72,42,42
2026/02/03/15:22:41,5851.730299,0.865375,0.837109,0.954250,0.852092,30,18,32,16,0,0,3,0,122,72,42,42
2026/02/03/15:22:42,5852.730421,0.865375,0.837109,0.954250,0.852092,30,18,32,16,0,0,3,0,122,72,42,42
2026/02/03/15:22:43,5853.730519,0.865375,0.837109,0.954250,0.852092,30,18,32,16,0,0,3,0,122,72,42,42
2026/02/03/15:22:44,5854.730596,0.865375,0.837109,0.954250,0.852092,30,18,32,16,0,0,3,0,122,72,42,42
2026/02/03/15:22:45,5855.730721,0.865375,0.837109,0.954250,0.852092,30,18,32,16,0,0,3,0,122,72,42,42
2026/02/03/15:22:46,5856.730850,0.865375,0.837109,0.954250,0.852092,30,18,32,16,0,0,3,0,122,72,42,42
2026/02/03/15:22:47,5857.731023,0.865375,0.837109,0.954250,0.852092,30,18,32,16,0,0,3,0,122,72,42,42
2026/02/03/15:22:48,5858.731148,0.865375,0.837109,0.954250,0.852092,30,18,32,16,0,0,3,0,122,72,42,42
2026/02/03/15:22:49,5859.731305,0.861313,0.831795,0.950187,0.846779,29,18,32,16,0,0,3,0,123,72,42,42
2026/02/03/15:22:50,5860.731424,0.920937,0.840715,0.950187,0.846779,28,18,35,16,1,0,0,0,128,72,42,42
2026/02/03/15:22:51,5861.731519,0.895062,0.804991,0.924312,0.811055,28,18,32,16,1,0,0,0,128,72,45,42
2026/02/03/15:22:52,5862.731653,0.888563,0.794604,0.917813,0.800668,28,18,32,14,1,0,0,0,128,72,45,44
2026/02/03/15:22:53,5863.731752,0.888563,0.794604,0.917813,0.800668,28,18,32,14,1,0,0,0,128,72,45,44
2026/02/03/15:22:54,5864.731871,0.888563,0.794604,0.917813,0.800668,28,18,32,14,1,0,0,0,128,72,45,44
2026/02/03/15:22:55,5865.732044,0.888563,0.794604,0.917813,0.800668,28,18,32,14,1,0,0,0,128,72,45,44
2026/02/03/15:22:56,5866.732147,0.888563,0.794604,0.917813,0.800668,28,18,32,14,1,0,0,0,128,72,45,44
2026/02/03/15:22:57,5867.732288,0.912813,0.802782,0.942063,0.808845,28,18,34,14,1,0,0,0,128,72,45,44
2026/02/03/15:22:58,5868.732418,0.912813,0.802782,0.942063,0.808845,28,18,34,14,1,0,0,0,128,72,45,44
2026/02/03/15:22:59,5869.732510,0.912813,0.802782,0.942063,0.808845,28,18,34,14,1,0,0,0,128,72,45,44
2026/02/03/15:23:00,5870.732644,0.912813,0.802782,0.942063,0.808845,28,18,34,14,1,0,0,0,128,72,45,44
2026/02/03/15:23:01,5871.732751,0.912813,0.802782,0.942063,0.808845,28,18,34,14,1,0,0,0,128,72,45,44
2026/02/03/15:23:02,5872.732851,0.912813,0.802782,0.942063,0.808845,28,18,34,14,1,0,0,0,128,72,45,44
2026/02/03/15:23:03,5873.732953,0.912813,0.802782,0.942063,0.808845,28,18,34,14,1,0,0,0,128,72,45,44
2026/02/03/15:23:04,5874.733045,0.912813,0.802782,0.942063,0.808845,28,18,34,14,1,0,0,0,128,72,45,44
2026/02/03/15:23:05,5875.733129,0.912813,0.802782,0.942063,0.808845,28,18,34,14,1,0,0,0,128,72,45,44
2026/02/03/15:23:06,5876.733268,0.912813,0.802782,0.942063,0.808845,28,18,34,14,1,0,0,0,128,72,45,44
2026/02/03/15:23:07,5877.733384,0.912813,0.802782,0.942063,0.808845,28,18,34,14,1,0,0,0,128,72,45,44
2026/02/03/15:23:08,5878.733441,0.920188,0.819101,0.949438,0.825165,28,18,34,15,1,0,0,0,128,72,45,44
2026/02/03/15:23:09,5879.733575,0.920188,0.819101,0.949438,0.825165,28,18,34,15,1,0,0,0,128,72,45,44
2026/02/03/15:23:10,5880.733717,0.920188,0.819101,0.949438,0.825165,28,18,34,15,1,0,0,0,128,72,45,44
2026/02/03/15:23:11,5881.733865,0.920188,0.819101,0.949438,0.825165,28,18,34,15,1,0,0,0,128,72,45,44
2026/02/03/15:23:12,5882.733960,0.920188,0.819101,0.949438,0.825165,28,18,34,15,1,0,0,0,128,72,45,44
2026/02/03/15:23:13,5883.734110,0.920188,0.819101,0.949438,0.825165,28,18,34,15,1,0,0,0,128,72,45,44
2026/02/03/15:23:14,5884.734216,0.920188,0.819101,0.949438,0.825165,28,18,34,15,1,0,0,0,128,72,45,44
2026/02/03/15:23:15,5885.734330,0.920188,0.819101,0.949438,0.825165,28,18,34,15,1,0,0,0,128,72,45,44
2026/02/03/15:23:16,5886.734467,0.920188,0.819101,0.949438,0.825165,28,18,34,15,1,0,0,0,128,72,45,44
2026/02/03/15:23:17,5887.734585,0.920188,0.819101,0.949438,0.825165,28,18,34,15,1,0,0,0,128,72,45,44
2026/02/03/15:23:18,5888.734670,0.920188,0.819101,0.949438,0.825165,28,18,34,15,1,0,0,0,128,72,45,44
2026/02/03/15:23:19,5889.734767,0.920188,0.819101,0.949438,0.825165,28,18,34,15,1,0,0,0,128,72,45,44
2026/02/03/15:23:20,5890.734913,0.920188,0.819101,0.949438,0.825165,28,18,34,15,1,0,0,0,128,72,45,44
2026/02/03/15:23:21,5891.735051,0.920188,0.819101,0.949438,0.825165,28,18,34,15,1,0,0,0,128,72,45,44
2026/02/03/15:23:22,5892.735209,0.920188,0.819101,0.949438,0.825165,28,18,34,15,1,0,0,0,128,72,45,44
2026/02/03/15:23:23,5893.735319,0.920188,0.819101,0.949438,0.825165,28,18,34,15,1,0,0,0,128,72,45,44
2026/02/03/15:23:24,5894.735461,0.920188,0.819101,0.949438,0.825165,28,18,34,15,1,0,0,0,128,72,45,44
2026/02/03/15:23:25,5895.735566,0.920188,0.819101,0.949438,0.825165,28,18,34,15,1,0,0,0,128,72,45,44
2026/02/03/15:23:26,5896.735716,0.920188,0.819101,0.949438,0.825165,28,18,34,15,1,0,0,0,128,72,45,44
2026/02/03/15:23:27,5897.735867,0.920188,0.819101,0.949438,0.825165,28,18,34,15,1,0,0,0,128,72,45,44
2026/02/03/15:23:28,5898.735978,0.920188,0.819101,0.949438,0.825165,28,18,34,15,1,0,0,0,128,72,45,44
2026/02/03/15:23:29,5899.736098,0.920188,0.819101,0.949438,0.825165,28,18,34,15,1,0,0,0,128,72,45,44
2026/02/03/15:23:30,5900.736178,0.920188,0.819101,0.949438,0.825165,28,18,34,15,1,0,0,0,128,72,45,44
2026/02/03/15:23:31,5901.736295,0.920188,0.819101,0.949438,0.825165,28,18,34,15,1,0,0,0,128,72,45,44
2026/02/03/15:23:32,5902.736447,0.920188,0.819101,0.949438,0.825165,28,18,34,15,1,0,0,0,128,72,45,44
2026/02/03/15:23:33,5903.736549,0.924063,0.826352,0.984938,0.852912,29,18,34,15,3,0,0,0,128,72,45,44
2026/02/03/15:23:34,5904.736649,0.924063,0.826352,0.984938,0.852912,29,18,34,15,3,0,0,0,128,72,45,44
2026/02/03/15:23:35,5905.736756,0.924063,0.826352,0.984938,0.852912,29,18,34,15,3,0,0,0,128,72,45,44
2026/02/03/15:23:36,5906.736834,0.924063,0.826352,0.984938,0.852912,29,18,34,15,3,0,0,0,128,72,45,44
2026/02/03/15:23:37,5907.736980,0.916687,0.810032,0.977563,0.836593,29,18,34,14,3,0,0,0,128,72,45,45
2026/02/03/15:23:38,5908.737083,0.916687,0.810032,0.977563,0.836593,29,18,34,14,3,0,0,0,128,72,45,45
2026/02/03/15:23:39,5909.737241,0.916687,0.810032,0.977563,0.836593,29,18,34,14,3,0,0,0,128,72,45,45
2026/02/03/15:23:40,5910.737428,0.916687,0.810032,0.977563,0.836593,29,18,34,14,3,0,0,0,128,72,45,45
2026/02/03/15:23:41,5911.737580,0.916687,0.810032,0.977563,0.836593,29,18,34,14,3,0,0,0,128,72,45,45
2026/02/03/15:23:42,5912.737736,0.916687,0.810032,0.977563,0.836593,29,18,34,14,3,0,0,0,128,72,45,45
2026/02/03/15:23:43,5913.737858,0.916687,0.810032,0.977563,0.836593,29,18,34,14,3,0,0,0,128,72,45,45
2026/02/03/15:23:44,5914.738004,0.916687,0.810032,0.977563,0.836593,29,18,34,14,3,0,0,0,128,72,45,45
2026/02/03/15:23:45,5915.738085,0.916687,0.810032,0.977563,0.836593,29,18,34,14,3,0,0,0,128,72,45,45
2026/02/03/15:23:46,5916.738192,0.916687,0.810032,0.977563,0.836593,29,18,34,14,3,0,0,0,128,72,45,45
2026/02/03/15:23:47,5917.738289,0.916687,0.810032,0.977563,0.836593,29,18,34,14,3,0,0,0,128,72,45,45
2026/02/03/15:23:48,5918.738394,0.916687,0.810032,0.977563,0.836593,29,18,34,14,3,0,0,0,128,72,45,45
2026/02/03/15:23:49,5919.738472,0.916687,0.810032,0.977563,0.836593,29,18,34,14,3,0,0,0,128,72,45,45
2026/02/03/15:23:50,5920.738624,0.916687,0.810032,0.977563,0.836593,29,18,34,14,3,0,0,0,128,72,45,45
2026/02/03/15:23:51,5921.738735,0.916687,0.810032,0.977563,0.836593,29,18,34,14,3,0,0,0,128,72,45,45
2026/02/03/15:23:52,5922.738838,0.916687,0.810032,0.977563,0.836593,29,18,34,14,3,0,0,0,128,72,45,45
2026/02/03/15:23:53,5923.738968,0.916687,0.810032,0.977563,0.836593,29,18,34,14,3,0,0,0,128,72,45,45
2026/02/03/15:23:54,5924.739117,0.916687,0.810032,0.977563,0.836593,29,18,34,14,3,0,0,0,128,72,45,45
2026/02/03/15:23:55,5925.739293,0.916687,0.810032,0.977563,0.836593,29,18,34,14,3,0,0,0,128,72,45,45
2026/02/03/15:23:56,5926.739404,0.916687,0.810032,0.977563,0.836593,29,18,34,14,3,0,0,0,128,72,45,45
2026/02/03/15:23:57,5927.739506,0.916687,0.810032,0.977563,0.836593,29,18,34,14,3,0,0,0,128,72,45,45
2026/02/03/15:23:58,5928.739612,0.916687,0.810032,0.977563,0.836593,29,18,34,14,3,0,0,0,128,72,45,45
2026/02/03/15:23:59,5929.739729,0.916687,0.810032,0.977563,0.836593,29,18,34,14,3,0,0,0,128,72,45,45
2026/02/03/15:24:00,5930.739855,0.916687,0.810032,0.977563,0.836593,29,18,34,14,3,0,0,0,128,72,45,45
2026/02/03/15:24:01,5931.739945,0.916687,0.810032,0.977563,0.836593,29,18,34,14,3,0,0,0,128,72,45,45
2026/02/03/15:24:02,5932.740046,0.916687,0.810032,0.977563,0.836593,29,18,34,14,3,0,0,0,128,72,45,45
2026/02/03/15:24:03,5933.740147,0.916687,0.810032,0.977563,0.836593,29,18,34,14,3,0,0,0,128,72,45,45
2026/02/03/15:24:04,5934.740310,0.916687,0.810032,0.977563,0.836593,29,18,34,14,3,0,0,0,128,72,45,45
2026/02/03/15:24:05,5935.740437,0.916687,0.810032,0.977563,0.836593,29,18,34,14,3,0,0,0,128,72,45,45
2026/02/03/15:24:06,5936.740548,0.916687,0.810032,0.977563,0.836593,29,18,34,14,3,0,0,0,128,72,45,45
2026/02/03/15:24:07,5937.740689,0.916687,0.810032,0.977563,0.836593,29,18,34,14,3,0,0,0,128,72,45,45
2026/02/03/15:24:08,5938.740796,0.916687,0.810032,0.977563,0.836593,29,18,34,14,3,0,0,0,128,72,45,45
2026/02/03/15:24:09,5939.740948,0.916687,0.810032,0.977563,0.836593,29,18,34,14,3,0,0,0,128,72,45,45
2026/02/03/15:24:10,5940.741037,0.916687,0.810032,0.977563,0.836593,29,18,34,14,3,0,0,0,128,72,45,45
2026/02/03/15:24:11,5941.741167,0.916687,0.810032,0.977563,0.836593,29,18,34,14,3,0,0,0,128,72,45,45
2026/02/03/15:24:12,5942.741273,0.916687,0.810032,0.977563,0.836593,29,18,34,14,3,0,0,0,128,72,45,45
2026/02/03/15:24:13,5943.741419,0.916687,0.810032,0.977563,0.836593,29,18,34,14,3,0,0,0,128,72,45,45
2026/02/03/15:24:14,5944.741521,0.916687,0.810032,0.977563,0.836593,29,18,34,14,3,0,0,0,128,72,45,45
2026/02/03/15:24:15,5945.741675,0.916687,0.810032,0.977563,0.836593,29,18,34,14,3,0,0,0,128,72,45,45
2026/02/03/15:24:16,5946.741804,0.916687,0.810032,0.977563,0.836593,29,18,34,14,3,0,0,0,128,72,45,45
2026/02/03/15:24:17,5947.741883,0.916687,0.810032,0.977563,0.836593,29,18,34,14,3,0,0,0,128,72,45,45
2026/02/03/15:24:18,5948.741975,0.916687,0.810032,0.977563,0.836593,29,18,34,14,3,0,0,0,128,72,45,45
2026/02/03/15:24:19,5949.742130,0.916687,0.810032,0.977563,0.836593,29,18,34,14,3,0,0,0,128,72,45,45
2026/02/03/15:24:20,5950.742289,0.916687,0.810032,0.977563,0.836593,29,18,34,14,3,0,0,0,128,72,45,45
2026/02/03/15:24:21,5951.742454,0.916687,0.810032,0.977563,0.836593,29,18,34,14,3,0,0,0,128,72,45,45
2026/02/03/15:24:22,5952.742617,0.916687,0.810032,0.977563,0.836593,29,18,34,14,3,0,0,0,128,72,45,45
2026/02/03/15:24:23,5953.742779,0.916687,0.810032,0.977563,0.836593,29,18,34,14,3,0,0,0,128,72,45,45
2026/02/03/15:24:24,5954.742884,0.916687,0.810032,0.977563,0.836593,29,18,34,14,3,0,0,0,128,72,45,45
2026/02/03/15:24:25,5955.742973,0.948313,0.830529,0.977563,0.836593,31,18,34,14,1,0,0,0,130,72,45,45
2026/02/03/15:24:26,5956.743137,0.948313,0.830529,0.977563,0.836593,31,18,34,14,1,0,0,0,130,72,45,45
2026/02/03/15:24:27,5957.743294,0.948313,0.830529,0.977563,0.836593,31,18,34,14,1,0,0,0,130,72,45,45
2026/02/03/15:24:28,5958.743415,0.948313,0.830529,0.977563,0.836593,31,18,34,14,1,0,0,0,130,72,45,45
2026/02/03/15:24:29,5959.743569,0.948313,0.830529,0.977563,0.836593,31,18,34,14,1,0,0,0,130,72,45,45
2026/02/03/15:24:30,5960.743724,0.948313,0.830529,0.977563,0.836593,31,18,34,14,1,0,0,0,130,72,45,45
2026/02/03/15:24:31,5961.743820,0.948313,0.830529,0.977563,0.836593,31,18,34,14,1,0,0,0,130,72,45,45
2026/02/03/15:24:32,5962.743981,0.948313,0.830529,0.977563,0.836593,31,18,34,14,1,0,0,0,130,72,45,45
2026/02/03/15:24:33,5963.744143,0.948313,0.830529,0.977563,0.836593,31,18,34,14,1,0,0,0,130,72,45,45
2026/02/03/15:24:34,5964.744298,0.948313,0.830529,0.977563,0.836593,31,18,34,14,1,0,0,0,130,72,45,45
2026/02/03/15:24:35,5965.744458,0.948313,0.830529,0.977563,0.836593,31,18,34,14,1,0,0,0,130,72,45,45
2026/02/03/15:24:36,5966.744613,0.948313,0.830529,0.977563,0.836593,31,18,34,14,1,0,0,0,130,72,45,45
2026/02/03/15:24:37,5967.744756,0.948313,0.830529,0.977563,0.836593,31,18,34,14,1,0,0,0,130,72,45,45
2026/02/03/15:24:38,5968.744892,0.948313,0.830529,0.977563,0.836593,31,18,34,14,1,0,0,0,130,72,45,45
2026/02/03/15:24:39,5969.745013,0.948313,0.830529,0.977563,0.836593,31,18,34,14,1,0,0,0,130,72,45,45
2026/02/03/15:24:40,5970.745122,0.948313,0.830529,0.977563,0.836593,31,18,34,14,1,0,0,0,130,72,45,45
2026/02/03/15:24:41,5971.745270,0.948313,0.830529,0.977563,0.836593,31,18,34,14,1,0,0,0,130,72,45,45
2026/02/03/15:24:42,5972.745384,0.948313,0.830529,0.977563,0.836593,31,18,34,14,1,0,0,0,130,72,45,45
2026/02/03/15:24:43,5973.745498,0.948313,0.830529,0.977563,0.836593,31,18,34,14,1,0,0,0,130,72,45,45
2026/02/03/15:24:44,5974.745603,0.948313,0.830529,0.977563,0.836593,31,18,34,14,1,0,0,0,130,72,45,45
2026/02/03/15:24:45,5975.745718,0.948313,0.830529,0.977563,0.836593,31,18,34,14,1,0,0,0,130,72,45,45
2026/02/03/15:24:46,5976.745804,0.948313,0.830529,0.977563,0.836593,31,18,34,14,1,0,0,0,130,72,45,45
2026/02/03/15:24:47,5977.745956,0.948313,0.830529,0.977563,0.836593,31,18,34,14,1,0,0,0,130,72,45,45
2026/02/03/15:24:48,5978.746114,0.948313,0.830529,0.977563,0.836593,31,18,34,14,1,0,0,0,130,72,45,45
2026/02/03/15:24:49,5979.746273,0.948313,0.830529,0.977563,0.836593,31,18,34,14,1,0,0,0,130,72,45,45
2026/02/03/15:24:50,5980.746433,0.948313,0.830529,0.977563,0.836593,31,18,34,14,1,0,0,0,130,72,45,45
2026/02/03/15:24:51,5981.746543,0.948313,0.830529,0.977563,0.836593,31,18,34,14,1,0,0,0,130,72,45,45
2026/02/03/15:24:52,5982.746662,0.948313,0.830529,0.977563,0.836593,31,18,34,14,1,0,0,0,130,72,45,45
2026/02/03/15:24:53,5983.746763,0.948313,0.830529,0.977563,0.836593,31,18,34,14,1,0,0,0,130,72,45,45
2026/02/03/15:24:54,5984.746893,0.948313,0.830529,0.977563,0.836593,31,18,34,14,1,0,0,0,130,72,45,45
2026/02/03/15:24:55,5985.747008,0.948313,0.830529,0.977563,0.836593,31,18,34,14,1,0,0,0,130,72,45,45
2026/02/03/15:24:56,5986.747113,0.948313,0.830529,0.977563,0.836593,31,18,34,14,1,0,0,0,130,72,45,45
2026/02/03/15:24:57,5987.747239,0.948313,0.830529,0.977563,0.836593,31,18,34,14,1,0,0,0,130,72,45,45
2026/02/03/15:24:58,5988.747373,0.948313,0.830529,0.977563,0.836593,31,18,34,14,1,0,0,0,130,72,45,45
2026/02/03/15:24:59,5989.747517,0.948313,0.830529,0.977563,0.836593,31,18,34,14,1,0,0,0,130,72,45,45
2026/02/03/15:25:00,5990.747645,0.948313,0.830529,0.977563,0.836593,31,18,34,14,1,0,0,0,130,72,45,45
2026/02/03/15:25:01,5991.747764,0.948313,0.830529,0.977563,0.836593,31,18,34,14,1,0,0,0,130,72,45,45
2026/02/03/15:25:02,5992.747879,0.948313,0.830529,0.977563,0.836593,31,18,34,14,1,0,0,0,130,72,45,45
2026/02/03/15:25:03,5993.748038,0.948313,0.830529,0.977563,0.836593,31,18,34,14,1,0,0,0,130,72,45,45
2026/02/03/15:25:04,5994.748180,0.948313,0.830529,0.977563,0.836593,31,18,34,14,1,0,0,0,130,72,45,45
2026/02/03/15:25:05,5995.748295,0.948313,0.830529,0.977563,0.836593,31,18,34,14,1,0,0,0,130,72,45,45
2026/02/03/15:25:06,5996.748487,0.948313,0.830529,0.977563,0.836593,31,18,34,14,1,0,0,0,130,72,45,45
2026/02/03/15:25:07,5997.748616,0.948313,0.830529,0.977563,0.836593,31,18,34,14,1,0,0,0,130,72,45,45
2026/02/03/15:25:08,5998.748773,0.948313,0.830529,0.977563,0.836593,31,18,34,14,1,0,0,0,130,72,45,45
2026/02/03/15:25:09,5999.748943,0.948313,0.830529,0.977563,0.836593,31,18,34,14,1,0,0,0,130,72,45,45
2026/02/03/15:25:10,6000.749035,0.948313,0.830529,0.977563,0.836593,31,18,34,14,1,0,0,0,130,72,45,45
2026/02/03/15:25:11,6001.749167,0.948313,0.830529,0.977563,0.836593,31,18,34,14,1,0,0,0,130,72,45,45
2026/02/03/15:25:12,6002.749275,0.948313,0.830529,0.977563,0.836593,31,18,34,14,1,0,0,0,130,72,45,45
2026/02/03/15:25:13,6003.749403,0.948313,0.830529,0.977563,0.836593,31,18,34,14,1,0,0,0,130,72,45,45
2026/02/03/15:25:14,6004.749574,0.948313,0.830529,0.977563,0.836593,31,18,34,14,1,0,0,0,130,72,45,45
2026/02/03/15:25:15,6005.749714,0.948313,0.830529,0.977563,0.836593,31,18,34,14,1,0,0,0,130,72,45,45
2026/02/03/15:25:16,6006.749900,0.948313,0.830529,0.977563,0.836593,31,18,34,14,1,0,0,0,130,72,45,45
2026/02/03/15:25:17,6007.750016,0.948313,0.830529,0.977563,0.836593,31,18,34,14,1,0,0,0,130,72,45,45
2026/02/03/15:25:18,6008.750120,0.948313,0.830529,0.977563,0.836593,31,18,34,14,1,0,0,0,130,72,45,45
2026/02/03/15:25:19,6009.750290,0.948313,0.830529,0.977563,0.836593,31,18,34,14,1,0,0,0,130,72,45,45
2026/02/03/15:25:20,6010.750444,0.948313,0.830529,0.977563,0.836593,31,18,34,14,1,0,0,0,130,72,45,45
2026/02/03/15:25:21,6011.750599,0.948313,0.830529,0.977563,0.836593,31,18,34,14,1,0,0,0,130,72,45,45
2026/02/03/15:25:22,6012.750765,0.948313,0.830529,0.977563,0.836593,31,18,34,14,1,0,0,0,130,72,45,45
2026/02/03/15:25:23,6013.750924,0.948313,0.830529,0.977563,0.836593,31,18,34,14,1,0,0,0,130,72,45,45
2026/02/03/15:25:24,6014.751084,0.948313,0.830529,0.977563,0.836593,31,18,34,14,1,0,0,0,130,72,45,45
2026/02/03/15:25:25,6015.751259,0.948313,0.830529,0.977563,0.836593,31,18,34,14,1,0,0,0,130,72,45,45
2026/02/03/15:25:26,6016.751431,0.948313,0.830529,0.977563,0.836593,31,18,34,14,1,0,0,0,130,72,45,45
2026/02/03/15:25:27,6017.751650,0.948313,0.830529,0.977563,0.836593,31,18,34,14,1,0,0,0,130,72,45,45
2026/02/03/15:25:28,6018.751776,0.948313,0.830529,0.977563,0.836593,31,18,34,14,1,0,0,0,130,72,45,45
2026/02/03/15:25:29,6019.751840,0.948313,0.830529,0.977563,0.836593,31,18,34,14,1,0,0,0,130,72,45,45
2026/02/03/15:25:30,6020.752008,0.948313,0.830529,0.977563,0.836593,31,18,34,14,1,0,0,0,130,72,45,45
2026/02/03/15:25:31,6021.752215,0.948313,0.830529,0.977563,0.836593,31,18,34,14,1,0,0,0,130,72,45,45
2026/02/03/15:25:32,6022.752354,0.948313,0.830529,0.977563,0.836593,31,18,34,14,1,0,0,0,130,72,45,45
2026/02/03/15:25:33,6023.752483,0.948313,0.830529,0.977563,0.836593,31,18,34,14,1,0,0,0,130,72,45,45
2026/02/03/15:25:34,6024.752651,0.948313,0.830529,0.977563,0.836593,31,18,34,14,1,0,0,0,130,72,45,45
2026/02/03/15:25:35,6025.752770,0.948313,0.830529,0.977563,0.836593,31,18,34,14,1,0,0,0,130,72,45,45
2026/02/03/15:25:36,6026.752932,0.948313,0.830529,0.977563,0.836593,31,18,34,14,1,0,0,0,130,72,45,45
2026/02/03/15:25:37,6027.753086,0.948313,0.830529,0.977563,0.836593,31,18,34,14,1,0,0,0,130,72,45,45
2026/02/03/15:25:38,6028.753253,0.948313,0.830529,0.977563,0.836593,31,18,34,14,1,0,0,0,130,72,45,45
2026/02/03/15:25:39,6029.753368,0.948313,0.830529,0.977563,0.836593,31,18,34,14,1,0,0,0,130,72,45,45
2026/02/03/15:25:40,6030.753510,0.948313,0.830529,0.977563,0.836593,31,18,34,14,1,0,0,0,130,72,45,45
2026/02/03/15:25:41,6031.753640,0.948313,0.830529,0.977563,0.836593,31,18,34,14,1,0,0,0,130,72,45,45
2026/02/03/15:25:42,6032.753761,0.948313,0.830529,0.977563,0.836593,31,18,34,14,1,0,0,0,130,72,45,45
2026/02/03/15:25:43,6033.753854,0.948313,0.830529,0.977563,0.836593,31,18,34,14,1,0,0,0,130,72,45,45
2026/02/03/15:25:44,6034.753982,0.948313,0.830529,0.977563,0.836593,31,18,34,14,1,0,0,0,130,72,45,45
2026/02/03/15:25:45,6035.754128,0.948313,0.830529,0.977563,0.836593,31,18,34,14,1,0,0,0,130,72,45,45
2026/02/03/15:25:46,6036.754284,0.948313,0.830529,0.977563,0.836593,31,18,34,14,1,0,0,0,130,72,45,45
2026/02/03/15:25:47,6037.754411,0.948313,0.830529,0.977563,0.836593,31,18,34,14,1,0,0,0,130,72,45,45
2026/02/03/15:25:48,6038.754493,0.948313,0.830529,0.977563,0.836593,31,18,34,14,1,0,0,0,130,72,45,45
2026/02/03/15:25:49,6039.754632,0.948313,0.830529,0.977563,0.836593,31,18,34,14,1,0,0,0,130,72,45,45
2026/02/03/15:25:50,6040.754782,0.948313,0.830529,0.977563,0.836593,31,18,34,14,1,0,0,0,130,72,45,45
2026/02/03/15:25:51,6041.754867,0.948313,0.830529,0.977563,0.836593,31,18,34,14,1,0,0,0,130,72,45,45
2026/02/03/15:25:52,6042.755036,0.948313,0.830529,0.977563,0.836593,31,18,34,14,1,0,0,0,130,72,45,45
2026/02/03/15:25:53,6043.755136,0.948313,0.830529,0.977563,0.836593,31,18,34,14,1,0,0,0,130,72,45,45
2026/02/03/15:25:54,6044.755236,0.948313,0.830529,0.977563,0.836593,31,18,34,14,1,0,0,0,130,72,45,45
2026/02/03/15:25:55,6045.755341,0.948313,0.830529,0.977563,0.836593,31,18,34,14,1,0,0,0,130,72,45,45
2026/02/03/15:25:56,6046.755440,0.948313,0.830529,0.977563,0.836593,31,18,34,14,1,0,0,0,130,72,45,45
2026/02/03/15:25:57,6047.755601,0.948313,0.830529,0.977563,0.836593,31,18,34,14,1,0,0,0,130,72,45,45
2026/02/03/15:25:58,6048.755784,0.948313,0.830529,0.977563,0.836593,31,18,34,14,1,0,0,0,130,72,45,45
2026/02/03/15:25:59,6049.755879,0.948313,0.830529,0.977563,0.836593,31,18,34,14,1,0,0,0,130,72,45,45
2026/02/03/15:26:00,6050.755957,0.948313,0.830529,0.977563,0.836593,31,18,34,14,1,0,0,0,130,72,45,45
2026/02/03/15:26:01,6051.756067,0.948313,0.830529,0.977563,0.836593,31,18,34,14,1,0,0,0,130,72,45,45
2026/02/03/15:26:02,6052.756223,0.948313,0.830529,0.977563,0.836593,31,18,34,14,1,0,0,0,130,72,45,45
2026/02/03/15:26:03,6053.756329,0.948313,0.830529,0.977563,0.836593,31,18,34,14,1,0,0,0,130,72,45,45
2026/02/03/15:26:04,6054.756426,0.948313,0.830529,0.977563,0.836593,31,18,34,14,1,0,0,0,130,72,45,45
2026/02/03/15:26:05,6055.756522,0.948313,0.830529,0.977563,0.836593,31,18,34,14,1,0,0,0,130,72,45,45
2026/02/03/15:26:06,6056.756643,0.948313,0.830529,0.977563,0.836593,31,18,34,14,1,0,0,0,130,72,45,45
2026/02/03/15:26:07,6057.756750,0.948313,0.830529,0.977563,0.836593,31,18,34,14,1,0,0,0,130,72,45,45
2026/02/03/15:26:08,6058.756854,0.948313,0.830529,0.977563,0.836593,31,18,34,14,1,0,0,0,130,72,45,45
2026/02/03/15:26:09,6059.756960,0.948313,0.830529,0.977563,0.836593,31,18,34,14,1,0,0,0,130,72,45,45
2026/02/03/15:26:10,6060.757055,0.948313,0.830529,0.977563,0.836593,31,18,34,14,1,0,0,0,130,72,45,45
2026/02/03/15:26:11,6061.757156,0.948313,0.830529,0.977563,0.836593,31,18,34,14,1,0,0,0,130,72,45,45
2026/02/03/15:26:12,6062.757259,0.948313,0.830529,0.977563,0.836593,31,18,34,14,1,0,0,0,130,72,45,45
2026/02/03/15:26:13,6063.757368,0.948313,0.830529,0.977563,0.836593,31,18,34,14,1,0,0,0,130,72,45,45
2026/02/03/15:26:14,6064.757501,0.948313,0.830529,0.977563,0.836593,31,18,34,14,1,0,0,0,130,72,45,45
2026/02/03/15:26:15,6065.757676,0.948313,0.830529,0.977563,0.836593,31,18,34,14,1,0,0,0,130,72,45,45
2026/02/03/15:26:16,6066.757833,0.948313,0.830529,0.977563,0.836593,31,18,34,14,1,0,0,0,130,72,45,45
2026/02/03/15:26:17,6067.758004,0.948313,0.830529,0.977563,0.836593,31,18,34,14,1,0,0,0,130,72,45,45
2026/02/03/15:26:18,6068.758166,0.948313,0.830529,0.977563,0.836593,31,18,34,14,1,0,0,0,130,72,45,45
2026/02/03/15:26:19,6069.758265,0.948313,0.830529,0.977563,0.836593,31,18,34,14,1,0,0,0,130,72,45,45
2026/02/03/15:26:20,6070.758423,0.948313,0.830529,0.977563,0.836593,31,18,34,14,1,0,0,0,130,72,45,45
2026/02/03/15:26:21,6071.758527,0.948313,0.830529,0.977563,0.836593,31,18,34,14,1,0,0,0,130,72,45,45
2026/02/03/15:26:22,6072.758662,0.948313,0.830529,0.977563,0.836593,31,18,34,14,1,0,0,0,130,72,45,45
2026/02/03/15:26:23,6073.758823,0.948313,0.830529,0.977563,0.836593,31,18,34,14,1,0,0,0,130,72,45,45
2026/02/03/15:26:24,6074.758979,0.948313,0.830529,0.977563,0.836593,31,18,34,14,1,0,0,0,130,72,45,45
2026/02/03/15:26:25,6075.759077,0.948313,0.830529,0.977563,0.836593,31,18,34,14,1,0,0,0,130,72,45,45
2026/02/03/15:26:26,6076.759231,0.948313,0.830529,0.977563,0.836593,31,18,34,14,1,0,0,0,130,72,45,45
2026/02/03/15:26:27,6077.759415,0.948313,0.830529,0.977563,0.836593,31,18,34,14,1,0,0,0,130,72,45,45
2026/02/03/15:26:28,6078.759571,0.935000,0.756461,0.964250,0.762525,31,15,34,14,1,0,0,0,130,75,45,45
2026/02/03/15:26:29,6079.759675,0.935000,0.756461,0.964250,0.762525,31,15,34,14,1,0,0,0,130,75,45,45
2026/02/03/15:26:30,6080.759826,0.935000,0.756461,0.964250,0.762525,31,15,34,14,1,0,0,0,130,75,45,45
2026/02/03/15:26:31,6081.760011,0.935000,0.756461,0.964250,0.762525,31,15,34,14,1,0,0,0,130,75,45,45
2026/02/03/15:26:32,6082.760084,0.935000,0.756461,0.964250,0.762525,31,15,34,14,1,0,0,0,130,75,45,45
2026/02/03/15:26:33,6083.760177,0.935000,0.756461,0.964250,0.762525,31,15,34,14,1,0,0,0,130,75,45,45
2026/02/03/15:26:34,6084.760327,0.935000,0.756461,0.964250,0.762525,31,15,34,14,1,0,0,0,130,75,45,45
2026/02/03/15:26:35,6085.760489,0.935000,0.756461,0.964250,0.762525,31,15,34,14,1,0,0,0,130,75,45,45
2026/02/03/15:26:36,6086.760590,0.935000,0.756461,0.964250,0.762525,31,15,34,14,1,0,0,0,130,75,45,45
2026/02/03/15:26:37,6087.760741,0.935000,0.756461,0.964250,0.762525,31,15,34,14,1,0,0,0,130,75,45,45
2026/02/03/15:26:38,6088.760836,0.935000,0.756461,0.964250,0.762525,31,15,34,14,1,0,0,0,130,75,45,45
2026/02/03/15:26:39,6089.760992,0.935000,0.756461,0.964250,0.762525,31,15,34,14,1,0,0,0,130,75,45,45
2026/02/03/15:26:40,6090.761092,0.935000,0.756461,0.964250,0.762525,31,15,34,14,1,0,0,0,130,75,45,45
2026/02/03/15:26:41,6091.761245,0.935000,0.756461,0.964250,0.762525,31,15,34,14,1,0,0,0,130,75,45,45
2026/02/03/15:26:42,6092.761359,0.935000,0.756461,0.964250,0.762525,31,15,34,14,1,0,0,0,130,75,45,45
2026/02/03/15:26:43,6093.761458,0.935000,0.756461,0.964250,0.762525,31,15,34,14,1,0,0,0,130,75,45,45
2026/02/03/15:26:44,6094.761600,0.935000,0.756461,0.964250,0.762525,31,15,34,14,1,0,0,0,130,75,45,45
2026/02/03/15:26:45,6095.761763,0.935000,0.756461,0.964250,0.762525,31,15,34,14,1,0,0,0,130,75,45,45
2026/02/03/15:26:46,6096.761868,0.935000,0.756461,0.964250,0.762525,31,15,34,14,1,0,0,0,130,75,45,45
2026/02/03/15:26:47,6097.761999,0.935000,0.756461,0.964250,0.762525,31,15,34,14,1,0,0,0,130,75,45,45
2026/02/03/15:26:48,6098.762089,0.935000,0.756461,0.964250,0.762525,31,15,34,14,1,0,0,0,130,75,45,45
2026/02/03/15:26:49,6099.762282,0.935000,0.756461,0.964250,0.762525,31,15,34,14,1,0,0,0,130,75,45,45
2026/02/03/15:26:50,6100.762439,0.935000,0.756461,0.964250,0.762525,31,15,34,14,1,0,0,0,130,75,45,45
2026/02/03/15:26:51,6101.762592,0.935000,0.756461,0.964250,0.762525,31,15,34,14,1,0,0,0,130,75,45,45
2026/02/03/15:26:52,6102.762748,0.935000,0.756461,0.964250,0.762525,31,15,34,14,1,0,0,0,130,75,45,45
2026/02/03/15:26:53,6103.762905,0.935000,0.756461,0.964250,0.762525,31,15,34,14,1,0,0,0,130,75,45,45
2026/02/03/15:26:54,6104.763014,0.935000,0.756461,0.964250,0.762525,31,15,34,14,1,0,0,0,130,75,45,45
2026/02/03/15:26:55,6105.763170,0.935000,0.756461,0.964250,0.762525,31,15,34,14,1,0,0,0,130,75,45,45
2026/02/03/15:26:56,6106.763264,0.935000,0.756461,0.964250,0.762525,31,15,34,14,1,0,0,0,130,75,45,45
2026/02/03/15:26:57,6107.763429,0.935000,0.756461,0.964250,0.762525,31,15,34,14,1,0,0,0,130,75,45,45
2026/02/03/15:26:58,6108.763551,0.935000,0.756461,0.964250,0.762525,31,15,34,14,1,0,0,0,130,75,45,45
2026/02/03/15:26:59,6109.763646,0.935000,0.756461,0.964250,0.762525,31,15,34,14,1,0,0,0,130,75,45,45
2026/02/03/15:27:00,6110.763804,0.935000,0.756461,0.964250,0.762525,31,15,34,14,1,0,0,0,130,75,45,45
2026/02/03/15:27:01,6111.763910,0.935000,0.756461,0.964250,0.762525,31,15,34,14,1,0,0,0,130,75,45,45
2026/02/03/15:27:02,6112.764066,0.935000,0.756461,0.964250,0.762525,31,15,34,14,1,0,0,0,130,75,45,45
2026/02/03/15:27:03,6113.764176,0.935000,0.756461,0.964250,0.762525,31,15,34,14,1,0,0,0,130,75,45,45
2026/02/03/15:27:04,6114.764326,0.935000,0.756461,0.964250,0.762525,31,15,34,14,1,0,0,0,130,75,45,45
2026/02/03/15:27:05,6115.764496,0.935000,0.756461,0.964250,0.762525,31,15,34,14,1,0,0,0,130,75,45,45
2026/02/03/15:27:06,6116.764586,0.935000,0.756461,0.964250,0.762525,31,15,34,14,1,0,0,0,130,75,45,45
2026/02/03/15:27:07,6117.764691,0.935000,0.756461,0.964250,0.762525,31,15,34,14,1,0,0,0,130,75,45,45
2026/02/03/15:27:08,6118.764801,0.935000,0.756461,0.964250,0.762525,31,15,34,14,1,0,0,0,130,75,45,45
2026/02/03/15:27:09,6119.764952,0.935000,0.756461,0.964250,0.762525,31,15,34,14,1,0,0,0,130,75,45,45
2026/02/03/15:27:10,6120.765111,0.935000,0.756461,0.964250,0.762525,31,15,34,14,1,0,0,0,130,75,45,45
2026/02/03/15:27:11,6121.765283,0.935000,0.756461,0.964250,0.762525,31,15,34,14,1,0,0,0,130,75,45,45
2026/02/03/15:27:12,6122.765442,0.935000,0.756461,0.964250,0.762525,31,15,34,14,1,0,0,0,130,75,45,45
2026/02/03/15:27:13,6123.765548,0.935000,0.756461,0.964250,0.762525,31,15,34,14,1,0,0,0,130,75,45,45
2026/02/03/15:27:14,6124.765701,0.935000,0.756461,0.964250,0.762525,31,15,34,14,1,0,0,0,130,75,45,45
2026/02/03/15:27:15,6125.765858,0.935000,0.756461,0.964250,0.762525,31,15,34,14,1,0,0,0,130,75,45,45
2026/02/03/15:27:16,6126.765999,0.946000,0.779707,0.998500,0.840621,31,18,34,14,1,0,3,0,130,75,45,45
2026/02/03/15:27:17,6127.766181,0.946000,0.779707,0.998500,0.840621,31,18,34,14,1,0,3,0,130,75,45,45
2026/02/03/15:27:18,6128.766335,0.949250,0.779553,0.995375,0.836423,31,17,35,14,1,0,2,0,130,76,45,45
2026/02/03/15:27:19,6129.766500,0.949250,0.779553,0.995375,0.836423,31,17,35,14,1,0,2,0,130,76,45,45
2026/02/03/15:27:20,6130.766655,0.949250,0.779553,0.995375,0.836423,31,17,35,14,1,0,2,0,130,76,45,45
2026/02/03/15:27:21,6131.766786,0.942875,0.775508,0.972125,0.781572,31,17,34,14,1,0,0,0,130,76,46,45
2026/02/03/15:27:22,6132.766946,0.942875,0.775508,0.972125,0.781572,31,17,34,14,1,0,0,0,130,76,46,45
2026/02/03/15:27:23,6133.767101,0.918625,0.767331,0.947875,0.773395,31,17,32,14,1,0,0,0,130,76,48,45
2026/02/03/15:27:24,6134.767234,0.918625,0.767331,0.947875,0.773395,31,17,32,14,1,0,0,0,130,76,48,45
2026/02/03/15:27:25,6135.767413,0.918625,0.767331,0.947875,0.773395,31,17,32,14,1,0,0,0,130,76,48,45
2026/02/03/15:27:26,6136.767514,0.918625,0.767331,0.947875,0.773395,31,17,32,14,1,0,0,0,130,76,48,45
2026/02/03/15:27:27,6137.767668,0.918625,0.767331,0.947875,0.773395,31,17,32,14,1,0,0,0,130,76,48,45
2026/02/03/15:27:28,6138.767827,0.918625,0.767331,0.947875,0.773395,31,17,32,14,1,0,0,0,130,76,48,45
2026/02/03/15:27:29,6139.767977,0.918625,0.767331,0.947875,0.773395,31,17,32,14,1,0,0,0,130,76,48,45
2026/02/03/15:27:30,6140.768090,0.918625,0.767331,0.947875,0.773395,31,17,32,14,1,0,0,0,130,76,48,45
2026/02/03/15:27:31,6141.768194,0.918625,0.767331,0.947875,0.773395,31,17,32,14,1,0,0,0,130,76,48,45
2026/02/03/15:27:32,6142.768300,0.918625,0.767331,0.947875,0.773395,31,17,32,14,1,0,0,0,130,76,48,45
2026/02/03/15:27:33,6143.768421,0.918625,0.767331,0.947875,0.773395,31,17,32,14,1,0,0,0,130,76,48,45
2026/02/03/15:27:34,6144.768529,0.918625,0.767331,0.947875,0.773395,31,17,32,14,1,0,0,0,130,76,48,45
2026/02/03/15:27:35,6145.768661,0.918625,0.767331,0.947875,0.773395,31,17,32,14,1,0,0,0,130,76,48,45
2026/02/03/15:27:36,6146.768778,0.918625,0.767331,0.947875,0.773395,31,17,32,14,1,0,0,0,130,76,48,45
2026/02/03/15:27:37,6147.768857,0.918625,0.767331,0.947875,0.773395,31,17,32,14,1,0,0,0,130,76,48,45
2026/02/03/15:27:38,6148.768966,0.947875,0.773395,0.947875,0.773395,32,17,32,14,0,0,0,0,133,76,48,45
2026/02/03/15:27:39,6149.769074,0.947875,0.773395,0.947875,0.773395,32,17,32,14,0,0,0,0,133,76,48,45
2026/02/03/15:27:40,6150.769176,0.947875,0.773395,0.947875,0.773395,32,17,32,14,0,0,0,0,133,76,48,45
2026/02/03/15:27:41,6151.769285,0.947875,0.773395,0.947875,0.773395,32,17,32,14,0,0,0,0,133,76,48,45
2026/02/03/15:27:42,6152.769438,0.947875,0.773395,0.947875,0.773395,32,17,32,14,0,0,0,0,133,76,48,45
2026/02/03/15:27:43,6153.769521,0.947875,0.773395,0.947875,0.773395,32,17,32,14,0,0,0,0,133,76,48,45
2026/02/03/15:27:44,6154.769660,0.947875,0.773395,0.947875,0.773395,32,17,32,14,0,0,0,0,133,76,48,45
2026/02/03/15:27:45,6155.769798,0.947875,0.773395,0.947875,0.773395,32,17,32,14,0,0,0,0,133,76,48,45
2026/02/03/15:27:46,6156.769912,0.947875,0.773395,0.947875,0.773395,32,17,32,14,0,0,0,0,133,76,48,45
2026/02/03/15:27:47,6157.770082,0.947875,0.773395,0.947875,0.773395,32,17,32,14,0,0,0,0,133,76,48,45
2026/02/03/15:27:48,6158.770241,0.947875,0.773395,0.947875,0.773395,32,17,32,14,0,0,0,0,133,76,48,45
2026/02/03/15:27:49,6159.770423,0.859000,0.758411,0.859000,0.758411,32,17,29,14,0,0,0,0,133,76,51,45
2026/02/03/15:27:50,6160.770579,0.859000,0.758411,0.859000,0.758411,32,17,29,14,0,0,0,0,133,76,51,45
2026/02/03/15:27:51,6161.770731,0.859000,0.758411,0.859000,0.758411,32,17,29,14,0,0,0,0,133,76,51,45
2026/02/03/15:27:52,6162.770839,0.859000,0.758411,0.859000,0.758411,32,17,29,14,0,0,0,0,133,76,51,45
2026/02/03/15:27:53,6163.770940,0.905875,0.810234,0.905875,0.810234,34,18,32,16,0,0,0,0,133,76,51,45
2026/02/03/15:27:54,6164.771025,0.922500,0.848552,0.943312,0.908887,35,21,32,16,3,0,0,0,133,76,51,45
2026/02/03/15:27:55,6165.771159,0.922500,0.848552,0.943312,0.908887,35,21,32,16,3,0,0,0,133,76,51,45
2026/02/03/15:27:56,6166.771279,0.904750,0.819306,0.911750,0.874304,35,20,29,16,2,0,0,0,134,77,54,45
2026/02/03/15:27:57,6167.771484,0.901250,0.791806,0.901250,0.791806,34,20,29,16,0,0,0,0,135,77,54,45
2026/02/03/15:27:58,6168.771567,0.901250,0.791806,0.901250,0.791806,34,20,29,16,0,0,0,0,135,77,54,45
2026/02/03/15:27:59,6169.771689,0.887437,0.786470,0.887437,0.786470,33,20,29,16,0,0,0,0,136,77,54,45
2026/02/03/15:28:00,6170.771803,0.876437,0.778927,0.876437,0.778927,33,20,29,14,0,0,0,0,136,77,54,47
2026/02/03/15:28:01,6171.771886,0.876437,0.778927,0.876437,0.778927,33,20,29,14,0,0,0,0,136,77,54,47
2026/02/03/15:28:02,6172.772011,0.876437,0.778927,0.876437,0.778927,33,20,29,14,0,0,0,0,136,77,54,47
2026/02/03/15:28:03,6173.772134,0.876437,0.778927,0.876437,0.778927,33,20,29,14,0,0,0,0,136,77,54,47
2026/02/03/15:28:04,6174.772270,0.876437,0.778927,0.876437,0.778927,33,20,29,14,0,0,0,0,136,77,54,47
2026/02/03/15:28:05,6175.772427,0.876437,0.778927,0.876437,0.778927,33,20,29,14,0,0,0,0,136,77,54,47
2026/02/03/15:28:06,6176.772516,0.876437,0.778927,0.876437,0.778927,33,20,29,14,0,0,0,0,136,77,54,47
2026/02/03/15:28:07,6177.772633,0.876437,0.778927,0.876437,0.778927,33,20,29,14,0,0,0,0,136,77,54,47
2026/02/03/15:28:08,6178.772752,0.876437,0.778927,0.876437,0.778927,33,20,29,14,0,0,0,0,136,77,54,47
2026/02/03/15:28:09,6179.772874,0.876437,0.778927,0.876437,0.778927,33,20,29,14,0,0,0,0,136,77,54,47
2026/02/03/15:28:10,6180.772973,0.876437,0.778927,0.876437,0.778927,33,20,29,14,0,0,0,0,136,77,54,47
2026/02/03/15:28:11,6181.773080,0.876437,0.778927,0.876437,0.778927,33,20,29,14,0,0,0,0,136,77,54,47
2026/02/03/15:28:12,6182.773204,0.876437,0.778927,0.876437,0.778927,33,20,29,14,0,0,0,0,136,77,54,47
2026/02/03/15:28:13,6183.773311,0.876437,0.778927,0.876437,0.778927,33,20,29,14,0,0,0,0,136,77,54,47
2026/02/03/15:28:14,6184.773414,0.876437,0.778927,0.876437,0.778927,33,20,29,14,0,0,0,0,136,77,54,47
2026/02/03/15:28:15,6185.773518,0.876437,0.778927,0.876437,0.778927,33,20,29,14,0,0,0,0,136,77,54,47
2026/02/03/15:28:16,6186.773656,0.876437,0.778927,0.876437,0.778927,33,20,29,14,0,0,0,0,136,77,54,47
2026/02/03/15:28:17,6187.773781,0.863313,0.768108,0.863313,0.768108,33,17,29,14,0,0,0,0,136,80,54,47
2026/02/03/15:28:18,6188.773899,0.863313,0.768108,0.863313,0.768108,33,17,29,14,0,0,0,0,136,80,54,47
2026/02/03/15:28:19,6189.773997,0.863313,0.768108,0.863313,0.768108,33,17,29,14,0,0,0,0,136,80,54,47
2026/02/03/15:28:20,6190.774094,0.863313,0.768108,0.863313,0.768108,33,17,29,14,0,0,0,0,136,80,54,47
2026/02/03/15:28:21,6191.774235,0.863313,0.768108,0.863313,0.768108,33,17,29,14,0,0,0,0,136,80,54,47
2026/02/03/15:28:22,6192.774340,0.863313,0.768108,0.863313,0.768108,33,17,29,14,0,0,0,0,136,80,54,47
2026/02/03/15:28:23,6193.774447,0.863313,0.768108,0.863313,0.768108,33,17,29,14,0,0,0,0,136,80,54,47
2026/02/03/15:28:24,6194.774564,0.863313,0.768108,0.863313,0.768108,33,17,29,14,0,0,0,0,136,80,54,47
2026/02/03/15:28:25,6195.774752,0.863313,0.768108,0.863313,0.768108,33,17,29,14,0,0,0,0,136,80,54,47
2026/02/03/15:28:26,6196.774823,0.863313,0.768108,0.863313,0.768108,33,17,29,14,0,0,0,0,136,80,54,47
2026/02/03/15:28:27,6197.774936,0.863313,0.768108,0.863313,0.768108,33,17,29,14,0,0,0,0,136,80,54,47
2026/02/03/15:28:28,6198.775048,0.863313,0.768108,0.863313,0.768108,33,17,29,14,0,0,0,0,136,80,54,47
2026/02/03/15:28:29,6199.775164,0.863313,0.768108,0.863313,0.768108,33,17,29,14,0,0,0,0,136,80,54,47
2026/02/03/15:28:30,6200.775290,0.863313,0.768108,0.863313,0.768108,33,17,29,14,0,0,0,0,136,80,54,47
2026/02/03/15:28:31,6201.775403,0.863313,0.768108,0.863313,0.768108,33,17,29,14,0,0,0,0,136,80,54,47
2026/02/03/15:28:32,6202.775462,0.863313,0.768108,0.863313,0.768108,33,17,29,14,0,0,0,0,136,80,54,47
2026/02/03/15:28:33,6203.775569,0.863313,0.768108,0.863313,0.768108,33,17,29,14,0,0,0,0,136,80,54,47
2026/02/03/15:28:34,6204.775680,0.863313,0.768108,0.863313,0.768108,33,17,29,14,0,0,0,0,136,80,54,47
2026/02/03/15:28:35,6205.775785,0.863313,0.768108,0.863313,0.768108,33,17,29,14,0,0,0,0,136,80,54,47
2026/02/03/15:28:36,6206.775902,0.863313,0.768108,0.863313,0.768108,33,17,29,14,0,0,0,0,136,80,54,47
2026/02/03/15:28:37,6207.776016,0.863313,0.768108,0.863313,0.768108,33,17,29,14,0,0,0,0,136,80,54,47
2026/02/03/15:28:38,6208.776111,0.863313,0.768108,0.863313,0.768108,33,17,29,14,0,0,0,0,136,80,54,47
2026/02/03/15:28:39,6209.776263,0.863313,0.768108,0.863313,0.768108,33,17,29,14,0,0,0,0,136,80,54,47
2026/02/03/15:28:40,6210.776447,0.863313,0.768108,0.863313,0.768108,33,17,29,14,0,0,0,0,136,80,54,47
2026/02/03/15:28:41,6211.776548,0.863313,0.768108,0.863313,0.768108,33,17,29,14,0,0,0,0,136,80,54,47
2026/02/03/15:28:42,6212.782406,0.863313,0.768108,0.863313,0.768108,33,17,29,14,0,0,0,0,136,80,54,47
2026/02/03/15:28:43,6213.782514,0.863313,0.768108,0.863313,0.768108,33,17,29,14,0,0,0,0,136,80,54,47
2026/02/03/15:28:44,6214.782597,0.863313,0.768108,0.863313,0.768108,33,17,29,14,0,0,0,0,136,80,54,47
2026/02/03/15:28:45,6215.782737,0.863313,0.768108,0.863313,0.768108,33,17,29,14,0,0,0,0,136,80,54,47
2026/02/03/15:28:46,6216.782860,0.863313,0.768108,0.863313,0.768108,33,17,29,14,0,0,0,0,136,80,54,47
2026/02/03/15:28:47,6217.782988,0.863313,0.768108,0.863313,0.768108,33,17,29,14,0,0,0,0,136,80,54,47
2026/02/03/15:28:48,6218.783082,0.863313,0.768108,0.863313,0.768108,33,17,29,14,0,0,0,0,136,80,54,47
2026/02/03/15:28:49,6219.783179,0.863313,0.768108,0.863313,0.768108,33,17,29,14,0,0,0,0,136,80,54,47
2026/02/03/15:28:50,6220.783310,0.863313,0.768108,0.863313,0.768108,33,17,29,14,0,0,0,0,136,80,54,47
2026/02/03/15:28:51,6221.783444,0.849938,0.759188,0.849938,0.759188,33,17,27,14,0,0,0,0,136,80,56,47
2026/02/03/15:28:52,6222.783530,0.849938,0.759188,0.849938,0.759188,33,17,27,14,0,0,0,0,136,80,56,47
2026/02/03/15:28:53,6223.783636,0.849938,0.759188,0.849938,0.759188,33,17,27,14,0,0,0,0,136,80,56,47
2026/02/03/15:28:54,6224.783750,0.849938,0.759188,0.849938,0.759188,33,17,27,14,0,0,0,0,136,80,56,47
2026/02/03/15:28:55,6225.783841,0.849938,0.759188,0.849938,0.759188,33,17,27,14,0,0,0,0,136,80,56,47
2026/02/03/15:28:56,6226.783943,0.849938,0.759188,0.849938,0.759188,33,17,27,14,0,0,0,0,136,80,56,47
2026/02/03/15:28:57,6227.784050,0.849938,0.759188,0.849938,0.759188,33,17,27,14,0,0,0,0,136,80,56,47
2026/02/03/15:28:58,6228.784190,0.849938,0.759188,0.849938,0.759188,33,17,27,14,0,0,0,0,136,80,56,47
2026/02/03/15:28:59,6229.784308,0.849938,0.759188,0.849938,0.759188,33,17,27,14,0,0,0,0,136,80,56,47
2026/02/03/15:29:00,6230.784477,0.849938,0.759188,0.849938,0.759188,33,17,27,14,0,0,0,0,136,80,56,47
2026/02/03/15:29:01,6231.784564,0.849938,0.759188,0.849938,0.759188,33,17,27,14,0,0,0,0,136,80,56,47
2026/02/03/15:29:02,6232.784661,0.849938,0.759188,0.849938,0.759188,33,17,27,14,0,0,0,0,136,80,56,47
2026/02/03/15:29:03,6233.784739,0.849938,0.759188,0.849938,0.759188,33,17,27,14,0,0,0,0,136,80,56,47
2026/02/03/15:29:04,6234.784847,0.849938,0.759188,0.849938,0.759188,33,17,27,14,0,0,0,0,136,80,56,47
2026/02/03/15:29:05,6235.784940,0.849938,0.759188,0.849938,0.759188,33,17,27,14,0,0,0,0,136,80,56,47
2026/02/03/15:29:06,6236.785033,0.849938,0.759188,0.849938,0.759188,33,17,27,14,0,0,0,0,136,80,56,47
2026/02/03/15:29:07,6237.785136,0.849938,0.759188,0.849938,0.759188,33,17,27,14,0,0,0,0,136,80,56,47
2026/02/03/15:29:08,6238.785230,0.849938,0.759188,0.849938,0.759188,33,17,27,14,0,0,0,0,136,80,56,47
2026/02/03/15:29:09,6239.785397,0.849938,0.759188,0.849938,0.759188,33,17,27,14,0,0,0,0,136,80,56,47
2026/02/03/15:29:10,6240.785507,0.849938,0.759188,0.849938,0.759188,33,17,27,14,0,0,0,0,136,80,56,47
2026/02/03/15:29:11,6241.785616,0.849938,0.759188,0.849938,0.759188,33,17,27,14,0,0,0,0,136,80,56,47
2026/02/03/15:29:12,6242.785742,0.849938,0.759188,0.849938,0.759188,33,17,27,14,0,0,0,0,136,80,56,47
2026/02/03/15:29:13,6243.785826,0.849938,0.759188,0.849938,0.759188,33,17,27,14,0,0,0,0,136,80,56,47
2026/02/03/15:29:14,6244.785942,0.849938,0.759188,0.849938,0.759188,33,17,27,14,0,0,0,0,136,80,56,47
2026/02/03/15:29:15,6245.786039,0.849938,0.759188,0.849938,0.759188,33,17,27,14,0,0,0,0,136,80,56,47
2026/02/03/15:29:16,6246.786169,0.849938,0.759188,0.849938,0.759188,33,17,27,14,0,0,0,0,136,80,56,47
2026/02/03/15:29:17,6247.786270,0.849938,0.759188,0.849938,0.759188,33,17,27,14,0,0,0,0,136,80,56,47
2026/02/03/15:29:18,6248.786389,0.849938,0.759188,0.849938,0.759188,33,17,27,14,0,0,0,0,136,80,56,47
2026/02/03/15:29:19,6249.786489,0.849938,0.759188,0.849938,0.759188,33,17,27,14,0,0,0,0,136,80,56,47
2026/02/03/15:29:20,6250.786581,0.849938,0.759188,0.849938,0.759188,33,17,27,14,0,0,0,0,136,80,56,47
2026/02/03/15:29:21,6251.786711,0.849938,0.759188,0.849938,0.759188,33,17,27,14,0,0,0,0,136,80,56,47
2026/02/03/15:29:22,6252.786768,0.849938,0.759188,0.849938,0.759188,33,17,27,14,0,0,0,0,136,80,56,47
2026/02/03/15:29:23,6253.786892,0.849938,0.759188,0.849938,0.759188,33,17,27,14,0,0,0,0,136,80,56,47
2026/02/03/15:29:24,6254.787024,0.849938,0.759188,0.849938,0.759188,33,17,27,14,0,0,0,0,136,80,56,47
2026/02/03/15:29:25,6255.787177,0.849938,0.759188,0.849938,0.759188,33,17,27,14,0,0,0,0,136,80,56,47
2026/02/03/15:29:26,6256.787321,0.849938,0.759188,0.849938,0.759188,33,17,27,14,0,0,0,0,136,80,56,47
2026/02/03/15:29:27,6257.787418,0.849938,0.759188,0.849938,0.759188,33,17,27,14,0,0,0,0,136,80,56,47
2026/02/03/15:29:28,6258.787506,0.849938,0.759188,0.849938,0.759188,33,17,27,14,0,0,0,0,136,80,56,47
2026/02/03/15:29:29,6259.787684,0.849938,0.759188,0.849938,0.759188,33,17,27,14,0,0,0,0,136,80,56,47
2026/02/03/15:29:30,6260.787785,0.849938,0.759188,0.849938,0.759188,33,17,27,14,0,0,0,0,136,80,56,47
2026/02/03/15:29:31,6261.787874,0.900312,0.773025,0.900312,0.773025,35,17,27,14,0,0,0,0,136,80,56,47
2026/02/03/15:29:32,6262.787976,0.900312,0.773025,0.900312,0.773025,35,17,27,14,0,0,0,0,136,80,56,47
2026/02/03/15:29:33,6263.788061,0.849938,0.759188,0.849938,0.759188,33,17,27,14,0,0,0,0,138,80,56,47
2026/02/03/15:29:34,6264.788176,0.849938,0.759188,0.849938,0.759188,33,17,27,14,0,0,0,0,138,80,56,47
2026/02/03/15:29:35,6265.788269,0.849938,0.759188,0.849938,0.759188,33,17,27,14,0,0,0,0,138,80,56,47
2026/02/03/15:29:36,6266.788387,0.849938,0.759188,0.849938,0.759188,33,17,27,14,0,0,0,0,138,80,56,47
2026/02/03/15:29:37,6267.788416,0.845625,0.749491,0.845625,0.749491,32,17,27,14,0,0,0,0,139,80,56,47
2026/02/03/15:29:38,6268.788519,0.845625,0.749491,0.845625,0.749491,32,17,27,14,0,0,0,0,139,80,56,47
2026/02/03/15:29:39,6269.788665,0.845625,0.749491,0.845625,0.749491,32,17,27,14,0,0,0,0,139,80,56,47
2026/02/03/15:29:40,6270.788762,0.845625,0.749491,0.845625,0.749491,32,17,27,14,0,0,0,0,139,80,56,47
2026/02/03/15:29:41,6271.788862,0.845625,0.749491,0.845625,0.749491,32,17,27,14,0,0,0,0,139,80,56,47
2026/02/03/15:29:42,6272.788951,0.845625,0.749491,0.845625,0.749491,32,17,27,14,0,0,0,0,139,80,56,47
2026/02/03/15:29:43,6273.789056,0.845625,0.749491,0.845625,0.749491,32,17,27,14,0,0,0,0,139,80,56,47
2026/02/03/15:29:44,6274.789182,0.845625,0.749491,0.845625,0.749491,32,17,27,14,0,0,0,0,139,80,56,47
2026/02/03/15:29:45,6275.789271,0.845625,0.749491,0.845625,0.749491,32,17,27,14,0,0,0,0,139,80,56,47
2026/02/03/15:29:46,6276.789439,0.845625,0.749491,0.845625,0.749491,32,17,27,14,0,0,0,0,139,80,56,47
2026/02/03/15:29:47,6277.789517,0.845625,0.749491,0.845625,0.749491,32,17,27,14,0,0,0,0,139,80,56,47
2026/02/03/15:29:48,6278.789619,0.845625,0.749491,0.845625,0.749491,32,17,27,14,0,0,0,0,139,80,56,47
2026/02/03/15:29:49,6279.789713,0.845625,0.749491,0.845625,0.749491,32,17,27,14,0,0,0,0,139,80,56,47
2026/02/03/15:29:50,6280.789809,0.845625,0.749491,0.845625,0.749491,32,17,27,14,0,0,0,0,139,80,56,47
2026/02/03/15:29:51,6281.789900,0.845625,0.749491,0.845625,0.749491,32,17,27,14,0,0,0,0,139,80,56,47
2026/02/03/15:29:52,6282.790000,0.845625,0.749491,0.845625,0.749491,32,17,27,14,0,0,0,0,139,80,56,47
2026/02/03/15:29:53,6283.790097,0.845625,0.749491,0.845625,0.749491,32,17,27,14,0,0,0,0,139,80,56,47
2026/02/03/15:29:54,6284.790209,0.845625,0.749491,0.845625,0.749491,32,17,27,14,0,0,0,0,139,80,56,47
2026/02/03/15:29:55,6285.790292,0.845625,0.749491,0.845625,0.749491,32,17,27,14,0,0,0,0,139,80,56,47
2026/02/03/15:29:56,6286.790382,0.845625,0.749491,0.845625,0.749491,32,17,27,14,0,0,0,0,139,80,56,47
2026/02/03/15:29:57,6287.790473,0.845625,0.749491,0.845625,0.749491,32,17,27,14,0,0,0,0,139,80,56,47
2026/02/03/15:29:58,6288.790580,0.845625,0.749491,0.845625,0.749491,32,17,27,14,0,0,0,0,139,80,56,47
2026/02/03/15:29:59,6289.790657,0.845625,0.749491,0.845625,0.749491,32,17,27,14,0,0,0,0,139,80,56,47
2026/02/03/15:30:00,6290.790740,0.845625,0.749491,0.845625,0.749491,32,17,27,14,0,0,0,0,139,80,56,47
2026/02/03/15:30:01,6291.790825,0.845625,0.749491,0.845625,0.749491,32,17,27,14,0,0,0,0,139,80,56,47
2026/02/03/15:30:02,6292.790921,0.845625,0.749491,0.845625,0.749491,32,17,27,14,0,0,0,0,139,80,56,47
2026/02/03/15:30:03,6293.791004,0.845625,0.749491,0.845625,0.749491,32,17,27,14,0,0,0,0,139,80,56,47
2026/02/03/15:30:04,6294.791118,0.845625,0.749491,0.845625,0.749491,32,17,27,14,0,0,0,0,139,80,56,47
2026/02/03/15:30:05,6295.791196,0.845625,0.749491,0.845625,0.749491,32,17,27,14,0,0,0,0,139,80,56,47
2026/02/03/15:30:06,6296.791281,0.845625,0.749491,0.845625,0.749491,32,17,27,14,0,0,0,0,139,80,56,47
2026/02/03/15:30:07,6297.791381,0.845625,0.749491,0.845625,0.749491,32,17,27,14,0,0,0,0,139,80,56,47
2026/02/03/15:30:08,6298.791466,0.845625,0.749491,0.845625,0.749491,32,17,27,14,0,0,0,0,139,80,56,47
2026/02/03/15:30:09,6299.791562,0.845625,0.749491,0.845625,0.749491,32,17,27,14,0,0,0,0,139,80,56,47
2026/02/03/15:30:10,6300.791670,0.845625,0.749491,0.845625,0.749491,32,17,27,14,0,0,0,0,139,80,56,47
2026/02/03/15:30:11,6301.791759,0.845625,0.749491,0.845625,0.749491,32,17,27,14,0,0,0,0,139,80,56,47
2026/02/03/15:30:12,6302.791842,0.845625,0.749491,0.845625,0.749491,32,17,27,14,0,0,0,0,139,80,56,47
2026/02/03/15:30:13,6303.791955,0.845625,0.749491,0.845625,0.749491,32,17,27,14,0,0,0,0,139,80,56,47
2026/02/03/15:30:14,6304.792049,0.845625,0.749491,0.845625,0.749491,32,17,27,14,0,0,0,0,139,80,56,47
2026/02/03/15:30:15,6305.792123,0.845625,0.749491,0.845625,0.749491,32,17,27,14,0,0,0,0,139,80,56,47
2026/02/03/15:30:16,6306.792225,0.845625,0.749491,0.845625,0.749491,32,17,27,14,0,0,0,0,139,80,56,47
2026/02/03/15:30:17,6307.792302,0.845625,0.749491,0.845625,0.749491,32,17,27,14,0,0,0,0,139,80,56,47
2026/02/03/15:30:18,6308.792406,0.845625,0.749491,0.845625,0.749491,32,17,27,14,0,0,0,0,139,80,56,47
2026/02/03/15:30:19,6309.792518,0.845625,0.749491,0.845625,0.749491,32,17,27,14,0,0,0,0,139,80,56,47
2026/02/03/15:30:20,6310.792619,0.845625,0.749491,0.845625,0.749491,32,17,27,14,0,0,0,0,139,80,56,47
2026/02/03/15:30:21,6311.792715,0.845625,0.749491,0.845625,0.749491,32,17,27,14,0,0,0,0,139,80,56,47
2026/02/03/15:30:22,6312.792788,0.845625,0.749491,0.845625,0.749491,32,17,27,14,0,0,0,0,139,80,56,47
2026/02/03/15:30:23,6313.792876,0.845625,0.749491,0.845625,0.749491,32,17,27,14,0,0,0,0,139,80,56,47
2026/02/03/15:30:24,6314.792963,0.845625,0.749491,0.845625,0.749491,32,17,27,14,0,0,0,0,139,80,56,47
2026/02/03/15:30:25,6315.793065,0.845625,0.749491,0.845625,0.749491,32,17,27,14,0,0,0,0,139,80,56,47
2026/02/03/15:30:26,6316.793173,0.845625,0.749491,0.845625,0.749491,32,17,27,14,0,0,0,0,139,80,56,47
2026/02/03/15:30:27,6317.793262,0.845625,0.749491,0.845625,0.749491,32,17,27,14,0,0,0,0,139,80,56,47
2026/02/03/15:30:28,6318.793337,0.845625,0.749491,0.845625,0.749491,32,17,27,14,0,0,0,0,139,80,56,47
2026/02/03/15:30:29,6319.793408,0.845625,0.749491,0.845625,0.749491,32,17,27,14,0,0,0,0,139,80,56,47
2026/02/03/15:30:30,6320.793513,0.845625,0.749491,0.845625,0.749491,32,17,27,14,0,0,0,0,139,80,56,47
2026/02/03/15:30:31,6321.793597,0.845625,0.749491,0.845625,0.749491,32,17,27,14,0,0,0,0,139,80,56,47
2026/02/03/15:30:32,6322.793698,0.845625,0.749491,0.845625,0.749491,32,17,27,14,0,0,0,0,139,80,56,47
2026/02/03/15:30:33,6323.793783,0.845625,0.749491,0.845625,0.749491,32,17,27,14,0,0,0,0,139,80,56,47
2026/02/03/15:30:34,6324.793902,0.845625,0.749491,0.845625,0.749491,32,17,27,14,0,0,0,0,139,80,56,47
2026/02/03/15:30:35,6325.793989,0.845625,0.749491,0.845625,0.749491,32,17,27,14,0,0,0,0,139,80,56,47
2026/02/03/15:30:36,6326.794071,0.845625,0.749491,0.845625,0.749491,32,17,27,14,0,0,0,0,139,80,56,47
2026/02/03/15:30:37,6327.794172,0.845625,0.749491,0.845625,0.749491,32,17,27,14,0,0,0,0,139,80,56,47
2026/02/03/15:30:38,6328.794260,0.845625,0.749491,0.845625,0.749491,32,17,27,14,0,0,0,0,139,80,56,47
2026/02/03/15:30:39,6329.794363,0.845625,0.749491,0.845625,0.749491,32,17,27,14,0,0,0,0,139,80,56,47
2026/02/03/15:30:40,6330.794420,0.845625,0.749491,0.845625,0.749491,32,17,27,14,0,0,0,0,139,80,56,47
2026/02/03/15:30:41,6331.794519,0.845625,0.749491,0.845625,0.749491,32,17,27,14,0,0,0,0,139,80,56,47
2026/02/03/15:30:42,6332.794612,0.845625,0.749491,0.845625,0.749491,32,17,27,14,0,0,0,0,139,80,56,47
2026/02/03/15:30:43,6333.794736,0.845625,0.749491,0.845625,0.749491,32,17,27,14,0,0,0,0,139,80,56,47
2026/02/03/15:30:44,6334.794806,0.845625,0.749491,0.845625,0.749491,32,17,27,14,0,0,0,0,139,80,56,47
2026/02/03/15:30:45,6335.794903,0.845625,0.749491,0.845625,0.749491,32,17,27,14,0,0,0,0,139,80,56,47
2026/02/03/15:30:46,6336.794979,0.845625,0.749491,0.845625,0.749491,32,17,27,14,0,0,0,0,139,80,56,47
2026/02/03/15:30:47,6337.795088,0.845625,0.749491,0.845625,0.749491,32,17,27,14,0,0,0,0,139,80,56,47
2026/02/03/15:30:48,6338.795180,0.845625,0.749491,0.845625,0.749491,32,17,27,14,0,0,0,0,139,80,56,47
2026/02/03/15:30:49,6339.795267,0.845625,0.749491,0.845625,0.749491,32,17,27,14,0,0,0,0,139,80,56,47
2026/02/03/15:30:50,6340.795379,0.845625,0.749491,0.845625,0.749491,32,17,27,14,0,0,0,0,139,80,56,47
2026/02/03/15:30:51,6341.795428,0.845625,0.749491,0.845625,0.749491,32,17,27,14,0,0,0,0,139,80,56,47
2026/02/03/15:30:52,6342.795495,0.845625,0.749491,0.845625,0.749491,32,17,27,14,0,0,0,0,139,80,56,47
2026/02/03/15:30:53,6343.795574,0.845625,0.749491,0.845625,0.749491,32,17,27,14,0,0,0,0,139,80,56,47
2026/02/03/15:30:54,6344.796436,0.845625,0.749491,0.845625,0.749491,32,17,27,14,0,0,0,0,139,80,56,47
2026/02/03/15:30:55,6345.796531,0.845625,0.749491,0.845625,0.749491,32,17,27,14,0,0,0,0,139,80,56,47
2026/02/03/15:30:56,6346.796610,0.845625,0.749491,0.845625,0.749491,32,17,27,14,0,0,0,0,139,80,56,47
2026/02/03/15:30:57,6347.796698,0.845625,0.749491,0.845625,0.749491,32,17,27,14,0,0,0,0,139,80,56,47
2026/02/03/15:30:58,6348.796784,0.845625,0.749491,0.845625,0.749491,32,17,27,14,0,0,0,0,139,80,56,47
2026/02/03/15:30:59,6349.796866,0.845625,0.749491,0.845625,0.749491,32,17,27,14,0,0,0,0,139,80,56,47
2026/02/03/15:31:00,6350.796955,0.845625,0.749491,0.845625,0.749491,32,17,27,14,0,0,0,0,139,80,56,47
2026/02/03/15:31:01,6351.797060,0.845625,0.749491,0.845625,0.749491,32,17,27,14,0,0,0,0,139,80,56,47
2026/02/03/15:31:02,6352.797189,0.845625,0.749491,0.845625,0.749491,32,17,27,14,0,0,0,0,139,80,56,47
2026/02/03/15:31:03,6353.797274,0.845625,0.749491,0.845625,0.749491,32,17,27,14,0,0,0,0,139,80,56,47
2026/02/03/15:31:04,6354.797381,0.845625,0.749491,0.845625,0.749491,32,17,27,14,0,0,0,0,139,80,56,47
2026/02/03/15:31:05,6355.797467,0.845625,0.749491,0.845625,0.749491,32,17,27,14,0,0,0,0,139,80,56,47
2026/02/03/15:31:06,6356.797580,0.845625,0.749491,0.845625,0.749491,32,17,27,14,0,0,0,0,139,80,56,47
2026/02/03/15:31:07,6357.797684,0.845625,0.749491,0.845625,0.749491,32,17,27,14,0,0,0,0,139,80,56,47
2026/02/03/15:31:08,6358.797764,0.845625,0.749491,0.845625,0.749491,32,17,27,14,0,0,0,0,139,80,56,47
2026/02/03/15:31:09,6359.797865,0.845625,0.749491,0.845625,0.749491,32,17,27,14,0,0,0,0,139,80,56,47
2026/02/03/15:31:10,6360.797940,0.845625,0.749491,0.845625,0.749491,32,17,27,14,0,0,0,0,139,80,56,47
2026/02/03/15:31:11,6361.798042,0.845625,0.749491,0.845625,0.749491,32,17,27,14,0,0,0,0,139,80,56,47
2026/02/03/15:31:12,6362.798122,0.845625,0.749491,0.845625,0.749491,32,17,27,14,0,0,0,0,139,80,56,47
2026/02/03/15:31:13,6363.798199,0.845625,0.749491,0.845625,0.749491,32,17,27,14,0,0,0,0,139,80,56,47
2026/02/03/15:31:14,6364.798292,0.845625,0.749491,0.845625,0.749491,32,17,27,14,0,0,0,0,139,80,56,47
2026/02/03/15:31:15,6365.798395,0.845625,0.749491,0.845625,0.749491,32,17,27,14,0,0,0,0,139,80,56,47
2026/02/03/15:31:16,6366.798495,0.845625,0.749491,0.845625,0.749491,32,17,27,14,0,0,0,0,139,80,56,47
2026/02/03/15:31:17,6367.798572,0.845625,0.749491,0.845625,0.749491,32,17,27,14,0,0,0,0,139,80,56,47
2026/02/03/15:31:18,6368.798672,0.845625,0.749491,0.845625,0.749491,32,17,27,14,0,0,0,0,139,80,56,47
2026/02/03/15:31:19,6369.798751,0.845625,0.749491,0.845625,0.749491,32,17,27,14,0,0,0,0,139,80,56,47
2026/02/03/15:31:20,6370.798839,0.845625,0.749491,0.845625,0.749491,32,17,27,14,0,0,0,0,139,80,56,47
2026/02/03/15:31:21,6371.798924,0.845625,0.749491,0.845625,0.749491,32,17,27,14,0,0,0,0,139,80,56,47
2026/02/03/15:31:22,6372.799031,0.845625,0.749491,0.845625,0.749491,32,17,27,14,0,0,0,0,139,80,56,47
2026/02/03/15:31:23,6373.799112,0.845625,0.749491,0.845625,0.749491,32,17,27,14,0,0,0,0,139,80,56,47
2026/02/03/15:31:24,6374.799194,0.845625,0.749491,0.845625,0.749491,32,17,27,14,0,0,0,0,139,80,56,47
2026/02/03/15:31:25,6375.799277,0.845625,0.749491,0.845625,0.749491,32,17,27,14,0,0,0,0,139,80,56,47
2026/02/03/15:31:26,6376.799372,0.845625,0.749491,0.845625,0.749491,32,17,27,14,0,0,0,0,139,80,56,47
2026/02/03/15:31:27,6377.799470,0.845625,0.749491,0.845625,0.749491,32,17,27,14,0,0,0,0,139,80,56,47
2026/02/03/15:31:28,6378.799577,0.845625,0.749491,0.845625,0.749491,32,17,27,14,0,0,0,0,139,80,56,47
2026/02/03/15:31:29,6379.799676,0.845625,0.749491,0.845625,0.749491,32,17,27,14,0,0,0,0,139,80,56,47
2026/02/03/15:31:30,6380.799783,0.845625,0.749491,0.845625,0.749491,32,17,27,14,0,0,0,0,139,80,56,47
2026/02/03/15:31:31,6381.799871,0.845625,0.749491,0.845625,0.749491,32,17,27,14,0,0,0,0,139,80,56,47
2026/02/03/15:31:32,6382.799968,0.845625,0.749491,0.845625,0.749491,32,17,27,14,0,0,0,0,139,80,56,47
2026/02/03/15:31:33,6383.800068,0.845625,0.749491,0.845625,0.749491,32,17,27,14,0,0,0,0,139,80,56,47
2026/02/03/15:31:34,6384.800167,0.845625,0.749491,0.845625,0.749491,32,17,27,14,0,0,0,0,139,80,56,47
2026/02/03/15:31:35,6385.800257,0.845625,0.749491,0.845625,0.749491,32,17,27,14,0,0,0,0,139,80,56,47
2026/02/03/15:31:36,6386.800339,0.845625,0.749491,0.845625,0.749491,32,17,27,14,0,0,0,0,139,80,56,47
2026/02/03/15:31:37,6387.800419,0.845625,0.749491,0.845625,0.749491,32,17,27,14,0,0,0,0,139,80,56,47
2026/02/03/15:31:38,6388.800502,0.845625,0.749491,0.845625,0.749491,32,17,27,14,0,0,0,0,139,80,56,47
2026/02/03/15:31:39,6389.800606,0.845625,0.749491,0.845625,0.749491,32,17,27,14,0,0,0,0,139,80,56,47
2026/02/03/15:31:40,6390.800688,0.845625,0.749491,0.845625,0.749491,32,17,27,14,0,0,0,0,139,80,56,47
2026/02/03/15:31:41,6391.800770,0.845625,0.749491,0.845625,0.749491,32,17,27,14,0,0,0,0,139,80,56,47
2026/02/03/15:31:42,6392.800875,0.845625,0.749491,0.845625,0.749491,32,17,27,14,0,0,0,0,139,80,56,47
2026/02/03/15:31:43,6393.800975,0.845625,0.749491,0.845625,0.749491,32,17,27,14,0,0,0,0,139,80,56,47
2026/02/03/15:31:44,6394.801056,0.845625,0.749491,0.845625,0.749491,32,17,27,14,0,0,0,0,139,80,56,47
2026/02/03/15:31:45,6395.801143,0.845625,0.749491,0.845625,0.749491,32,17,27,14,0,0,0,0,139,80,56,47
2026/02/03/15:31:46,6396.801231,0.845625,0.749491,0.845625,0.749491,32,17,27,14,0,0,0,0,139,80,56,47
2026/02/03/15:31:47,6397.801332,0.845625,0.749491,0.845625,0.749491,32,17,27,14,0,0,0,0,139,80,56,47
2026/02/03/15:31:48,6398.801424,0.845625,0.749491,0.845625,0.749491,32,17,27,14,0,0,0,0,139,80,56,47
2026/02/03/15:31:49,6399.801505,0.845625,0.749491,0.845625,0.749491,32,17,27,14,0,0,0,0,139,80,56,47
2026/02/03/15:31:50,6400.801583,0.845625,0.749491,0.845625,0.749491,32,17,27,14,0,0,0,0,139,80,56,47
2026/02/03/15:31:51,6401.801668,0.845625,0.749491,0.845625,0.749491,32,17,27,14,0,0,0,0,139,80,56,47
2026/02/03/15:31:52,6402.801752,0.845625,0.749491,0.845625,0.749491,32,17,27,14,0,0,0,0,139,80,56,47
2026/02/03/15:31:53,6403.801851,0.845625,0.749491,0.845625,0.749491,32,17,27,14,0,0,0,0,139,80,56,47
2026/02/03/15:31:54,6404.801948,0.845625,0.749491,0.845625,0.749491,32,17,27,14,0,0,0,0,139,80,56,47
2026/02/03/15:31:55,6405.802051,0.845625,0.749491,0.845625,0.749491,32,17,27,14,0,0,0,0,139,80,56,47
2026/02/03/15:31:56,6406.802111,0.845625,0.749491,0.845625,0.749491,32,17,27,14,0,0,0,0,139,80,56,47
2026/02/03/15:31:57,6407.802227,0.845625,0.749491,0.845625,0.749491,32,17,27,14,0,0,0,0,139,80,56,47
2026/02/03/15:31:58,6408.802291,0.845625,0.749491,0.845625,0.749491,32,17,27,14,0,0,0,0,139,80,56,47
2026/02/03/15:31:59,6409.802385,0.845625,0.749491,0.845625,0.749491,32,17,27,14,0,0,0,0,139,80,56,47
2026/02/03/15:32:00,6410.802478,0.845625,0.749491,0.845625,0.749491,32,17,27,14,0,0,0,0,139,80,56,47
2026/02/03/15:32:01,6411.802598,0.845625,0.749491,0.845625,0.749491,32,17,27,14,0,0,0,0,139,80,56,47
2026/02/03/15:32:02,6412.802650,0.845625,0.749491,0.845625,0.749491,32,17,27,14,0,0,0,0,139,80,56,47
2026/02/03/15:32:03,6413.802740,0.845625,0.749491,0.845625,0.749491,32,17,27,14,0,0,0,0,139,80,56,47
2026/02/03/15:32:04,6414.802843,0.845625,0.749491,0.845625,0.749491,32,17,27,14,0,0,0,0,139,80,56,47
2026/02/03/15:32:05,6415.802922,0.845625,0.749491,0.845625,0.749491,32,17,27,14,0,0,0,0,139,80,56,47
2026/02/03/15:32:06,6416.803011,0.845625,0.749491,0.845625,0.749491,32,17,27,14,0,0,0,0,139,80,56,47
2026/02/03/15:32:07,6417.803089,0.845625,0.749491,0.845625,0.749491,32,17,27,14,0,0,0,0,139,80,56,47
2026/02/03/15:32:08,6418.803174,0.845625,0.749491,0.845625,0.749491,32,17,27,14,0,0,0,0,139,80,56,47
2026/02/03/15:32:09,6419.803254,0.845625,0.749491,0.845625,0.749491,32,17,27,14,0,0,0,0,139,80,56,47
2026/02/03/15:32:10,6420.803353,0.845625,0.749491,0.845625,0.749491,32,17,27,14,0,0,0,0,139,80,56,47
2026/02/03/15:32:11,6421.803482,0.845625,0.749491,0.845625,0.749491,32,17,27,14,0,0,0,0,139,80,56,47
2026/02/03/15:32:12,6422.803620,0.845625,0.749491,0.845625,0.749491,32,17,27,14,0,0,0,0,139,80,56,47
2026/02/03/15:32:13,6423.803703,0.845625,0.749491,0.845625,0.749491,32,17,27,14,0,0,0,0,139,80,56,47
2026/02/03/15:32:14,6424.803799,0.845625,0.749491,0.845625,0.749491,32,17,27,14,0,0,0,0,139,80,56,47
2026/02/03/15:32:15,6425.803878,0.845625,0.749491,0.845625,0.749491,32,17,27,14,0,0,0,0,139,80,56,47
2026/02/03/15:32:16,6426.804017,0.845625,0.749491,0.845625,0.749491,32,17,27,14,0,0,0,0,139,80,56,47
2026/02/03/15:32:17,6427.804102,0.845625,0.749491,0.845625,0.749491,32,17,27,14,0,0,0,0,139,80,56,47
2026/02/03/15:32:18,6428.804245,0.845625,0.749491,0.845625,0.749491,32,17,27,14,0,0,0,0,139,80,56,47
2026/02/03/15:32:19,6429.804329,0.845625,0.749491,0.845625,0.749491,32,17,27,14,0,0,0,0,139,80,56,47
2026/02/03/15:32:20,6430.804425,0.845625,0.749491,0.845625,0.749491,32,17,27,14,0,0,0,0,139,80,56,47
2026/02/03/15:32:21,6431.804519,0.845625,0.749491,0.845625,0.749491,32,17,27,14,0,0,0,0,139,80,56,47
2026/02/03/15:32:22,6432.804590,0.845625,0.749491,0.845625,0.749491,32,17,27,14,0,0,0,0,139,80,56,47
2026/02/03/15:32:23,6433.804682,0.845625,0.749491,0.845625,0.749491,32,17,27,14,0,0,0,0,139,80,56,47
2026/02/03/15:32:24,6434.804817,0.845625,0.749491,0.845625,0.749491,32,17,27,14,0,0,0,0,139,80,56,47
2026/02/03/15:32:25,6435.804904,0.845625,0.749491,0.845625,0.749491,32,17,27,14,0,0,0,0,139,80,56,47
2026/02/03/15:32:26,6436.805046,0.845625,0.749491,0.845625,0.749491,32,17,27,14,0,0,0,0,139,80,56,47
2026/02/03/15:32:27,6437.805185,0.845625,0.749491,0.845625,0.749491,32,17,27,14,0,0,0,0,139,80,56,47
2026/02/03/15:32:28,6438.805325,0.845625,0.749491,0.845625,0.749491,32,17,27,14,0,0,0,0,139,80,56,47
2026/02/03/15:32:29,6439.805460,0.845625,0.749491,0.845625,0.749491,32,17,27,14,0,0,0,0,139,80,56,47
2026/02/03/15:32:30,6440.805560,0.845625,0.749491,0.845625,0.749491,32,17,27,14,0,0,0,0,139,80,56,47
2026/02/03/15:32:31,6441.805701,0.845625,0.749491,0.845625,0.749491,32,17,27,14,0,0,0,0,139,80,56,47
2026/02/03/15:32:32,6442.805845,0.845625,0.749491,0.845625,0.749491,32,17,27,14,0,0,0,0,139,80,56,47
2026/02/03/15:32:33,6443.805984,0.845625,0.749491,0.845625,0.749491,32,17,27,14,0,0,0,0,139,80,56,47
2026/02/03/15:32:34,6444.806096,0.845625,0.749491,0.845625,0.749491,32,17,27,14,0,0,0,0,139,80,56,47
2026/02/03/15:32:35,6445.806157,0.845625,0.749491,0.845625,0.749491,32,17,27,14,0,0,0,0,139,80,56,47
2026/02/03/15:32:36,6446.806307,0.845625,0.749491,0.845625,0.749491,32,17,27,14,0,0,0,0,139,80,56,47
2026/02/03/15:32:37,6447.806452,0.845625,0.749491,0.845625,0.749491,32,17,27,14,0,0,0,0,139,80,56,47
2026/02/03/15:32:38,6448.806537,0.845625,0.749491,0.845625,0.749491,32,17,27,14,0,0,0,0,139,80,56,47
2026/02/03/15:32:39,6449.806617,0.845625,0.749491,0.845625,0.749491,32,17,27,14,0,0,0,0,139,80,56,47
2026/02/03/15:32:40,6450.806696,0.845625,0.749491,0.845625,0.749491,32,17,27,14,0,0,0,0,139,80,56,47
2026/02/03/15:32:41,6451.806878,0.845625,0.749491,0.845625,0.749491,32,17,27,14,0,0,0,0,139,80,56,47
2026/02/03/15:32:42,6452.806943,0.845625,0.749491,0.845625,0.749491,32,17,27,14,0,0,0,0,139,80,56,47
2026/02/03/15:32:43,6453.807082,0.845625,0.749491,0.845625,0.749491,32,17,27,14,0,0,0,0,139,80,56,47
2026/02/03/15:32:44,6454.807245,0.845625,0.749491,0.845625,0.749491,32,17,27,14,0,0,0,0,139,80,56,47
2026/02/03/15:32:45,6455.807412,0.845625,0.749491,0.845625,0.749491,32,17,27,14,0,0,0,0,139,80,56,47
2026/02/03/15:32:46,6456.807485,0.845625,0.749491,0.845625,0.749491,32,17,27,14,0,0,0,0,139,80,56,47
2026/02/03/15:32:47,6457.807641,0.845625,0.749491,0.845625,0.749491,32,17,27,14,0,0,0,0,139,80,56,47
2026/02/03/15:32:48,6458.807753,0.845625,0.749491,0.845625,0.749491,32,17,27,14,0,0,0,0,139,80,56,47
2026/02/03/15:32:49,6459.807821,0.845625,0.749491,0.845625,0.749491,32,17,27,14,0,0,0,0,139,80,56,47
2026/02/03/15:32:50,6460.807907,0.845625,0.749491,0.845625,0.749491,32,17,27,14,0,0,0,0,139,80,56,47
2026/02/03/15:32:51,6461.808002,0.845625,0.749491,0.845625,0.749491,32,17,27,14,0,0,0,0,139,80,56,47
2026/02/03/15:32:52,6462.808084,0.845625,0.749491,0.845625,0.749491,32,17,27,14,0,0,0,0,139,80,56,47
2026/02/03/15:32:53,6463.808232,0.845625,0.749491,0.845625,0.749491,32,17,27,14,0,0,0,0,139,80,56,47
2026/02/03/15:32:54,6464.808328,0.845625,0.749491,0.845625,0.749491,32,17,27,14,0,0,0,0,139,80,56,47
2026/02/03/15:32:55,6465.808414,0.845625,0.749491,0.845625,0.749491,32,17,27,14,0,0,0,0,139,80,56,47
2026/02/03/15:32:56,6466.808495,0.845625,0.749491,0.845625,0.749491,32,17,27,14,0,0,0,0,139,80,56,47
2026/02/03/15:32:57,6467.808615,0.845625,0.749491,0.845625,0.749491,32,17,27,14,0,0,0,0,139,80,56,47
2026/02/03/15:32:58,6468.808717,0.845625,0.749491,0.845625,0.749491,32,17,27,14,0,0,0,0,139,80,56,47
2026/02/03/15:32:59,6469.808831,0.845625,0.749491,0.845625,0.749491,32,17,27,14,0,0,0,0,139,80,56,47
2026/02/03/15:33:00,6470.808929,0.845625,0.749491,0.845625,0.749491,32,17,27,14,0,0,0,0,139,80,56,47
2026/02/03/15:33:01,6471.809004,0.845625,0.749491,0.845625,0.749491,32,17,27,14,0,0,0,0,139,80,56,47
2026/02/03/15:33:02,6472.809109,0.845625,0.749491,0.845625,0.749491,32,17,27,14,0,0,0,0,139,80,56,47
2026/02/03/15:33:03,6473.809224,0.845625,0.749491,0.845625,0.749491,32,17,27,14,0,0,0,0,139,80,56,47
2026/02/03/15:33:04,6474.809317,0.845625,0.749491,0.845625,0.749491,32,17,27,14,0,0,0,0,139,80,56,47
2026/02/03/15:33:05,6475.809391,0.845625,0.749491,0.845625,0.749491,32,17,27,14,0,0,0,0,139,80,56,47
2026/02/03/15:33:06,6476.809537,0.845625,0.749491,0.845625,0.749491,32,17,27,14,0,0,0,0,139,80,56,47
2026/02/03/15:33:07,6477.809622,0.845625,0.749491,0.845625,0.749491,32,17,27,14,0,0,0,0,139,80,56,47
2026/02/03/15:33:08,6478.809721,0.845625,0.749491,0.845625,0.749491,32,17,27,14,0,0,0,0,139,80,56,47
2026/02/03/15:33:09,6479.809858,0.845625,0.749491,0.845625,0.749491,32,17,27,14,0,0,0,0,139,80,56,47
2026/02/03/15:33:10,6480.809950,0.845625,0.749491,0.845625,0.749491,32,17,27,14,0,0,0,0,139,80,56,47
2026/02/03/15:33:11,6481.810056,0.845625,0.749491,0.845625,0.749491,32,17,27,14,0,0,0,0,139,80,56,47
2026/02/03/15:33:12,6482.810189,0.845625,0.749491,0.845625,0.749491,32,17,27,14,0,0,0,0,139,80,56,47
2026/02/03/15:33:13,6483.810326,0.845625,0.749491,0.845625,0.749491,32,17,27,14,0,0,0,0,139,80,56,47
2026/02/03/15:33:14,6484.810405,0.845625,0.749491,0.845625,0.749491,32,17,27,14,0,0,0,0,139,80,56,47
2026/02/03/15:33:15,6485.810494,0.845625,0.749491,0.845625,0.749491,32,17,27,14,0,0,0,0,139,80,56,47
2026/02/03/15:33:16,6486.810643,0.845625,0.749491,0.845625,0.749491,32,17,27,14,0,0,0,0,139,80,56,47
2026/02/03/15:33:17,6487.810717,0.845625,0.749491,0.845625,0.749491,32,17,27,14,0,0,0,0,139,80,56,47
2026/02/03/15:33:18,6488.810869,0.845625,0.749491,0.845625,0.749491,32,17,27,14,0,0,0,0,139,80,56,47
2026/02/03/15:33:19,6489.811016,0.845625,0.749491,0.845625,0.749491,32,17,27,14,0,0,0,0,139,80,56,47
2026/02/03/15:33:20,6490.811104,0.845625,0.749491,0.845625,0.749491,32,17,27,14,0,0,0,0,139,80,56,47
2026/02/03/15:33:21,6491.811246,0.845625,0.749491,0.845625,0.749491,32,17,27,14,0,0,0,0,139,80,56,47
2026/02/03/15:33:22,6492.811373,0.845625,0.749491,0.845625,0.749491,32,17,27,14,0,0,0,0,139,80,56,47
2026/02/03/15:33:23,6493.811410,0.845625,0.749491,0.845625,0.749491,32,17,27,14,0,0,0,0,139,80,56,47
2026/02/03/15:33:24,6494.811552,0.845625,0.749491,0.845625,0.749491,32,17,27,14,0,0,0,0,139,80,56,47
2026/02/03/15:33:25,6495.811678,0.845625,0.749491,0.845625,0.749491,32,17,27,14,0,0,0,0,139,80,56,47
2026/02/03/15:33:26,6496.811744,0.845625,0.749491,0.845625,0.749491,32,17,27,14,0,0,0,0,139,80,56,47
2026/02/03/15:33:27,6497.811877,0.845625,0.749491,0.845625,0.749491,32,17,27,14,0,0,0,0,139,80,56,47
2026/02/03/15:33:28,6498.812022,0.845625,0.749491,0.845625,0.749491,32,17,27,14,0,0,0,0,139,80,56,47
2026/02/03/15:33:29,6499.812103,0.845625,0.749491,0.845625,0.749491,32,17,27,14,0,0,0,0,139,80,56,47
2026/02/03/15:33:30,6500.812195,0.845625,0.749491,0.845625,0.749491,32,17,27,14,0,0,0,0,139,80,56,47
2026/02/03/15:33:31,6501.812310,0.845625,0.749491,0.845625,0.749491,32,17,27,14,0,0,0,0,139,80,56,47
2026/02/03/15:33:32,6502.812385,0.845625,0.749491,0.845625,0.749491,32,17,27,14,0,0,0,0,139,80,56,47
2026/02/03/15:33:33,6503.812533,0.845625,0.749491,0.845625,0.749491,32,17,27,14,0,0,0,0,139,80,56,47
2026/02/03/15:33:34,6504.812665,0.837750,0.730444,0.837750,0.730444,32,15,27,14,0,0,0,0,139,82,56,47
2026/02/03/15:33:35,6505.812745,0.837750,0.730444,0.837750,0.730444,32,15,27,14,0,0,0,0,139,82,56,47
2026/02/03/15:33:36,6506.812891,0.837750,0.730444,0.837750,0.730444,32,15,27,14,0,0,0,0,139,82,56,47
2026/02/03/15:33:37,6507.812972,0.837750,0.730444,0.837750,0.730444,32,15,27,14,0,0,0,0,139,82,56,47
2026/02/03/15:33:38,6508.813096,0.837750,0.730444,0.837750,0.730444,32,15,27,14,0,0,0,0,139,82,56,47
2026/02/03/15:33:39,6509.813200,0.837750,0.730444,0.837750,0.730444,32,15,27,14,0,0,0,0,139,82,56,47
2026/02/03/15:33:40,6510.813272,0.837750,0.730444,0.837750,0.730444,32,15,27,14,0,0,0,0,139,82,56,47
2026/02/03/15:33:41,6511.813370,0.837750,0.730444,0.837750,0.730444,32,15,27,14,0,0,0,0,139,82,56,47
2026/02/03/15:33:42,6512.813460,0.837750,0.730444,0.837750,0.730444,32,15,27,14,0,0,0,0,139,82,56,47
2026/02/03/15:33:43,6513.813536,0.837750,0.730444,0.837750,0.730444,32,15,27,14,0,0,0,0,139,82,56,47
2026/02/03/15:33:44,6514.813624,0.837750,0.730444,0.837750,0.730444,32,15,27,14,0,0,0,0,139,82,56,47
2026/02/03/15:33:45,6515.813730,0.837750,0.730444,0.837750,0.730444,32,15,27,14,0,0,0,0,139,82,56,47
2026/02/03/15:33:46,6516.813818,0.837750,0.730444,0.837750,0.730444,32,15,27,14,0,0,0,0,139,82,56,47
2026/02/03/15:33:47,6517.813930,0.837750,0.730444,0.837750,0.730444,32,15,27,14,0,0,0,0,139,82,56,47
2026/02/03/15:33:48,6518.814058,0.837750,0.730444,0.837750,0.730444,32,15,27,14,0,0,0,0,139,82,56,47
2026/02/03/15:33:49,6519.814154,0.837750,0.730444,0.837750,0.730444,32,15,27,14,0,0,0,0,139,82,56,47
2026/02/03/15:33:50,6520.814242,0.837750,0.730444,0.837750,0.730444,32,15,27,14,0,0,0,0,139,82,56,47
2026/02/03/15:33:51,6521.814383,0.837750,0.730444,0.837750,0.730444,32,15,27,14,0,0,0,0,139,82,56,47
2026/02/03/15:33:52,6522.814470,0.837750,0.730444,0.837750,0.730444,32,15,27,14,0,0,0,0,139,82,56,47
2026/02/03/15:33:53,6523.814586,0.837750,0.730444,0.837750,0.730444,32,15,27,14,0,0,0,0,139,82,56,47
2026/02/03/15:33:54,6524.814653,0.837750,0.730444,0.837750,0.730444,32,15,27,14,0,0,0,0,139,82,56,47
2026/02/03/15:33:55,6525.814746,0.837750,0.730444,0.837750,0.730444,32,15,27,14,0,0,0,0,139,82,56,47
2026/02/03/15:33:56,6526.814827,0.837750,0.730444,0.837750,0.730444,32,15,27,14,0,0,0,0,139,82,56,47
2026/02/03/15:33:57,6527.814971,0.837750,0.730444,0.837750,0.730444,32,15,27,14,0,0,0,0,139,82,56,47
2026/02/03/15:33:58,6528.815118,0.837750,0.730444,0.837750,0.730444,32,15,27,14,0,0,0,0,139,82,56,47
2026/02/03/15:33:59,6529.815277,0.837750,0.730444,0.837750,0.730444,32,15,27,14,0,0,0,0,139,82,56,47
2026/02/03/15:34:00,6530.815321,0.837750,0.730444,0.837750,0.730444,32,15,27,14,0,0,0,0,139,82,56,47
2026/02/03/15:34:01,6531.815408,0.837750,0.730444,0.837750,0.730444,32,15,27,14,0,0,0,0,139,82,56,47
2026/02/03/15:34:02,6532.815492,0.837750,0.730444,0.837750,0.730444,32,15,27,14,0,0,0,0,139,82,56,47
2026/02/03/15:34:03,6533.815640,0.837750,0.730444,0.837750,0.730444,32,15,27,14,0,0,0,0,139,82,56,47
2026/02/03/15:34:04,6534.815790,0.837750,0.730444,0.837750,0.730444,32,15,27,14,0,0,0,0,139,82,56,47
2026/02/03/15:34:05,6535.815930,0.837750,0.730444,0.837750,0.730444,32,15,27,14,0,0,0,0,139,82,56,47
2026/02/03/15:34:06,6536.816075,0.837750,0.730444,0.837750,0.730444,32,15,27,14,0,0,0,0,139,82,56,47
2026/02/03/15:34:07,6537.816164,0.837750,0.730444,0.837750,0.730444,32,15,27,14,0,0,0,0,139,82,56,47
2026/02/03/15:34:08,6538.816250,0.837750,0.730444,0.837750,0.730444,32,15,27,14,0,0,0,0,139,82,56,47
2026/02/03/15:34:09,6539.816348,0.837750,0.730444,0.837750,0.730444,32,15,27,14,0,0,0,0,139,82,56,47
2026/02/03/15:34:10,6540.816478,0.837750,0.730444,0.837750,0.730444,32,15,27,14,0,0,0,0,139,82,56,47
2026/02/03/15:34:11,6541.816587,0.837750,0.730444,0.837750,0.730444,32,15,27,14,0,0,0,0,139,82,56,47
2026/02/03/15:34:12,6542.816662,0.837750,0.730444,0.837750,0.730444,32,15,27,14,0,0,0,0,139,82,56,47
2026/02/03/15:34:13,6543.816753,0.837750,0.730444,0.837750,0.730444,32,15,27,14,0,0,0,0,139,82,56,47
2026/02/03/15:34:14,6544.816827,0.837750,0.730444,0.837750,0.730444,32,15,27,14,0,0,0,0,139,82,56,47
2026/02/03/15:34:15,6545.816976,0.837750,0.730444,0.837750,0.730444,32,15,27,14,0,0,0,0,139,82,56,47
2026/02/03/15:34:16,6546.817130,0.837750,0.730444,0.837750,0.730444,32,15,27,14,0,0,0,0,139,82,56,47
2026/02/03/15:34:17,6547.817212,0.837750,0.730444,0.837750,0.730444,32,15,27,14,0,0,0,0,139,82,56,47
2026/02/03/15:34:18,6548.817360,0.837750,0.730444,0.837750,0.730444,32,15,27,14,0,0,0,0,139,82,56,47
2026/02/03/15:34:19,6549.817412,0.837750,0.730444,0.837750,0.730444,32,15,27,14,0,0,0,0,139,82,56,47
2026/02/03/15:34:20,6550.817513,0.837750,0.730444,0.837750,0.730444,32,15,27,14,0,0,0,0,139,82,56,47
2026/02/03/15:34:21,6551.817636,0.837750,0.730444,0.837750,0.730444,32,15,27,14,0,0,0,0,139,82,56,47
2026/02/03/15:34:22,6552.817778,0.837750,0.730444,0.837750,0.730444,32,15,27,14,0,0,0,0,139,82,56,47
2026/02/03/15:34:23,6553.817869,0.799875,0.701899,0.799875,0.701899,32,15,25,14,0,0,0,0,139,82,58,47
2026/02/03/15:34:24,6554.818007,0.799875,0.701899,0.799875,0.701899,32,15,25,14,0,0,0,0,139,82,58,47
2026/02/03/15:34:25,6555.818122,0.799875,0.701899,0.799875,0.701899,32,15,25,14,0,0,0,0,139,82,58,47
2026/02/03/15:34:26,6556.818263,0.799875,0.701899,0.799875,0.701899,32,15,25,14,0,0,0,0,139,82,58,47
2026/02/03/15:34:27,6557.818428,0.799875,0.701899,0.799875,0.701899,32,15,25,14,0,0,0,0,139,82,58,47
2026/02/03/15:34:28,6558.818558,0.799875,0.701899,0.799875,0.701899,32,15,25,14,0,0,0,0,139,82,58,47
2026/02/03/15:34:29,6559.818697,0.799875,0.701899,0.799875,0.701899,32,15,25,14,0,0,0,0,139,82,58,47
2026/02/03/15:34:30,6560.818776,0.799875,0.701899,0.799875,0.701899,32,15,25,14,0,0,0,0,139,82,58,47
2026/02/03/15:34:31,6561.818870,0.799875,0.701899,0.799875,0.701899,32,15,25,14,0,0,0,0,139,82,58,47
2026/02/03/15:34:32,6562.818957,0.799875,0.701899,0.799875,0.701899,32,15,25,14,0,0,0,0,139,82,58,47
2026/02/03/15:34:33,6563.819041,0.799875,0.701899,0.799875,0.701899,32,15,25,14,0,0,0,0,139,82,58,47
2026/02/03/15:34:34,6564.819130,0.799875,0.701899,0.799875,0.701899,32,15,25,14,0,0,0,0,139,82,58,47
2026/02/03/15:34:35,6565.819271,0.799875,0.701899,0.799875,0.701899,32,15,25,14,0,0,0,0,139,82,58,47
2026/02/03/15:34:36,6566.819414,0.799875,0.701899,0.799875,0.701899,32,15,25,14,0,0,0,0,139,82,58,47
2026/02/03/15:34:37,6567.819546,0.799875,0.701899,0.799875,0.701899,32,15,25,14,0,0,0,0,139,82,58,47
2026/02/03/15:34:38,6568.819646,0.799875,0.701899,0.799875,0.701899,32,15,25,14,0,0,0,0,139,82,58,47
2026/02/03/15:34:39,6569.819771,0.799875,0.701899,0.799875,0.701899,32,15,25,14,0,0,0,0,139,82,58,47
2026/02/03/15:34:40,6570.819877,0.799875,0.701899,0.799875,0.701899,32,15,25,14,0,0,0,0,139,82,58,47
2026/02/03/15:34:41,6571.819972,0.799875,0.701899,0.799875,0.701899,32,15,25,14,0,0,0,0,139,82,58,47
2026/02/03/15:34:42,6572.820057,0.799875,0.701899,0.799875,0.701899,32,15,25,14,0,0,0,0,139,82,58,47
2026/02/03/15:34:43,6573.820205,0.799875,0.701899,0.799875,0.701899,32,15,25,14,0,0,0,0,139,82,58,47
2026/02/03/15:34:44,6574.820316,0.799875,0.701899,0.799875,0.701899,32,15,25,14,0,0,0,0,139,82,58,47
2026/02/03/15:34:45,6575.820451,0.799875,0.701899,0.799875,0.701899,32,15,25,14,0,0,0,0,139,82,58,47
2026/02/03/15:34:46,6576.820536,0.799875,0.701899,0.799875,0.701899,32,15,25,14,0,0,0,0,139,82,58,47
2026/02/03/15:34:47,6577.820675,0.799875,0.701899,0.799875,0.701899,32,15,25,14,0,0,0,0,139,82,58,47
2026/02/03/15:34:48,6578.820808,0.799875,0.701899,0.799875,0.701899,32,15,25,14,0,0,0,0,139,82,58,47
2026/02/03/15:34:49,6579.820883,0.799875,0.701899,0.799875,0.701899,32,15,25,14,0,0,0,0,139,82,58,47
2026/02/03/15:34:50,6580.820987,0.799875,0.701899,0.799875,0.701899,32,15,25,14,0,0,0,0,139,82,58,47
2026/02/03/15:34:51,6581.821149,0.799875,0.701899,0.799875,0.701899,32,15,25,14,0,0,0,0,139,82,58,47
2026/02/03/15:34:52,6582.821281,0.799875,0.701899,0.799875,0.701899,32,15,25,14,0,0,0,0,139,82,58,47
2026/02/03/15:34:53,6583.821376,0.799875,0.701899,0.799875,0.701899,32,15,25,14,0,0,0,0,139,82,58,47
2026/02/03/15:34:54,6584.821470,0.799875,0.701899,0.799875,0.701899,32,15,25,14,0,0,0,0,139,82,58,47
2026/02/03/15:34:55,6585.821553,0.799875,0.701899,0.799875,0.701899,32,15,25,14,0,0,0,0,139,82,58,47
2026/02/03/15:34:56,6586.821641,0.799875,0.701899,0.799875,0.701899,32,15,25,14,0,0,0,0,139,82,58,47
2026/02/03/15:34:57,6587.821745,0.799875,0.701899,0.799875,0.701899,32,15,25,14,0,0,0,0,139,82,58,47
2026/02/03/15:34:58,6588.821872,0.799875,0.701899,0.799875,0.701899,32,15,25,14,0,0,0,0,139,82,58,47
2026/02/03/15:34:59,6589.821956,0.799875,0.701899,0.799875,0.701899,32,15,25,14,0,0,0,0,139,82,58,47
2026/02/03/15:35:00,6590.822051,0.799875,0.701899,0.799875,0.701899,32,15,25,14,0,0,0,0,139,82,58,47
2026/02/03/15:35:01,6591.822159,0.799875,0.701899,0.799875,0.701899,32,15,25,14,0,0,0,0,139,82,58,47
2026/02/03/15:35:02,6592.822253,0.799875,0.701899,0.799875,0.701899,32,15,25,14,0,0,0,0,139,82,58,47
2026/02/03/15:35:03,6593.822324,0.799875,0.701899,0.799875,0.701899,32,15,25,14,0,0,0,0,139,82,58,47
2026/02/03/15:35:04,6594.822395,0.799875,0.701899,0.799875,0.701899,32,15,25,14,0,0,0,0,139,82,58,47
2026/02/03/15:35:05,6595.822562,0.799875,0.701899,0.799875,0.701899,32,15,25,14,0,0,0,0,139,82,58,47
2026/02/03/15:35:06,6596.822662,0.799875,0.701899,0.799875,0.701899,32,15,25,14,0,0,0,0,139,82,58,47
2026/02/03/15:35:07,6597.822803,0.799875,0.701899,0.799875,0.701899,32,15,25,14,0,0,0,0,139,82,58,47
2026/02/03/15:35:08,6598.822937,0.799875,0.701899,0.799875,0.701899,32,15,25,14,0,0,0,0,139,82,58,47
2026/02/03/15:35:09,6599.823040,0.799875,0.701899,0.799875,0.701899,32,15,25,14,0,0,0,0,139,82,58,47
2026/02/03/15:35:10,6600.823110,0.799875,0.701899,0.799875,0.701899,32,15,25,14,0,0,0,0,139,82,58,47
2026/02/03/15:35:11,6601.823242,0.799875,0.701899,0.799875,0.701899,32,15,25,14,0,0,0,0,139,82,58,47
2026/02/03/15:35:12,6602.823326,0.799875,0.701899,0.799875,0.701899,32,15,25,14,0,0,0,0,139,82,58,47
2026/02/03/15:35:13,6603.823406,0.799875,0.701899,0.799875,0.701899,32,15,25,14,0,0,0,0,139,82,58,47
2026/02/03/15:35:14,6604.823498,0.799875,0.701899,0.799875,0.701899,32,15,25,14,0,0,0,0,139,82,58,47
2026/02/03/15:35:15,6605.823641,0.799875,0.701899,0.799875,0.701899,32,15,25,14,0,0,0,0,139,82,58,47
2026/02/03/15:35:16,6606.823728,0.799875,0.701899,0.799875,0.701899,32,15,25,14,0,0,0,0,139,82,58,47
2026/02/03/15:35:17,6607.823820,0.799875,0.701899,0.799875,0.701899,32,15,25,14,0,0,0,0,139,82,58,47
2026/02/03/15:35:18,6608.823914,0.799875,0.701899,0.799875,0.701899,32,15,25,14,0,0,0,0,139,82,58,47
2026/02/03/15:35:19,6609.824058,0.799875,0.701899,0.799875,0.701899,32,15,25,14,0,0,0,0,139,82,58,47
2026/02/03/15:35:20,6610.824135,0.799875,0.701899,0.799875,0.701899,32,15,25,14,0,0,0,0,139,82,58,47
2026/02/03/15:35:21,6611.824321,0.799875,0.701899,0.799875,0.701899,32,15,25,14,0,0,0,0,139,82,58,47
2026/02/03/15:35:22,6612.824406,0.799875,0.701899,0.799875,0.701899,32,15,25,14,0,0,0,0,139,82,58,47
2026/02/03/15:35:23,6613.824538,0.799875,0.701899,0.799875,0.701899,32,15,25,14,0,0,0,0,139,82,58,47
2026/02/03/15:35:24,6614.824684,0.799875,0.701899,0.799875,0.701899,32,15,25,14,0,0,0,0,139,82,58,47
2026/02/03/15:35:25,6615.824766,0.799875,0.701899,0.799875,0.701899,32,15,25,14,0,0,0,0,139,82,58,47
2026/02/03/15:35:26,6616.824853,0.799875,0.701899,0.799875,0.701899,32,15,25,14,0,0,0,0,139,82,58,47
2026/02/03/15:35:27,6617.824991,0.799875,0.701899,0.799875,0.701899,32,15,25,14,0,0,0,0,139,82,58,47
2026/02/03/15:35:28,6618.825132,0.799875,0.701899,0.799875,0.701899,32,15,25,14,0,0,0,0,139,82,58,47
2026/02/03/15:35:29,6619.825268,0.799875,0.701899,0.799875,0.701899,32,15,25,14,0,0,0,0,139,82,58,47
2026/02/03/15:35:30,6620.825410,0.799875,0.701899,0.799875,0.701899,32,15,25,14,0,0,0,0,139,82,58,47
2026/02/03/15:35:31,6621.825545,0.799875,0.701899,0.799875,0.701899,32,15,25,14,0,0,0,0,139,82,58,47
2026/02/03/15:35:32,6622.825680,0.799875,0.701899,0.799875,0.701899,32,15,25,14,0,0,0,0,139,82,58,47
2026/02/03/15:35:33,6623.825814,0.799875,0.701899,0.799875,0.701899,32,15,25,14,0,0,0,0,139,82,58,47
2026/02/03/15:35:34,6624.825899,0.799875,0.701899,0.799875,0.701899,32,15,25,14,0,0,0,0,139,82,58,47
2026/02/03/15:35:35,6625.826040,0.799875,0.701899,0.799875,0.701899,32,15,25,14,0,0,0,0,139,82,58,47
2026/02/03/15:35:36,6626.826178,0.799875,0.701899,0.799875,0.701899,32,15,25,14,0,0,0,0,139,82,58,47
2026/02/03/15:35:37,6627.826285,0.799875,0.701899,0.799875,0.701899,32,15,25,14,0,0,0,0,139,82,58,47
2026/02/03/15:35:38,6628.826416,0.799875,0.701899,0.799875,0.701899,32,15,25,14,0,0,0,0,139,82,58,47
2026/02/03/15:35:39,6629.826546,0.799875,0.701899,0.799875,0.701899,32,15,25,14,0,0,0,0,139,82,58,47
2026/02/03/15:35:40,6630.826631,0.799875,0.701899,0.799875,0.701899,32,15,25,14,0,0,0,0,139,82,58,47
2026/02/03/15:35:41,6631.826729,0.766750,0.693788,0.766750,0.693788,30,15,25,14,0,0,0,0,141,82,58,47
2026/02/03/15:35:42,6632.826828,0.766750,0.693788,0.766750,0.693788,30,15,25,14,0,0,0,0,141,82,58,47
2026/02/03/15:35:43,6633.826933,0.766750,0.693788,0.766750,0.693788,30,15,25,14,0,0,0,0,141,82,58,47
2026/02/03/15:35:44,6634.827014,0.766750,0.693788,0.766750,0.693788,30,15,25,14,0,0,0,0,141,82,58,47
2026/02/03/15:35:45,6635.827153,0.766750,0.693788,0.766750,0.693788,30,15,25,14,0,0,0,0,141,82,58,47
2026/02/03/15:35:46,6636.827269,0.766750,0.693788,0.766750,0.693788,30,15,25,14,0,0,0,0,141,82,58,47
2026/02/03/15:35:47,6637.827372,0.766750,0.693788,0.766750,0.693788,30,15,25,14,0,0,0,0,141,82,58,47
2026/02/03/15:35:48,6638.827399,0.766750,0.693788,0.766750,0.693788,30,15,25,14,0,0,0,0,141,82,58,47
2026/02/03/15:35:49,6639.827505,0.766750,0.693788,0.766750,0.693788,30,15,25,14,0,0,0,0,141,82,58,47
2026/02/03/15:35:50,6640.827633,0.766750,0.693788,0.766750,0.693788,30,15,25,14,0,0,0,0,141,82,58,47
2026/02/03/15:35:51,6641.827776,0.766750,0.693788,0.766750,0.693788,30,15,25,14,0,0,0,0,141,82,58,47
2026/02/03/15:35:52,6642.827925,0.766750,0.693788,0.766750,0.693788,30,15,25,14,0,0,0,0,141,82,58,47
2026/02/03/15:35:53,6643.828062,0.766750,0.693788,0.766750,0.693788,30,15,25,14,0,0,0,0,141,82,58,47
2026/02/03/15:35:54,6644.828162,0.766750,0.693788,0.766750,0.693788,30,15,25,14,0,0,0,0,141,82,58,47
2026/02/03/15:35:55,6645.828254,0.766750,0.693788,0.766750,0.693788,30,15,25,14,0,0,0,0,141,82,58,47
2026/02/03/15:35:56,6646.828361,0.766750,0.693788,0.766750,0.693788,30,15,25,14,0,0,0,0,141,82,58,47
2026/02/03/15:35:57,6647.828450,0.766750,0.693788,0.766750,0.693788,30,15,25,14,0,0,0,0,141,82,58,47
2026/02/03/15:35:58,6648.828576,0.766750,0.693788,0.766750,0.693788,30,15,25,14,0,0,0,0,141,82,58,47
2026/02/03/15:35:59,6649.828649,0.766750,0.693788,0.766750,0.693788,30,15,25,14,0,0,0,0,141,82,58,47
2026/02/03/15:36:00,6650.828731,0.766750,0.693788,0.766750,0.693788,30,15,25,14,0,0,0,0,141,82,58,47
2026/02/03/15:36:01,6651.828874,0.766750,0.693788,0.766750,0.693788,30,15,25,14,0,0,0,0,141,82,58,47
2026/02/03/15:36:02,6652.828973,0.766750,0.693788,0.766750,0.693788,30,15,25,14,0,0,0,0,141,82,58,47
2026/02/03/15:36:03,6653.829078,0.766750,0.693788,0.766750,0.693788,30,15,25,14,0,0,0,0,141,82,58,47
2026/02/03/15:36:04,6654.829147,0.766750,0.693788,0.766750,0.693788,30,15,25,14,0,0,0,0,141,82,58,47
2026/02/03/15:36:05,6655.829285,0.766750,0.693788,0.766750,0.693788,30,15,25,14,0,0,0,0,141,82,58,47
2026/02/03/15:36:06,6656.829424,0.766750,0.693788,0.766750,0.693788,30,15,25,14,0,0,0,0,141,82,58,47
2026/02/03/15:36:07,6657.829562,0.766750,0.693788,0.766750,0.693788,30,15,25,14,0,0,0,0,141,82,58,47
2026/02/03/15:36:08,6658.829658,0.766750,0.693788,0.766750,0.693788,30,15,25,14,0,0,0,0,141,82,58,47
2026/02/03/15:36:09,6659.829796,0.766750,0.693788,0.766750,0.693788,30,15,25,14,0,0,0,0,141,82,58,47
2026/02/03/15:36:10,6660.829885,0.766750,0.693788,0.766750,0.693788,30,15,25,14,0,0,0,0,141,82,58,47
2026/02/03/15:36:11,6661.830024,0.766750,0.693788,0.766750,0.693788,30,15,25,14,0,0,0,0,141,82,58,47
2026/02/03/15:36:12,6662.830164,0.766750,0.693788,0.766750,0.693788,30,15,25,14,0,0,0,0,141,82,58,47
2026/02/03/15:36:13,6663.830272,0.766750,0.693788,0.766750,0.693788,30,15,25,14,0,0,0,0,141,82,58,47
2026/02/03/15:36:14,6664.830399,0.766750,0.693788,0.766750,0.693788,30,15,25,14,0,0,0,0,141,82,58,47
2026/02/03/15:36:15,6665.830483,0.766750,0.693788,0.766750,0.693788,30,15,25,14,0,0,0,0,141,82,58,47
2026/02/03/15:36:16,6666.830552,0.766750,0.693788,0.766750,0.693788,30,15,25,14,0,0,0,0,141,82,58,47
2026/02/03/15:36:17,6667.830646,0.766750,0.693788,0.766750,0.693788,30,15,25,14,0,0,0,0,141,82,58,47
2026/02/03/15:36:18,6668.830790,0.766750,0.693788,0.766750,0.693788,30,15,25,14,0,0,0,0,141,82,58,47
2026/02/03/15:36:19,6669.830870,0.766750,0.693788,0.766750,0.693788,30,15,25,14,0,0,0,0,141,82,58,47
2026/02/03/15:36:20,6670.831012,0.766750,0.693788,0.766750,0.693788,30,15,25,14,0,0,0,0,141,82,58,47
2026/02/03/15:36:21,6671.831105,0.766750,0.693788,0.766750,0.693788,30,15,25,14,0,0,0,0,141,82,58,47
2026/02/03/15:36:22,6672.831195,0.766750,0.693788,0.766750,0.693788,30,15,25,14,0,0,0,0,141,82,58,47
2026/02/03/15:36:23,6673.831365,0.766750,0.693788,0.766750,0.693788,30,15,25,14,0,0,0,0,141,82,58,47
2026/02/03/15:36:24,6674.831430,0.766750,0.693788,0.766750,0.693788,30,15,25,14,0,0,0,0,141,82,58,47
2026/02/03/15:36:25,6675.831515,0.766750,0.693788,0.766750,0.693788,30,15,25,14,0,0,0,0,141,82,58,47
2026/02/03/15:36:26,6676.831609,0.766750,0.693788,0.766750,0.693788,30,15,25,14,0,0,0,0,141,82,58,47
2026/02/03/15:36:27,6677.831751,0.766750,0.693788,0.766750,0.693788,30,15,25,14,0,0,0,0,141,82,58,47
2026/02/03/15:36:28,6678.831884,0.766750,0.693788,0.766750,0.693788,30,15,25,14,0,0,0,0,141,82,58,47
2026/02/03/15:36:29,6679.831989,0.766750,0.693788,0.766750,0.693788,30,15,25,14,0,0,0,0,141,82,58,47
2026/02/03/15:36:30,6680.832096,0.766750,0.693788,0.766750,0.693788,30,15,25,14,0,0,0,0,141,82,58,47
2026/02/03/15:36:31,6681.832180,0.766750,0.693788,0.766750,0.693788,30,15,25,14,0,0,0,0,141,82,58,47
2026/02/03/15:36:32,6682.832320,0.766750,0.693788,0.766750,0.693788,30,15,25,14,0,0,0,0,141,82,58,47
2026/02/03/15:36:33,6683.832423,0.766750,0.693788,0.766750,0.693788,30,15,25,14,0,0,0,0,141,82,58,47
2026/02/03/15:36:34,6684.832504,0.766750,0.693788,0.766750,0.693788,30,15,25,14,0,0,0,0,141,82,58,47
2026/02/03/15:36:35,6685.832594,0.766750,0.693788,0.766750,0.693788,30,15,25,14,0,0,0,0,141,82,58,47
2026/02/03/15:36:36,6686.832686,0.766750,0.693788,0.766750,0.693788,30,15,25,14,0,0,0,0,141,82,58,47
2026/02/03/15:36:37,6687.832820,0.766750,0.693788,0.766750,0.693788,30,15,25,14,0,0,0,0,141,82,58,47
2026/02/03/15:36:38,6688.832913,0.766750,0.693788,0.766750,0.693788,30,15,25,14,0,0,0,0,141,82,58,47
2026/02/03/15:36:39,6689.833050,0.766750,0.693788,0.766750,0.693788,30,15,25,14,0,0,0,0,141,82,58,47
2026/02/03/15:36:40,6690.833222,0.766750,0.693788,0.766750,0.693788,30,15,25,14,0,0,0,0,141,82,58,47
2026/02/03/15:36:41,6691.833322,0.766750,0.693788,0.766750,0.693788,30,15,25,14,0,0,0,0,141,82,58,47
2026/02/03/15:36:42,6692.833456,0.766750,0.693788,0.766750,0.693788,30,15,25,14,0,0,0,0,141,82,58,47
2026/02/03/15:36:43,6693.833539,0.766750,0.693788,0.766750,0.693788,30,15,25,14,0,0,0,0,141,82,58,47
2026/02/03/15:36:44,6694.833624,0.766750,0.693788,0.766750,0.693788,30,15,25,14,0,0,0,0,141,82,58,47
2026/02/03/15:36:45,6695.833762,0.766750,0.693788,0.766750,0.693788,30,15,25,14,0,0,0,0,141,82,58,47
2026/02/03/15:36:46,6696.833852,0.766750,0.693788,0.766750,0.693788,30,15,25,14,0,0,0,0,141,82,58,47
2026/02/03/15:36:47,6697.833950,0.766750,0.693788,0.766750,0.693788,30,15,25,14,0,0,0,0,141,82,58,47
2026/02/03/15:36:48,6698.834111,0.766750,0.693788,0.766750,0.693788,30,15,25,14,0,0,0,0,141,82,58,47
2026/02/03/15:36:49,6699.834244,0.766750,0.693788,0.766750,0.693788,30,15,25,14,0,0,0,0,141,82,58,47
2026/02/03/15:36:50,6700.834397,0.766750,0.693788,0.766750,0.693788,30,15,25,14,0,0,0,0,141,82,58,47
2026/02/03/15:36:51,6701.834530,0.766750,0.693788,0.766750,0.693788,30,15,25,14,0,0,0,0,141,82,58,47
2026/02/03/15:36:52,6702.834645,0.766750,0.693788,0.766750,0.693788,30,15,25,14,0,0,0,0,141,82,58,47
2026/02/03/15:36:53,6703.834834,0.766750,0.693788,0.766750,0.693788,30,15,25,14,0,0,0,0,141,82,58,47
2026/02/03/15:36:54,6704.834901,0.766750,0.693788,0.766750,0.693788,30,15,25,14,0,0,0,0,141,82,58,47
2026/02/03/15:36:55,6705.835037,0.766750,0.693788,0.766750,0.693788,30,15,25,14,0,0,0,0,141,82,58,47
2026/02/03/15:36:56,6706.835132,0.766750,0.693788,0.766750,0.693788,30,15,25,14,0,0,0,0,141,82,58,47
2026/02/03/15:36:57,6707.835207,0.766750,0.693788,0.766750,0.693788,30,15,25,14,0,0,0,0,141,82,58,47
2026/02/03/15:36:58,6708.835361,0.766750,0.693788,0.766750,0.693788,30,15,25,14,0,0,0,0,141,82,58,47
2026/02/03/15:36:59,6709.835415,0.766750,0.693788,0.766750,0.693788,30,15,25,14,0,0,0,0,141,82,58,47
2026/02/03/15:37:00,6710.835489,0.766750,0.693788,0.766750,0.693788,30,15,25,14,0,0,0,0,141,82,58,47
2026/02/03/15:37:01,6711.835629,0.766750,0.693788,0.766750,0.693788,30,15,25,14,0,0,0,0,141,82,58,47
2026/02/03/15:37:02,6712.835711,0.766750,0.693788,0.766750,0.693788,30,15,25,14,0,0,0,0,141,82,58,47
2026/02/03/15:37:03,6713.835852,0.735125,0.673292,0.735125,0.673292,28,15,25,14,0,0,0,0,143,82,58,47
2026/02/03/15:37:04,6714.835984,0.735125,0.673292,0.735125,0.673292,28,15,25,14,0,0,0,0,143,82,58,47
2026/02/03/15:37:05,6715.836118,0.735125,0.673292,0.735125,0.673292,28,15,25,14,0,0,0,0,143,82,58,47
2026/02/03/15:37:06,6716.836252,0.735125,0.673292,0.735125,0.673292,28,15,25,14,0,0,0,0,143,82,58,47
2026/02/03/15:37:07,6717.836353,0.735125,0.673292,0.735125,0.673292,28,15,25,14,0,0,0,0,143,82,58,47
2026/02/03/15:37:08,6718.836487,0.735125,0.673292,0.735125,0.673292,28,15,25,14,0,0,0,0,143,82,58,47
2026/02/03/15:37:09,6719.836588,0.735125,0.673292,0.735125,0.673292,28,15,25,14,0,0,0,0,143,82,58,47
2026/02/03/15:37:10,6720.836674,0.735125,0.673292,0.735125,0.673292,28,15,25,14,0,0,0,0,143,82,58,47
2026/02/03/15:37:11,6721.836777,0.735125,0.673292,0.735125,0.673292,28,15,25,14,0,0,0,0,143,82,58,47
2026/02/03/15:37:12,6722.836863,0.735125,0.673292,0.735125,0.673292,28,15,25,14,0,0,0,0,143,82,58,47
2026/02/03/15:37:13,6723.836956,0.735125,0.673292,0.735125,0.673292,28,15,25,14,0,0,0,0,143,82,58,47
2026/02/03/15:37:14,6724.837085,0.735125,0.673292,0.735125,0.673292,28,15,25,14,0,0,0,0,143,82,58,47
2026/02/03/15:37:15,6725.837237,0.735125,0.673292,0.735125,0.673292,28,15,25,14,0,0,0,0,143,82,58,47
2026/02/03/15:37:16,6726.837362,0.735125,0.673292,0.735125,0.673292,28,15,25,14,0,0,0,0,143,82,58,47
2026/02/03/15:37:17,6727.837481,0.735125,0.673292,0.735125,0.673292,28,15,25,14,0,0,0,0,143,82,58,47
2026/02/03/15:37:18,6728.837651,0.735125,0.673292,0.735125,0.673292,28,15,25,14,0,0,0,0,143,82,58,47
2026/02/03/15:37:19,6729.837808,0.735125,0.673292,0.735125,0.673292,28,15,25,14,0,0,0,0,143,82,58,47
2026/02/03/15:37:20,6730.837905,0.735125,0.673292,0.735125,0.673292,28,15,25,14,0,0,0,0,143,82,58,47
2026/02/03/15:37:21,6731.837976,0.735125,0.673292,0.735125,0.673292,28,15,25,14,0,0,0,0,143,82,58,47
2026/02/03/15:37:22,6732.838078,0.735125,0.673292,0.735125,0.673292,28,15,25,14,0,0,0,0,143,82,58,47
2026/02/03/15:37:23,6733.838440,0.735125,0.673292,0.735125,0.673292,28,15,25,14,0,0,0,0,143,82,58,47
2026/02/03/15:37:24,6734.838541,0.735125,0.673292,0.735125,0.673292,28,15,25,14,0,0,0,0,143,82,58,47
2026/02/03/15:37:25,6735.838675,0.735125,0.673292,0.735125,0.673292,28,15,25,14,0,0,0,0,143,82,58,47
2026/02/03/15:37:26,6736.838832,0.735125,0.673292,0.735125,0.673292,28,15,25,14,0,0,0,0,143,82,58,47
2026/02/03/15:37:27,6737.838990,0.735125,0.673292,0.735125,0.673292,28,15,25,14,0,0,0,0,143,82,58,47
2026/02/03/15:37:28,6738.839084,0.735125,0.673292,0.735125,0.673292,28,15,25,14,0,0,0,0,143,82,58,47
2026/02/03/15:37:29,6739.839216,0.735125,0.673292,0.735125,0.673292,28,15,25,14,0,0,0,0,143,82,58,47
2026/02/03/15:37:30,6740.839302,0.735125,0.673292,0.735125,0.673292,28,15,25,14,0,0,0,0,143,82,58,47
2026/02/03/15:37:31,6741.839393,0.735125,0.673292,0.735125,0.673292,28,15,25,14,0,0,0,0,143,82,58,47
2026/02/03/15:37:32,6742.839504,0.735125,0.673292,0.735125,0.673292,28,15,25,14,0,0,0,0,143,82,58,47
2026/02/03/15:37:33,6743.839601,0.735125,0.673292,0.735125,0.673292,28,15,25,14,0,0,0,0,143,82,58,47
2026/02/03/15:37:34,6744.839714,0.735125,0.673292,0.735125,0.673292,28,15,25,14,0,0,0,0,143,82,58,47
2026/02/03/15:37:35,6745.839809,0.735125,0.673292,0.735125,0.673292,28,15,25,14,0,0,0,0,143,82,58,47
2026/02/03/15:37:36,6746.839933,0.735125,0.673292,0.735125,0.673292,28,15,25,14,0,0,0,0,143,82,58,47
2026/02/03/15:37:37,6747.840069,0.735125,0.673292,0.735125,0.673292,28,15,25,14,0,0,0,0,143,82,58,47
2026/02/03/15:37:38,6748.840236,0.735125,0.673292,0.735125,0.673292,28,15,25,14,0,0,0,0,143,82,58,47
2026/02/03/15:37:39,6749.840333,0.735125,0.673292,0.735125,0.673292,28,15,25,14,0,0,0,0,143,82,58,47
2026/02/03/15:37:40,6750.840418,0.731000,0.669500,0.731000,0.669500,27,15,25,14,0,0,0,0,144,82,58,47
2026/02/03/15:37:41,6751.840519,0.731000,0.669500,0.731000,0.669500,27,15,25,14,0,0,0,0,144,82,58,47
2026/02/03/15:37:42,6752.840620,0.731000,0.669500,0.731000,0.669500,27,15,25,14,0,0,0,0,144,82,58,47
2026/02/03/15:37:43,6753.840723,0.731000,0.669500,0.731000,0.669500,27,15,25,14,0,0,0,0,144,82,58,47
2026/02/03/15:37:44,6754.840877,0.731000,0.669500,0.731000,0.669500,27,15,25,14,0,0,0,0,144,82,58,47
2026/02/03/15:37:45,6755.840962,0.731000,0.669500,0.731000,0.669500,27,15,25,14,0,0,0,0,144,82,58,47
2026/02/03/15:37:46,6756.841119,0.731000,0.669500,0.731000,0.669500,27,15,25,14,0,0,0,0,144,82,58,47
2026/02/03/15:37:47,6757.841228,0.731000,0.669500,0.731000,0.669500,27,15,25,14,0,0,0,0,144,82,58,47
2026/02/03/15:37:48,6758.841409,0.731000,0.669500,0.731000,0.669500,27,15,25,14,0,0,0,0,144,82,58,47
2026/02/03/15:37:49,6759.841418,0.731000,0.669500,0.731000,0.669500,27,15,25,14,0,0,0,0,144,82,58,47
2026/02/03/15:37:50,6760.841502,0.731000,0.669500,0.731000,0.669500,27,15,25,14,0,0,0,0,144,82,58,47
2026/02/03/15:37:51,6761.841647,0.731000,0.669500,0.731000,0.669500,27,15,25,14,0,0,0,0,144,82,58,47
2026/02/03/15:37:52,6762.841812,0.731000,0.669500,0.731000,0.669500,27,15,25,14,0,0,0,0,144,82,58,47
2026/02/03/15:37:53,6763.841942,0.731000,0.669500,0.731000,0.669500,27,15,25,14,0,0,0,0,144,82,58,47
2026/02/03/15:37:54,6764.842060,0.731000,0.669500,0.731000,0.669500,27,15,25,14,0,0,0,0,144,82,58,47
2026/02/03/15:37:55,6765.842209,0.731000,0.669500,0.731000,0.669500,27,15,25,14,0,0,0,0,144,82,58,47
2026/02/03/15:37:56,6766.842309,0.731000,0.669500,0.731000,0.669500,27,15,25,14,0,0,0,0,144,82,58,47
2026/02/03/15:37:57,6767.842460,0.731000,0.669500,0.731000,0.669500,27,15,25,14,0,0,0,0,144,82,58,47
2026/02/03/15:37:58,6768.842595,0.731000,0.669500,0.731000,0.669500,27,15,25,14,0,0,0,0,144,82,58,47
2026/02/03/15:37:59,6769.842705,0.731000,0.669500,0.731000,0.669500,27,15,25,14,0,0,0,0,144,82,58,47
2026/02/03/15:38:00,6770.842807,0.748625,0.687530,0.748625,0.687530,30,15,25,14,0,0,0,0,144,82,58,47
2026/02/03/15:38:01,6771.842908,0.759687,0.700099,0.759687,0.700099,30,16,27,14,0,0,0,0,144,82,58,47
2026/02/03/15:38:02,6772.843047,0.759687,0.700099,0.759687,0.700099,30,16,27,14,0,0,0,0,144,82,58,47
2026/02/03/15:38:03,6773.843194,0.759687,0.700099,0.759687,0.700099,30,16,27,14,0,0,0,0,144,82,58,47
2026/02/03/15:38:04,6774.843370,0.759687,0.700099,0.759687,0.700099,30,16,27,14,0,0,0,0,144,82,58,47
2026/02/03/15:38:05,6775.843514,0.759687,0.700099,0.759687,0.700099,30,16,27,14,0,0,0,0,144,82,58,47
2026/02/03/15:38:06,6776.843593,0.759687,0.700099,0.759687,0.700099,30,16,27,14,0,0,0,0,144,82,58,47
2026/02/03/15:38:07,6777.843730,0.818750,0.722912,0.818750,0.722912,31,18,29,15,0,0,0,0,144,82,58,47
2026/02/03/15:38:08,6778.843874,0.814813,0.717929,0.814813,0.717929,31,17,29,15,0,0,0,0,144,83,58,47
2026/02/03/15:38:09,6779.844009,0.814813,0.717929,0.814813,0.717929,31,17,29,15,0,0,0,0,144,83,58,47
2026/02/03/15:38:10,6780.844117,0.806813,0.713626,0.806813,0.713626,31,17,29,14,0,0,0,0,144,83,58,48
2026/02/03/15:38:11,6781.844200,0.806813,0.713626,0.806813,0.713626,31,17,29,14,0,0,0,0,144,83,58,48
2026/02/03/15:38:12,6782.844333,0.806813,0.713626,0.806813,0.713626,31,17,29,14,0,0,0,0,144,83,58,48
2026/02/03/15:38:13,6783.844481,0.806813,0.713626,0.806813,0.713626,31,17,29,14,0,0,0,0,144,83,58,48
2026/02/03/15:38:14,6784.844572,0.806813,0.713626,0.806813,0.713626,31,17,29,14,0,0,0,0,144,83,58,48
2026/02/03/15:38:15,6785.844752,0.806813,0.713626,0.806813,0.713626,31,17,29,14,0,0,0,0,144,83,58,48
2026/02/03/15:38:16,6786.844893,0.806813,0.713626,0.806813,0.713626,31,17,29,14,0,0,0,0,144,83,58,48
2026/02/03/15:38:17,6787.845068,0.806813,0.713626,0.806813,0.713626,31,17,29,14,0,0,0,0,144,83,58,48
2026/02/03/15:38:18,6788.845192,0.806813,0.713626,0.806813,0.713626,31,17,29,14,0,0,0,0,144,83,58,48
2026/02/03/15:38:19,6789.845287,0.806813,0.713626,0.806813,0.713626,31,17,29,14,0,0,0,0,144,83,58,48
2026/02/03/15:38:20,6790.845398,0.806813,0.713626,0.806813,0.713626,31,17,29,14,0,0,0,0,144,83,58,48
2026/02/03/15:38:21,6791.845520,0.806813,0.713626,0.806813,0.713626,31,17,29,14,0,0,0,0,144,83,58,48
2026/02/03/15:38:22,6792.845636,0.806813,0.713626,0.806813,0.713626,31,17,29,14,0,0,0,0,144,83,58,48
2026/02/03/15:38:23,6793.845722,0.806813,0.713626,0.806813,0.713626,31,17,29,14,0,0,0,0,144,83,58,48
2026/02/03/15:38:24,6794.845885,0.806813,0.713626,0.806813,0.713626,31,17,29,14,0,0,0,0,144,83,58,48
2026/02/03/15:38:25,6795.845977,0.789188,0.695595,0.789188,0.695595,28,17,29,14,0,0,0,0,147,83,58,48
2026/02/03/15:38:26,6796.846066,0.789188,0.695595,0.789188,0.695595,28,17,29,14,0,0,0,0,147,83,58,48
2026/02/03/15:38:27,6797.846225,0.789188,0.695595,0.789188,0.695595,28,17,29,14,0,0,0,0,147,83,58,48
2026/02/03/15:38:28,6798.846328,0.789188,0.695595,0.789188,0.695595,28,17,29,14,0,0,0,0,147,83,58,48
2026/02/03/15:38:29,6799.846409,0.789188,0.695595,0.789188,0.695595,28,17,29,14,0,0,0,0,147,83,58,48
2026/02/03/15:38:30,6800.846507,0.789188,0.695595,0.789188,0.695595,28,17,29,14,0,0,0,0,147,83,58,48
2026/02/03/15:38:31,6801.846662,0.789188,0.695595,0.789188,0.695595,28,17,29,14,0,0,0,0,147,83,58,48
2026/02/03/15:38:32,6802.846818,0.789188,0.695595,0.789188,0.695595,28,17,29,14,0,0,0,0,147,83,58,48
2026/02/03/15:38:33,6803.846919,0.789188,0.695595,0.789188,0.695595,28,17,29,14,0,0,0,0,147,83,58,48
2026/02/03/15:38:34,6804.847088,0.789188,0.695595,0.789188,0.695595,28,17,29,14,0,0,0,0,147,83,58,48
2026/02/03/15:38:35,6805.847235,0.789188,0.695595,0.789188,0.695595,28,17,29,14,0,0,0,0,147,83,58,48
2026/02/03/15:38:36,6806.847323,0.789188,0.695595,0.789188,0.695595,28,17,29,14,0,0,0,0,147,83,58,48
2026/02/03/15:38:37,6807.847528,0.789188,0.695595,0.789188,0.695595,28,17,29,14,0,0,0,0,147,83,58,48
2026/02/03/15:38:38,6808.847634,0.789188,0.695595,0.789188,0.695595,28,17,29,14,0,0,0,0,147,83,58,48
2026/02/03/15:38:39,6809.847777,0.789188,0.695595,0.789188,0.695595,28,17,29,14,0,0,0,0,147,83,58,48
2026/02/03/15:38:40,6810.847876,0.789188,0.695595,0.789188,0.695595,28,17,29,14,0,0,0,0,147,83,58,48
2026/02/03/15:38:41,6811.848018,0.782188,0.688645,0.782188,0.688645,28,17,27,14,0,0,0,0,147,83,60,48
2026/02/03/15:38:42,6812.848181,0.782188,0.688645,0.782188,0.688645,28,17,27,14,0,0,0,0,147,83,60,48
2026/02/03/15:38:43,6813.848375,0.782188,0.688645,0.782188,0.688645,28,17,27,14,0,0,0,0,147,83,60,48
2026/02/03/15:38:44,6814.848511,0.782188,0.688645,0.782188,0.688645,28,17,27,14,0,0,0,0,147,83,60,48
2026/02/03/15:38:45,6815.848636,0.782188,0.688645,0.782188,0.688645,28,17,27,14,0,0,0,0,147,83,60,48
2026/02/03/15:38:46,6816.848761,0.782188,0.688645,0.782188,0.688645,28,17,27,14,0,0,0,0,147,83,60,48
2026/02/03/15:38:47,6817.848883,0.782188,0.688645,0.782188,0.688645,28,17,27,14,0,0,0,0,147,83,60,48
2026/02/03/15:38:48,6818.848991,0.782188,0.688645,0.782188,0.688645,28,17,27,14,0,0,0,0,147,83,60,48
2026/02/03/15:38:49,6819.849097,0.782188,0.688645,0.782188,0.688645,28,17,27,14,0,0,0,0,147,83,60,48
2026/02/03/15:38:50,6820.849211,0.782188,0.688645,0.782188,0.688645,28,17,27,14,0,0,0,0,147,83,60,48
2026/02/03/15:38:51,6821.849296,0.782188,0.688645,0.782188,0.688645,28,17,27,14,0,0,0,0,147,83,60,48
2026/02/03/15:38:52,6822.849462,0.782188,0.688645,0.782188,0.688645,28,17,27,14,0,0,0,0,147,83,60,48
2026/02/03/15:38:53,6823.849553,0.782188,0.688645,0.782188,0.688645,28,17,27,14,0,0,0,0,147,83,60,48
2026/02/03/15:38:54,6824.849717,0.782188,0.688645,0.782188,0.688645,28,17,27,14,0,0,0,0,147,83,60,48
2026/02/03/15:38:55,6825.849857,0.782188,0.688645,0.782188,0.688645,28,17,27,14,0,0,0,0,147,83,60,48
2026/02/03/15:38:56,6826.850019,0.782188,0.688645,0.782188,0.688645,28,17,27,14,0,0,0,0,147,83,60,48
2026/02/03/15:38:57,6827.850122,0.782188,0.688645,0.782188,0.688645,28,17,27,14,0,0,0,0,147,83,60,48
2026/02/03/15:38:58,6828.850275,0.782188,0.688645,0.782188,0.688645,28,17,27,14,0,0,0,0,147,83,60,48
2026/02/03/15:38:59,6829.850425,0.782188,0.688645,0.782188,0.688645,28,17,27,14,0,0,0,0,147,83,60,48
2026/02/03/15:39:00,6830.850516,0.782188,0.688645,0.782188,0.688645,28,17,27,14,0,0,0,0,147,83,60,48
2026/02/03/15:39:01,6831.850625,0.782188,0.688645,0.782188,0.688645,28,17,27,14,0,0,0,0,147,83,60,48
2026/02/03/15:39:02,6832.850787,0.782188,0.688645,0.782188,0.688645,28,17,27,14,0,0,0,0,147,83,60,48
2026/02/03/15:39:03,6833.850896,0.747313,0.680581,0.747313,0.680581,28,15,27,14,0,0,0,0,147,85,60,48
2026/02/03/15:39:04,6834.851067,0.747313,0.680581,0.747313,0.680581,28,15,27,14,0,0,0,0,147,85,60,48
2026/02/03/15:39:05,6835.851146,0.747313,0.680581,0.747313,0.680581,28,15,27,14,0,0,0,0,147,85,60,48
2026/02/03/15:39:06,6836.851266,0.747313,0.680581,0.747313,0.680581,28,15,27,14,0,0,0,0,147,85,60,48
2026/02/03/15:39:07,6837.851349,0.747313,0.680581,0.747313,0.680581,28,15,27,14,0,0,0,0,147,85,60,48
2026/02/03/15:39:08,6838.851517,0.747313,0.680581,0.747313,0.680581,28,15,27,14,0,0,0,0,147,85,60,48
2026/02/03/15:39:09,6839.851617,0.747313,0.680581,0.747313,0.680581,28,15,27,14,0,0,0,0,147,85,60,48
2026/02/03/15:39:10,6840.851749,0.747313,0.680581,0.747313,0.680581,28,15,27,14,0,0,0,0,147,85,60,48
2026/02/03/15:39:11,6841.851911,0.747313,0.680581,0.747313,0.680581,28,15,27,14,0,0,0,0,147,85,60,48
2026/02/03/15:39:12,6842.852044,0.747313,0.680581,0.747313,0.680581,28,15,27,14,0,0,0,0,147,85,60,48
2026/02/03/15:39:13,6843.852123,0.747313,0.680581,0.747313,0.680581,28,15,27,14,0,0,0,0,147,85,60,48
2026/02/03/15:39:14,6844.852257,0.747313,0.680581,0.747313,0.680581,28,15,27,14,0,0,0,0,147,85,60,48
2026/02/03/15:39:15,6845.852414,0.747313,0.680581,0.747313,0.680581,28,15,27,14,0,0,0,0,147,85,60,48
2026/02/03/15:39:16,6846.852574,0.747313,0.680581,0.747313,0.680581,28,15,27,14,0,0,0,0,147,85,60,48
2026/02/03/15:39:17,6847.852730,0.747313,0.680581,0.747313,0.680581,28,15,27,14,0,0,0,0,147,85,60,48
2026/02/03/15:39:18,6848.852861,0.747313,0.680581,0.747313,0.680581,28,15,27,14,0,0,0,0,147,85,60,48
2026/02/03/15:39:19,6849.853030,0.747313,0.680581,0.747313,0.680581,28,15,27,14,0,0,0,0,147,85,60,48
2026/02/03/15:39:20,6850.853131,0.747313,0.680581,0.747313,0.680581,28,15,27,14,0,0,0,0,147,85,60,48
2026/02/03/15:39:21,6851.853230,0.747313,0.680581,0.747313,0.680581,28,15,27,14,0,0,0,0,147,85,60,48
2026/02/03/15:39:22,6852.853416,0.747313,0.680581,0.747313,0.680581,28,15,27,14,0,0,0,0,147,85,60,48
2026/02/03/15:39:23,6853.853541,0.747313,0.680581,0.747313,0.680581,28,15,27,14,0,0,0,0,147,85,60,48
2026/02/03/15:39:24,6854.853655,0.747313,0.680581,0.747313,0.680581,28,15,27,14,0,0,0,0,147,85,60,48
2026/02/03/15:39:25,6855.853811,0.747313,0.680581,0.747313,0.680581,28,15,27,14,0,0,0,0,147,85,60,48
2026/02/03/15:39:26,6856.853917,0.747313,0.680581,0.747313,0.680581,28,15,27,14,0,0,0,0,147,85,60,48
2026/02/03/15:39:27,6857.854012,0.747313,0.680581,0.747313,0.680581,28,15,27,14,0,0,0,0,147,85,60,48
2026/02/03/15:39:28,6858.854121,0.747313,0.680581,0.747313,0.680581,28,15,27,14,0,0,0,0,147,85,60,48
2026/02/03/15:39:29,6859.854266,0.747313,0.680581,0.747313,0.680581,28,15,27,14,0,0,0,0,147,85,60,48
2026/02/03/15:39:30,6860.854424,0.747313,0.680581,0.747313,0.680581,28,15,27,14,0,0,0,0,147,85,60,48
2026/02/03/15:39:31,6861.854576,0.747313,0.680581,0.747313,0.680581,28,15,27,14,0,0,0,0,147,85,60,48
2026/02/03/15:39:32,6862.854710,0.747313,0.680581,0.747313,0.680581,28,15,27,14,0,0,0,0,147,85,60,48
2026/02/03/15:39:33,6863.854820,0.747313,0.680581,0.747313,0.680581,28,15,27,14,0,0,0,0,147,85,60,48
2026/02/03/15:39:34,6864.854912,0.747313,0.680581,0.747313,0.680581,28,15,27,14,0,0,0,0,147,85,60,48
2026/02/03/15:39:35,6865.855054,0.747313,0.680581,0.747313,0.680581,28,15,27,14,0,0,0,0,147,85,60,48
2026/02/03/15:39:36,6866.855184,0.747313,0.680581,0.747313,0.680581,28,15,27,14,0,0,0,0,147,85,60,48
2026/02/03/15:39:37,6867.855313,0.747313,0.680581,0.747313,0.680581,28,15,27,14,0,0,0,0,147,85,60,48
2026/02/03/15:39:38,6868.855429,0.747313,0.680581,0.747313,0.680581,28,15,27,14,0,0,0,0,147,85,60,48
2026/02/03/15:39:39,6869.855579,0.747313,0.680581,0.747313,0.680581,28,15,27,14,0,0,0,0,147,85,60,48
2026/02/03/15:39:40,6870.855742,0.747313,0.680581,0.747313,0.680581,28,15,27,14,0,0,0,0,147,85,60,48
2026/02/03/15:39:41,6871.855844,0.747313,0.680581,0.747313,0.680581,28,15,27,14,0,0,0,0,147,85,60,48
2026/02/03/15:39:42,6872.856004,0.747313,0.680581,0.747313,0.680581,28,15,27,14,0,0,0,0,147,85,60,48
2026/02/03/15:39:43,6873.856107,0.747313,0.680581,0.747313,0.680581,28,15,27,14,0,0,0,0,147,85,60,48
2026/02/03/15:39:44,6874.856268,0.747313,0.680581,0.747313,0.680581,28,15,27,14,0,0,0,0,147,85,60,48
2026/02/03/15:39:45,6875.856384,0.747313,0.680581,0.747313,0.680581,28,15,27,14,0,0,0,0,147,85,60,48
2026/02/03/15:39:46,6876.856433,0.747313,0.680581,0.747313,0.680581,28,15,27,14,0,0,0,0,147,85,60,48
2026/02/03/15:39:47,6877.856593,0.747313,0.680581,0.747313,0.680581,28,15,27,14,0,0,0,0,147,85,60,48
2026/02/03/15:39:48,6878.856714,0.747313,0.680581,0.747313,0.680581,28,15,27,14,0,0,0,0,147,85,60,48
2026/02/03/15:39:49,6879.856824,0.747313,0.680581,0.747313,0.680581,28,15,27,14,0,0,0,0,147,85,60,48
2026/02/03/15:39:50,6880.856921,0.747313,0.680581,0.747313,0.680581,28,15,27,14,0,0,0,0,147,85,60,48
2026/02/03/15:39:51,6881.857029,0.747313,0.680581,0.747313,0.680581,28,15,27,14,0,0,0,0,147,85,60,48
2026/02/03/15:39:52,6882.857128,0.747313,0.680581,0.747313,0.680581,28,15,27,14,0,0,0,0,147,85,60,48
2026/02/03/15:39:53,6883.857229,0.747313,0.680581,0.747313,0.680581,28,15,27,14,0,0,0,0,147,85,60,48
2026/02/03/15:39:54,6884.857325,0.747313,0.680581,0.747313,0.680581,28,15,27,14,0,0,0,0,147,85,60,48
2026/02/03/15:39:55,6885.857438,0.747313,0.680581,0.747313,0.680581,28,15,27,14,0,0,0,0,147,85,60,48
2026/02/03/15:39:56,6886.857552,0.747313,0.680581,0.747313,0.680581,28,15,27,14,0,0,0,0,147,85,60,48
2026/02/03/15:39:57,6887.857656,0.747313,0.680581,0.747313,0.680581,28,15,27,14,0,0,0,0,147,85,60,48
2026/02/03/15:39:58,6888.857753,0.747313,0.680581,0.747313,0.680581,28,15,27,14,0,0,0,0,147,85,60,48
2026/02/03/15:39:59,6889.857906,0.747313,0.680581,0.747313,0.680581,28,15,27,14,0,0,0,0,147,85,60,48
2026/02/03/15:40:00,6890.858058,0.747313,0.680581,0.747313,0.680581,28,15,27,14,0,0,0,0,147,85,60,48
2026/02/03/15:40:01,6891.858165,0.747313,0.680581,0.747313,0.680581,28,15,27,14,0,0,0,0,147,85,60,48
2026/02/03/15:40:02,6892.858312,0.747313,0.680581,0.747313,0.680581,28,15,27,14,0,0,0,0,147,85,60,48
2026/02/03/15:40:03,6893.858508,0.747313,0.680581,0.747313,0.680581,28,15,27,14,0,0,0,0,147,85,60,48
2026/02/03/15:40:04,6894.858603,0.747313,0.680581,0.747313,0.680581,28,15,27,14,0,0,0,0,147,85,60,48
2026/02/03/15:40:05,6895.858763,0.747313,0.680581,0.747313,0.680581,28,15,27,14,0,0,0,0,147,85,60,48
2026/02/03/15:40:06,6896.858922,0.747313,0.680581,0.747313,0.680581,28,15,27,14,0,0,0,0,147,85,60,48
2026/02/03/15:40:07,6897.859083,0.747313,0.680581,0.747313,0.680581,28,15,27,14,0,0,0,0,147,85,60,48
2026/02/03/15:40:08,6898.859227,0.740938,0.670465,0.740938,0.670465,26,15,27,14,0,0,0,0,149,85,60,48
2026/02/03/15:40:09,6899.859323,0.740938,0.670465,0.740938,0.670465,26,15,27,14,0,0,0,0,149,85,60,48
2026/02/03/15:40:10,6900.859503,0.740938,0.670465,0.740938,0.670465,26,15,27,14,0,0,0,0,149,85,60,48
2026/02/03/15:40:11,6901.859662,0.740938,0.670465,0.740938,0.670465,26,15,27,14,0,0,0,0,149,85,60,48
2026/02/03/15:40:12,6902.859924,0.740938,0.670465,0.740938,0.670465,26,15,27,14,0,0,0,0,149,85,60,48
2026/02/03/15:40:13,6903.860025,0.740938,0.670465,0.740938,0.670465,26,15,27,14,0,0,0,0,149,85,60,48
2026/02/03/15:40:14,6904.860159,0.740938,0.670465,0.740938,0.670465,26,15,27,14,0,0,0,0,149,85,60,48
2026/02/03/15:40:15,6905.860329,0.740938,0.670465,0.740938,0.670465,26,15,27,14,0,0,0,0,149,85,60,48
2026/02/03/15:40:16,6906.860514,0.740938,0.670465,0.740938,0.670465,26,15,27,14,0,0,0,0,149,85,60,48
2026/02/03/15:40:17,6907.860673,0.740938,0.670465,0.740938,0.670465,26,15,27,14,0,0,0,0,149,85,60,48
2026/02/03/15:40:18,6908.860744,0.740938,0.670465,0.740938,0.670465,26,15,27,14,0,0,0,0,149,85,60,48
2026/02/03/15:40:19,6909.860832,0.740938,0.670465,0.740938,0.670465,26,15,27,14,0,0,0,0,149,85,60,48
2026/02/03/15:40:20,6910.861007,0.740938,0.670465,0.740938,0.670465,26,15,27,14,0,0,0,0,149,85,60,48
2026/02/03/15:40:21,6911.861105,0.740938,0.670465,0.740938,0.670465,26,15,27,14,0,0,0,0,149,85,60,48
2026/02/03/15:40:22,6912.861262,0.740938,0.670465,0.740938,0.670465,26,15,27,14,0,0,0,0,149,85,60,48
2026/02/03/15:40:23,6913.861381,0.740938,0.670465,0.740938,0.670465,26,15,27,14,0,0,0,0,149,85,60,48
2026/02/03/15:40:24,6914.861493,0.740938,0.670465,0.740938,0.670465,26,15,27,14,0,0,0,0,149,85,60,48
2026/02/03/15:40:25,6915.861579,0.740938,0.670465,0.740938,0.670465,26,15,27,14,0,0,0,0,149,85,60,48
2026/02/03/15:40:26,6916.861755,0.740938,0.670465,0.740938,0.670465,26,15,27,14,0,0,0,0,149,85,60,48
2026/02/03/15:40:27,6917.861876,0.740938,0.670465,0.740938,0.670465,26,15,27,14,0,0,0,0,149,85,60,48
2026/02/03/15:40:28,6918.862027,0.740938,0.670465,0.740938,0.670465,26,15,27,14,0,0,0,0,149,85,60,48
2026/02/03/15:40:29,6919.862142,0.740938,0.670465,0.740938,0.670465,26,15,27,14,0,0,0,0,149,85,60,48
2026/02/03/15:40:30,6920.862317,0.740938,0.670465,0.740938,0.670465,26,15,27,14,0,0,0,0,149,85,60,48
2026/02/03/15:40:31,6921.862397,0.740938,0.670465,0.740938,0.670465,26,15,27,14,0,0,0,0,149,85,60,48
2026/02/03/15:40:32,6922.862561,0.740938,0.670465,0.740938,0.670465,26,15,27,14,0,0,0,0,149,85,60,48
2026/02/03/15:40:33,6923.862679,0.740938,0.670465,0.740938,0.670465,26,15,27,14,0,0,0,0,149,85,60,48
2026/02/03/15:40:34,6924.862835,0.740938,0.670465,0.740938,0.670465,26,15,27,14,0,0,0,0,149,85,60,48
2026/02/03/15:40:35,6925.862993,0.740938,0.670465,0.740938,0.670465,26,15,27,14,0,0,0,0,149,85,60,48
2026/02/03/15:40:36,6926.863088,0.740938,0.670465,0.740938,0.670465,26,15,27,14,0,0,0,0,149,85,60,48
2026/02/03/15:40:37,6927.863190,0.740938,0.670465,0.740938,0.670465,26,15,27,14,0,0,0,0,149,85,60,48
2026/02/03/15:40:38,6928.863368,0.740938,0.670465,0.740938,0.670465,26,15,27,14,0,0,0,0,149,85,60,48
2026/02/03/15:40:39,6929.863512,0.740938,0.670465,0.740938,0.670465,26,15,27,14,0,0,0,0,149,85,60,48
2026/02/03/15:40:40,6930.863669,0.740938,0.670465,0.740938,0.670465,26,15,27,14,0,0,0,0,149,85,60,48
2026/02/03/15:40:41,6931.863764,0.740938,0.670465,0.740938,0.670465,26,15,27,14,0,0,0,0,149,85,60,48
2026/02/03/15:40:42,6932.863876,0.740938,0.670465,0.740938,0.670465,26,15,27,14,0,0,0,0,149,85,60,48
2026/02/03/15:40:43,6933.863966,0.740938,0.670465,0.740938,0.670465,26,15,27,14,0,0,0,0,149,85,60,48
2026/02/03/15:40:44,6934.864122,0.740938,0.670465,0.740938,0.670465,26,15,27,14,0,0,0,0,149,85,60,48
2026/02/03/15:40:45,6935.864282,0.740938,0.670465,0.740938,0.670465,26,15,27,14,0,0,0,0,149,85,60,48
2026/02/03/15:40:46,6936.864439,0.740938,0.670465,0.740938,0.670465,26,15,27,14,0,0,0,0,149,85,60,48
2026/02/03/15:40:47,6937.864537,0.740938,0.670465,0.740938,0.670465,26,15,27,14,0,0,0,0,149,85,60,48
2026/02/03/15:40:48,6938.864691,0.740938,0.670465,0.740938,0.670465,26,15,27,14,0,0,0,0,149,85,60,48
2026/02/03/15:40:49,6939.864800,0.740938,0.670465,0.740938,0.670465,26,15,27,14,0,0,0,0,149,85,60,48
2026/02/03/15:40:50,6940.864904,0.740938,0.670465,0.740938,0.670465,26,15,27,14,0,0,0,0,149,85,60,48
2026/02/03/15:40:51,6941.865061,0.740938,0.670465,0.740938,0.670465,26,15,27,14,0,0,0,0,149,85,60,48
2026/02/03/15:40:52,6942.865164,0.740938,0.670465,0.740938,0.670465,26,15,27,14,0,0,0,0,149,85,60,48
2026/02/03/15:40:53,6943.865326,0.740938,0.670465,0.740938,0.670465,26,15,27,14,0,0,0,0,149,85,60,48
2026/02/03/15:40:54,6944.865480,0.740938,0.670465,0.740938,0.670465,26,15,27,14,0,0,0,0,149,85,60,48
2026/02/03/15:40:55,6945.865577,0.740938,0.670465,0.740938,0.670465,26,15,27,14,0,0,0,0,149,85,60,48
2026/02/03/15:40:56,6946.865729,0.740938,0.670465,0.740938,0.670465,26,15,27,14,0,0,0,0,149,85,60,48
2026/02/03/15:40:57,6947.865893,0.740938,0.670465,0.740938,0.670465,26,15,27,14,0,0,0,0,149,85,60,48
2026/02/03/15:40:58,6948.866055,0.740938,0.670465,0.740938,0.670465,26,15,27,14,0,0,0,0,149,85,60,48
2026/02/03/15:40:59,6949.866212,0.740938,0.670465,0.740938,0.670465,26,15,27,14,0,0,0,0,149,85,60,48
2026/02/03/15:41:00,6950.866317,0.740938,0.670465,0.740938,0.670465,26,15,27,14,0,0,0,0,149,85,60,48
2026/02/03/15:41:01,6951.866422,0.740938,0.670465,0.740938,0.670465,26,15,27,14,0,0,0,0,149,85,60,48
2026/02/03/15:41:02,6952.866574,0.740938,0.670465,0.740938,0.670465,26,15,27,14,0,0,0,0,149,85,60,48
2026/02/03/15:41:03,6953.866706,0.740938,0.670465,0.740938,0.670465,26,15,27,14,0,0,0,0,149,85,60,48
2026/02/03/15:41:04,6954.866856,0.740938,0.670465,0.740938,0.670465,26,15,27,14,0,0,0,0,149,85,60,48
2026/02/03/15:41:05,6955.866956,0.740938,0.670465,0.740938,0.670465,26,15,27,14,0,0,0,0,149,85,60,48
2026/02/03/15:41:06,6956.867061,0.740938,0.670465,0.740938,0.670465,26,15,27,14,0,0,0,0,149,85,60,48
2026/02/03/15:41:07,6957.867233,0.740938,0.670465,0.740938,0.670465,26,15,27,14,0,0,0,0,149,85,60,48
2026/02/03/15:41:08,6958.867414,0.740938,0.670465,0.740938,0.670465,26,15,27,14,0,0,0,0,149,85,60,48
2026/02/03/15:41:09,6959.867572,0.740938,0.670465,0.740938,0.670465,26,15,27,14,0,0,0,0,149,85,60,48
2026/02/03/15:41:10,6960.867652,0.740938,0.670465,0.740938,0.670465,26,15,27,14,0,0,0,0,149,85,60,48
2026/02/03/15:41:11,6961.867821,0.740938,0.670465,0.740938,0.670465,26,15,27,14,0,0,0,0,149,85,60,48
2026/02/03/15:41:12,6962.867982,0.740938,0.670465,0.740938,0.670465,26,15,27,14,0,0,0,0,149,85,60,48
2026/02/03/15:41:13,6963.868084,0.740938,0.670465,0.740938,0.670465,26,15,27,14,0,0,0,0,149,85,60,48
2026/02/03/15:41:14,6964.868197,0.740938,0.670465,0.740938,0.670465,26,15,27,14,0,0,0,0,149,85,60,48
2026/02/03/15:41:15,6965.868291,0.740938,0.670465,0.740938,0.670465,26,15,27,14,0,0,0,0,149,85,60,48
2026/02/03/15:41:16,6966.868442,0.740938,0.670465,0.740938,0.670465,26,15,27,14,0,0,0,0,149,85,60,48
2026/02/03/15:41:17,6967.868557,0.740938,0.670465,0.740938,0.670465,26,15,27,14,0,0,0,0,149,85,60,48
2026/02/03/15:41:18,6968.868678,0.740938,0.670465,0.740938,0.670465,26,15,27,14,0,0,0,0,149,85,60,48
2026/02/03/15:41:19,6969.868783,0.740938,0.670465,0.740938,0.670465,26,15,27,14,0,0,0,0,149,85,60,48
2026/02/03/15:41:20,6970.868881,0.740938,0.670465,0.740938,0.670465,26,15,27,14,0,0,0,0,149,85,60,48
2026/02/03/15:41:21,6971.869043,0.740938,0.670465,0.740938,0.670465,26,15,27,14,0,0,0,0,149,85,60,48
2026/02/03/15:41:22,6972.869156,0.740938,0.670465,0.740938,0.670465,26,15,27,14,0,0,0,0,149,85,60,48
2026/02/03/15:41:23,6973.869325,0.740938,0.670465,0.740938,0.670465,26,15,27,14,0,0,0,0,149,85,60,48
2026/02/03/15:41:24,6974.869442,0.740938,0.670465,0.740938,0.670465,26,15,27,14,0,0,0,0,149,85,60,48
2026/02/03/15:41:25,6975.869596,0.740938,0.670465,0.740938,0.670465,26,15,27,14,0,0,0,0,149,85,60,48
2026/02/03/15:41:26,6976.869760,0.740938,0.670465,0.740938,0.670465,26,15,27,14,0,0,0,0,149,85,60,48
2026/02/03/15:41:27,6977.869920,0.740938,0.670465,0.740938,0.670465,26,15,27,14,0,0,0,0,149,85,60,48
2026/02/03/15:41:28,6978.870051,0.740938,0.670465,0.740938,0.670465,26,15,27,14,0,0,0,0,149,85,60,48
2026/02/03/15:41:29,6979.870204,0.740938,0.670465,0.740938,0.670465,26,15,27,14,0,0,0,0,149,85,60,48
2026/02/03/15:41:30,6980.870363,0.740938,0.670465,0.740938,0.670465,26,15,27,14,0,0,0,0,149,85,60,48
2026/02/03/15:41:31,6981.870435,0.740938,0.670465,0.740938,0.670465,26,15,27,14,0,0,0,0,149,85,60,48
2026/02/03/15:41:32,6982.870598,0.740938,0.670465,0.740938,0.670465,26,15,27,14,0,0,0,0,149,85,60,48
2026/02/03/15:41:33,6983.870703,0.740938,0.670465,0.740938,0.670465,26,15,27,14,0,0,0,0,149,85,60,48
2026/02/03/15:41:34,6984.870868,0.740938,0.670465,0.740938,0.670465,26,15,27,14,0,0,0,0,149,85,60,48
2026/02/03/15:41:35,6985.870962,0.740938,0.670465,0.740938,0.670465,26,15,27,14,0,0,0,0,149,85,60,48
2026/02/03/15:41:36,6986.871117,0.740938,0.670465,0.740938,0.670465,26,15,27,14,0,0,0,0,149,85,60,48
2026/02/03/15:41:37,6987.871290,0.740938,0.670465,0.740938,0.670465,26,15,27,14,0,0,0,0,149,85,60,48
2026/02/03/15:41:38,6988.871446,0.740938,0.670465,0.740938,0.670465,26,15,27,14,0,0,0,0,149,85,60,48
2026/02/03/15:41:39,6989.871566,0.740938,0.670465,0.740938,0.670465,26,15,27,14,0,0,0,0,149,85,60,48
2026/02/03/15:41:40,6990.871720,0.740938,0.670465,0.740938,0.670465,26,15,27,14,0,0,0,0,149,85,60,48
2026/02/03/15:41:41,6991.871836,0.740938,0.670465,0.740938,0.670465,26,15,27,14,0,0,0,0,149,85,60,48
2026/02/03/15:41:42,6992.871960,0.740938,0.670465,0.740938,0.670465,26,15,27,14,0,0,0,0,149,85,60,48
2026/02/03/15:41:43,6993.872079,0.740938,0.670465,0.740938,0.670465,26,15,27,14,0,0,0,0,149,85,60,48
2026/02/03/15:41:44,6994.872200,0.740938,0.670465,0.740938,0.670465,26,15,27,14,0,0,0,0,149,85,60,48
2026/02/03/15:41:45,6995.872379,0.740938,0.670465,0.740938,0.670465,26,15,27,14,0,0,0,0,149,85,60,48
2026/02/03/15:41:46,6996.872494,0.740938,0.670465,0.740938,0.670465,26,15,27,14,0,0,0,0,149,85,60,48
2026/02/03/15:41:47,6997.872602,0.740938,0.670465,0.740938,0.670465,26,15,27,14,0,0,0,0,149,85,60,48
2026/02/03/15:41:48,6998.872742,0.740938,0.670465,0.740938,0.670465,26,15,27,14,0,0,0,0,149,85,60,48
2026/02/03/15:41:49,6999.872851,0.740938,0.670465,0.740938,0.670465,26,15,27,14,0,0,0,0,149,85,60,48
2026/02/03/15:41:50,7000.872963,0.740938,0.670465,0.740938,0.670465,26,15,27,14,0,0,0,0,149,85,60,48
2026/02/03/15:41:51,7001.873081,0.740938,0.670465,0.740938,0.670465,26,15,27,14,0,0,0,0,149,85,60,48
2026/02/03/15:41:52,7002.873219,0.740938,0.670465,0.740938,0.670465,26,15,27,14,0,0,0,0,149,85,60,48
2026/02/03/15:41:53,7003.873384,0.740938,0.670465,0.740938,0.670465,26,15,27,14,0,0,0,0,149,85,60,48
2026/02/03/15:41:54,7004.873465,0.740938,0.670465,0.740938,0.670465,26,15,27,14,0,0,0,0,149,85,60,48
2026/02/03/15:41:55,7005.873585,0.740938,0.670465,0.740938,0.670465,26,15,27,14,0,0,0,0,149,85,60,48
2026/02/03/15:41:56,7006.873701,0.740938,0.670465,0.740938,0.670465,26,15,27,14,0,0,0,0,149,85,60,48
2026/02/03/15:41:57,7007.873814,0.740938,0.670465,0.740938,0.670465,26,15,27,14,0,0,0,0,149,85,60,48
2026/02/03/15:41:58,7008.873933,0.740938,0.670465,0.740938,0.670465,26,15,27,14,0,0,0,0,149,85,60,48
2026/02/03/15:41:59,7009.874069,0.740938,0.670465,0.740938,0.670465,26,15,27,14,0,0,0,0,149,85,60,48
2026/02/03/15:42:00,7010.874193,0.740938,0.670465,0.740938,0.670465,26,15,27,14,0,0,0,0,149,85,60,48
2026/02/03/15:42:01,7011.874287,0.740938,0.670465,0.740938,0.670465,26,15,27,14,0,0,0,0,149,85,60,48
2026/02/03/15:42:02,7012.874606,0.740938,0.670465,0.740938,0.670465,26,15,27,14,0,0,0,0,149,85,60,48
2026/02/03/15:42:03,7013.874631,0.740938,0.670465,0.740938,0.670465,26,15,27,14,0,0,0,0,149,85,60,48
2026/02/03/15:42:04,7014.874747,0.740938,0.670465,0.740938,0.670465,26,15,27,14,0,0,0,0,149,85,60,48
2026/02/03/15:42:05,7015.874865,0.740938,0.670465,0.740938,0.670465,26,15,27,14,0,0,0,0,149,85,60,48
2026/02/03/15:42:06,7016.874970,0.740938,0.670465,0.740938,0.670465,26,15,27,14,0,0,0,0,149,85,60,48
2026/02/03/15:42:07,7017.875080,0.740938,0.670465,0.740938,0.670465,26,15,27,14,0,0,0,0,149,85,60,48
2026/02/03/15:42:08,7018.875192,0.740938,0.670465,0.740938,0.670465,26,15,27,14,0,0,0,0,149,85,60,48
2026/02/03/15:42:09,7019.875311,0.740938,0.670465,0.740938,0.670465,26,15,27,14,0,0,0,0,149,85,60,48
2026/02/03/15:42:10,7020.875421,0.740938,0.670465,0.740938,0.670465,26,15,27,14,0,0,0,0,149,85,60,48
2026/02/03/15:42:11,7021.875524,0.740938,0.670465,0.740938,0.670465,26,15,27,14,0,0,0,0,149,85,60,48
2026/02/03/15:42:12,7022.875638,0.740938,0.670465,0.740938,0.670465,26,15,27,14,0,0,0,0,149,85,60,48
2026/02/03/15:42:13,7023.875760,0.740938,0.670465,0.740938,0.670465,26,15,27,14,0,0,0,0,149,85,60,48
2026/02/03/15:42:14,7024.875883,0.740938,0.670465,0.740938,0.670465,26,15,27,14,0,0,0,0,149,85,60,48
2026/02/03/15:42:15,7025.876002,0.740938,0.670465,0.740938,0.670465,26,15,27,14,0,0,0,0,149,85,60,48
2026/02/03/15:42:16,7026.876119,0.740938,0.670465,0.740938,0.670465,26,15,27,14,0,0,0,0,149,85,60,48
2026/02/03/15:42:17,7027.876238,0.740938,0.670465,0.740938,0.670465,26,15,27,14,0,0,0,0,149,85,60,48
2026/02/03/15:42:18,7028.876324,0.740938,0.670465,0.740938,0.670465,26,15,27,14,0,0,0,0,149,85,60,48
2026/02/03/15:42:19,7029.876417,0.740938,0.670465,0.740938,0.670465,26,15,27,14,0,0,0,0,149,85,60,48
2026/02/03/15:42:20,7030.876586,0.740938,0.670465,0.740938,0.670465,26,15,27,14,0,0,0,0,149,85,60,48
2026/02/03/15:42:21,7031.876696,0.740938,0.670465,0.740938,0.670465,26,15,27,14,0,0,0,0,149,85,60,48
2026/02/03/15:42:22,7032.876816,0.740938,0.670465,0.740938,0.670465,26,15,27,14,0,0,0,0,149,85,60,48
2026/02/03/15:42:23,7033.876956,0.740938,0.670465,0.740938,0.670465,26,15,27,14,0,0,0,0,149,85,60,48
2026/02/03/15:42:24,7034.877062,0.740938,0.670465,0.740938,0.670465,26,15,27,14,0,0,0,0,149,85,60,48
2026/02/03/15:42:25,7035.877195,0.740938,0.670465,0.740938,0.670465,26,15,27,14,0,0,0,0,149,85,60,48
2026/02/03/15:42:26,7036.877306,0.740938,0.670465,0.740938,0.670465,26,15,27,14,0,0,0,0,149,85,60,48
2026/02/03/15:42:27,7037.877437,0.740938,0.670465,0.740938,0.670465,26,15,27,14,0,0,0,0,149,85,60,48
2026/02/03/15:42:28,7038.877532,0.740938,0.670465,0.740938,0.670465,26,15,27,14,0,0,0,0,149,85,60,48
2026/02/03/15:42:29,7039.877628,0.740938,0.670465,0.740938,0.670465,26,15,27,14,0,0,0,0,149,85,60,48
2026/02/03/15:42:30,7040.877744,0.740938,0.670465,0.740938,0.670465,26,15,27,14,0,0,0,0,149,85,60,48
2026/02/03/15:42:31,7041.877887,0.740938,0.670465,0.740938,0.670465,26,15,27,14,0,0,0,0,149,85,60,48
2026/02/03/15:42:32,7042.877985,0.740938,0.670465,0.740938,0.670465,26,15,27,14,0,0,0,0,149,85,60,48
2026/02/03/15:42:33,7043.878085,0.740938,0.670465,0.740938,0.670465,26,15,27,14,0,0,0,0,149,85,60,48
2026/02/03/15:42:34,7044.878216,0.740938,0.670465,0.740938,0.670465,26,15,27,14,0,0,0,0,149,85,60,48
2026/02/03/15:42:35,7045.878364,0.740938,0.670465,0.740938,0.670465,26,15,27,14,0,0,0,0,149,85,60,48
2026/02/03/15:42:36,7046.878467,0.740938,0.670465,0.740938,0.670465,26,15,27,14,0,0,0,0,149,85,60,48
2026/02/03/15:42:37,7047.878557,0.740938,0.670465,0.740938,0.670465,26,15,27,14,0,0,0,0,149,85,60,48
2026/02/03/15:42:38,7048.878689,0.740938,0.670465,0.740938,0.670465,26,15,27,14,0,0,0,0,149,85,60,48
2026/02/03/15:42:39,7049.878808,0.740938,0.670465,0.740938,0.670465,26,15,27,14,0,0,0,0,149,85,60,48
2026/02/03/15:42:40,7050.878927,0.740938,0.670465,0.740938,0.670465,26,15,27,14,0,0,0,0,149,85,60,48
2026/02/03/15:42:41,7051.879012,0.740938,0.670465,0.740938,0.670465,26,15,27,14,0,0,0,0,149,85,60,48
2026/02/03/15:42:42,7052.879151,0.740938,0.670465,0.740938,0.670465,26,15,27,14,0,0,0,0,149,85,60,48
2026/02/03/15:42:43,7053.879221,0.740938,0.670465,0.740938,0.670465,26,15,27,14,0,0,0,0,149,85,60,48
2026/02/03/15:42:44,7054.879372,0.740938,0.670465,0.740938,0.670465,26,15,27,14,0,0,0,0,149,85,60,48
2026/02/03/15:42:45,7055.879472,0.740938,0.670465,0.740938,0.670465,26,15,27,14,0,0,0,0,149,85,60,48
2026/02/03/15:42:46,7056.879587,0.740938,0.670465,0.740938,0.670465,26,15,27,14,0,0,0,0,149,85,60,48
2026/02/03/15:42:47,7057.879690,0.740938,0.670465,0.740938,0.670465,26,15,27,14,0,0,0,0,149,85,60,48
2026/02/03/15:42:48,7058.879806,0.740938,0.670465,0.740938,0.670465,26,15,27,14,0,0,0,0,149,85,60,48
2026/02/03/15:42:49,7059.879920,0.740938,0.670465,0.740938,0.670465,26,15,27,14,0,0,0,0,149,85,60,48
2026/02/03/15:42:50,7060.880036,0.740938,0.670465,0.740938,0.670465,26,15,27,14,0,0,0,0,149,85,60,48
2026/02/03/15:42:51,7061.880147,0.800375,0.746647,0.800375,0.746647,32,16,29,14,0,0,0,0,149,85,60,48
2026/02/03/15:42:52,7062.880238,0.800375,0.746647,0.800375,0.746647,32,16,29,14,0,0,0,0,149,85,60,48
2026/02/03/15:42:53,7063.880390,0.820750,0.764538,0.820750,0.764538,34,19,29,14,0,0,0,0,149,85,60,48
2026/02/03/15:42:54,7064.880455,0.820750,0.764538,0.820750,0.764538,34,19,29,14,0,0,0,0,149,85,60,48
2026/02/03/15:42:55,7065.880599,0.820750,0.764538,0.820750,0.764538,34,19,29,14,0,0,0,0,149,85,60,48
2026/02/03/15:42:56,7066.880744,0.808375,0.753379,0.808375,0.753379,34,16,29,14,0,0,0,0,149,88,60,48
2026/02/03/15:42:57,7067.880921,0.808375,0.753379,0.808375,0.753379,34,16,29,14,0,0,0,0,149,88,60,48
2026/02/03/15:42:58,7068.881017,0.853938,0.766451,0.862938,0.788816,37,16,29,14,2,0,0,0,149,88,60,48
2026/02/03/15:42:59,7069.881111,0.848187,0.767470,0.848187,0.767470,35,16,29,14,0,0,0,0,153,88,60,48
2026/02/03/15:43:00,7070.881181,0.837125,0.743437,0.837125,0.743437,32,16,29,14,0,0,0,0,156,88,60,48
2026/02/03/15:43:01,7071.881381,0.828125,0.721071,0.828125,0.721071,30,16,29,14,0,0,0,0,158,88,60,48
2026/02/03/15:43:02,7072.881504,0.828125,0.721071,0.828125,0.721071,30,16,29,14,0,0,0,0,158,88,60,48
2026/02/03/15:43:03,7073.881662,0.828125,0.721071,0.828125,0.721071,30,16,29,14,0,0,0,0,158,88,60,48
2026/02/03/15:43:04,7074.881765,0.828125,0.721071,0.828125,0.721071,30,16,29,14,0,0,0,0,158,88,60,48
2026/02/03/15:43:05,7075.881869,0.828125,0.721071,0.828125,0.721071,30,16,29,14,0,0,0,0,158,88,60,48
2026/02/03/15:43:06,7076.881979,0.828125,0.721071,0.828125,0.721071,30,16,29,14,0,0,0,0,158,88,60,48
2026/02/03/15:43:07,7077.882132,0.828125,0.721071,0.828125,0.721071,30,16,29,14,0,0,0,0,158,88,60,48
2026/02/03/15:43:08,7078.882240,0.828125,0.721071,0.828125,0.721071,30,16,29,14,0,0,0,0,158,88,60,48
2026/02/03/15:43:09,7079.882416,0.828125,0.721071,0.828125,0.721071,30,16,29,14,0,0,0,0,158,88,60,48
2026/02/03/15:43:10,7080.882579,0.828125,0.721071,0.828125,0.721071,30,16,29,14,0,0,0,0,158,88,60,48
2026/02/03/15:43:11,7081.882744,0.828125,0.721071,0.828125,0.721071,30,16,29,14,0,0,0,0,158,88,60,48
2026/02/03/15:43:12,7082.882854,0.828125,0.721071,0.828125,0.721071,30,16,29,14,0,0,0,0,158,88,60,48
2026/02/03/15:43:13,7083.883008,0.828125,0.721071,0.828125,0.721071,30,16,29,14,0,0,0,0,158,88,60,48
2026/02/03/15:43:14,7084.883110,0.828125,0.721071,0.828125,0.721071,30,16,29,14,0,0,0,0,158,88,60,48
2026/02/03/15:43:15,7085.883268,0.828125,0.721071,0.828125,0.721071,30,16,29,14,0,0,0,0,158,88,60,48
2026/02/03/15:43:16,7086.883465,0.828125,0.721071,0.828125,0.721071,30,16,29,14,0,0,0,0,158,88,60,48
2026/02/03/15:43:17,7087.883564,0.828125,0.721071,0.828125,0.721071,30,16,29,14,0,0,0,0,158,88,60,48
2026/02/03/15:43:18,7088.883663,0.828125,0.721071,0.828125,0.721071,30,16,29,14,0,0,0,0,158,88,60,48
2026/02/03/15:43:19,7089.883785,0.793625,0.707599,0.793625,0.707599,30,16,27,14,0,0,0,0,158,88,62,48
2026/02/03/15:43:20,7090.883953,0.793625,0.707599,0.793625,0.707599,30,16,27,14,0,0,0,0,158,88,62,48
2026/02/03/15:43:21,7091.884057,0.793625,0.707599,0.793625,0.707599,30,16,27,14,0,0,0,0,158,88,62,48
2026/02/03/15:43:22,7092.884216,0.793625,0.707599,0.793625,0.707599,30,16,27,14,0,0,0,0,158,88,62,48
2026/02/03/15:43:23,7093.884425,0.793625,0.707599,0.793625,0.707599,30,16,27,14,0,0,0,0,158,88,62,48
2026/02/03/15:43:24,7094.884577,0.793625,0.707599,0.793625,0.707599,30,16,27,14,0,0,0,0,158,88,62,48
2026/02/03/15:43:25,7095.884758,0.793625,0.707599,0.793625,0.707599,30,16,27,14,0,0,0,0,158,88,62,48
2026/02/03/15:43:26,7096.884859,0.793625,0.707599,0.793625,0.707599,30,16,27,14,0,0,0,0,158,88,62,48
2026/02/03/15:43:27,7097.884947,0.793625,0.707599,0.793625,0.707599,30,16,27,14,0,0,0,0,158,88,62,48
2026/02/03/15:43:28,7098.885112,0.793625,0.707599,0.793625,0.707599,30,16,27,14,0,0,0,0,158,88,62,48
2026/02/03/15:43:29,7099.885280,0.793625,0.707599,0.793625,0.707599,30,16,27,14,0,0,0,0,158,88,62,48
2026/02/03/15:43:30,7100.885432,0.793625,0.707599,0.793625,0.707599,30,16,27,14,0,0,0,0,158,88,62,48
2026/02/03/15:43:31,7101.885527,0.793625,0.707599,0.793625,0.707599,30,16,27,14,0,0,0,0,158,88,62,48
2026/02/03/15:43:32,7102.885693,0.793625,0.707599,0.793625,0.707599,30,16,27,14,0,0,0,0,158,88,62,48
2026/02/03/15:43:33,7103.885807,0.793625,0.707599,0.793625,0.707599,30,16,27,14,0,0,0,0,158,88,62,48
2026/02/03/15:43:34,7104.885899,0.793625,0.707599,0.793625,0.707599,30,16,27,14,0,0,0,0,158,88,62,48
2026/02/03/15:43:35,7105.886109,0.793625,0.707599,0.793625,0.707599,30,16,27,14,0,0,0,0,158,88,62,48
2026/02/03/15:43:36,7106.886194,0.793625,0.707599,0.793625,0.707599,30,16,27,14,0,0,0,0,158,88,62,48
2026/02/03/15:43:37,7107.886302,0.793625,0.707599,0.793625,0.707599,30,16,27,14,0,0,0,0,158,88,62,48
2026/02/03/15:43:38,7108.886461,0.793625,0.707599,0.793625,0.707599,30,16,27,14,0,0,0,0,158,88,62,48
2026/02/03/15:43:39,7109.886557,0.793625,0.707599,0.793625,0.707599,30,16,27,14,0,0,0,0,158,88,62,48
2026/02/03/15:43:40,7110.886661,0.790312,0.701444,0.790312,0.701444,29,16,27,14,0,0,0,0,159,88,62,48
2026/02/03/15:43:41,7111.886846,0.790312,0.701444,0.790312,0.701444,29,16,27,14,0,0,0,0,159,88,62,48
2026/02/03/15:43:42,7112.886996,0.790312,0.701444,0.790312,0.701444,29,16,27,14,0,0,0,0,159,88,62,48
2026/02/03/15:43:43,7113.887112,0.790312,0.701444,0.790312,0.701444,29,16,27,14,0,0,0,0,159,88,62,48
2026/02/03/15:43:44,7114.887224,0.790312,0.701444,0.790312,0.701444,29,16,27,14,0,0,0,0,159,88,62,48
2026/02/03/15:43:45,7115.887330,0.790312,0.701444,0.790312,0.701444,29,16,27,14,0,0,0,0,159,88,62,48
2026/02/03/15:43:46,7116.887497,0.790312,0.701444,0.790312,0.701444,29,16,27,14,0,0,0,0,159,88,62,48
2026/02/03/15:43:47,7117.887594,0.790312,0.701444,0.790312,0.701444,29,16,27,14,0,0,0,0,159,88,62,48
2026/02/03/15:43:48,7118.887755,0.790312,0.701444,0.790312,0.701444,29,16,27,14,0,0,0,0,159,88,62,48
2026/02/03/15:43:49,7119.887913,0.790312,0.701444,0.790312,0.701444,29,16,27,14,0,0,0,0,159,88,62,48
2026/02/03/15:43:50,7120.888020,0.790312,0.701444,0.790312,0.701444,29,16,27,14,0,0,0,0,159,88,62,48
2026/02/03/15:43:51,7121.888178,0.790312,0.701444,0.790312,0.701444,29,16,27,14,0,0,0,0,159,88,62,48
2026/02/03/15:43:52,7122.888363,0.790312,0.701444,0.790312,0.701444,29,16,27,14,0,0,0,0,159,88,62,48
2026/02/03/15:43:53,7123.888504,0.790312,0.701444,0.790312,0.701444,29,16,27,14,0,0,0,0,159,88,62,48
2026/02/03/15:43:54,7124.888664,0.790312,0.701444,0.790312,0.701444,29,16,27,14,0,0,0,0,159,88,62,48
2026/02/03/15:43:55,7125.888784,0.790312,0.701444,0.790312,0.701444,29,16,27,14,0,0,0,0,159,88,62,48
2026/02/03/15:43:56,7126.888889,0.790312,0.701444,0.790312,0.701444,29,16,27,14,0,0,0,0,159,88,62,48
2026/02/03/15:43:57,7127.889048,0.790312,0.701444,0.790312,0.701444,29,16,27,14,0,0,0,0,159,88,62,48
2026/02/03/15:43:58,7128.889213,0.790312,0.701444,0.790312,0.701444,29,16,27,14,0,0,0,0,159,88,62,48
2026/02/03/15:43:59,7129.889417,0.790312,0.701444,0.790312,0.701444,29,16,27,14,0,0,0,0,159,88,62,48
2026/02/03/15:44:00,7130.889583,0.790312,0.701444,0.790312,0.701444,29,16,27,14,0,0,0,0,159,88,62,48
2026/02/03/15:44:01,7131.889747,0.790312,0.701444,0.790312,0.701444,29,16,27,14,0,0,0,0,159,88,62,48
2026/02/03/15:44:02,7132.889917,0.790312,0.701444,0.790312,0.701444,29,16,27,14,0,0,0,0,159,88,62,48
2026/02/03/15:44:03,7133.890018,0.790312,0.701444,0.790312,0.701444,29,16,27,14,0,0,0,0,159,88,62,48
2026/02/03/15:44:04,7134.890179,0.790312,0.701444,0.790312,0.701444,29,16,27,14,0,0,0,0,159,88,62,48
2026/02/03/15:44:05,7135.890338,0.790312,0.701444,0.790312,0.701444,29,16,27,14,0,0,0,0,159,88,62,48
2026/02/03/15:44:06,7136.890441,0.790312,0.701444,0.790312,0.701444,29,16,27,14,0,0,0,0,159,88,62,48
2026/02/03/15:44:07,7137.890560,0.790312,0.701444,0.790312,0.701444,29,16,27,14,0,0,0,0,159,88,62,48
2026/02/03/15:44:08,7138.890663,0.790312,0.701444,0.790312,0.701444,29,16,27,14,0,0,0,0,159,88,62,48
2026/02/03/15:44:09,7139.890815,0.790312,0.701444,0.790312,0.701444,29,16,27,14,0,0,0,0,159,88,62,48
2026/02/03/15:44:10,7140.890924,0.790312,0.701444,0.790312,0.701444,29,16,27,14,0,0,0,0,159,88,62,48
2026/02/03/15:44:11,7141.891086,0.790312,0.701444,0.790312,0.701444,29,16,27,14,0,0,0,0,159,88,62,48
2026/02/03/15:44:12,7142.891190,0.790312,0.701444,0.790312,0.701444,29,16,27,14,0,0,0,0,159,88,62,48
2026/02/03/15:44:13,7143.891366,0.790312,0.701444,0.790312,0.701444,29,16,27,14,0,0,0,0,159,88,62,48
2026/02/03/15:44:14,7144.891437,0.790312,0.701444,0.790312,0.701444,29,16,27,14,0,0,0,0,159,88,62,48
2026/02/03/15:44:15,7145.891543,0.790312,0.701444,0.790312,0.701444,29,16,27,14,0,0,0,0,159,88,62,48
2026/02/03/15:44:16,7146.891641,0.790312,0.701444,0.790312,0.701444,29,16,27,14,0,0,0,0,159,88,62,48
2026/02/03/15:44:17,7147.891806,0.790312,0.701444,0.790312,0.701444,29,16,27,14,0,0,0,0,159,88,62,48
2026/02/03/15:44:18,7148.891963,0.790312,0.701444,0.790312,0.701444,29,16,27,14,0,0,0,0,159,88,62,48
2026/02/03/15:44:19,7149.892128,0.790312,0.701444,0.790312,0.701444,29,16,27,14,0,0,0,0,159,88,62,48
2026/02/03/15:44:20,7150.892288,0.790312,0.701444,0.790312,0.701444,29,16,27,14,0,0,0,0,159,88,62,48
2026/02/03/15:44:21,7151.892466,0.790312,0.701444,0.790312,0.701444,29,16,27,14,0,0,0,0,159,88,62,48
2026/02/03/15:44:22,7152.892631,0.790312,0.701444,0.790312,0.701444,29,16,27,14,0,0,0,0,159,88,62,48
2026/02/03/15:44:23,7153.892733,0.790312,0.701444,0.790312,0.701444,29,16,27,14,0,0,0,0,159,88,62,48
2026/02/03/15:44:24,7154.892851,0.790312,0.701444,0.790312,0.701444,29,16,27,14,0,0,0,0,159,88,62,48
2026/02/03/15:44:25,7155.893015,0.790312,0.701444,0.790312,0.701444,29,16,27,14,0,0,0,0,159,88,62,48
2026/02/03/15:44:26,7156.893135,0.790312,0.701444,0.790312,0.701444,29,16,27,14,0,0,0,0,159,88,62,48
2026/02/03/15:44:27,7157.893287,0.790312,0.701444,0.790312,0.701444,29,16,27,14,0,0,0,0,159,88,62,48
2026/02/03/15:44:28,7158.893446,0.790312,0.701444,0.790312,0.701444,29,16,27,14,0,0,0,0,159,88,62,48
2026/02/03/15:44:29,7159.893610,0.790312,0.701444,0.790312,0.701444,29,16,27,14,0,0,0,0,159,88,62,48
2026/02/03/15:44:30,7160.893722,0.790312,0.701444,0.790312,0.701444,29,16,27,14,0,0,0,0,159,88,62,48
2026/02/03/15:44:31,7161.893875,0.790312,0.701444,0.790312,0.701444,29,16,27,14,0,0,0,0,159,88,62,48
2026/02/03/15:44:32,7162.893992,0.790312,0.701444,0.790312,0.701444,29,16,27,14,0,0,0,0,159,88,62,48
2026/02/03/15:44:33,7163.894091,0.790312,0.701444,0.790312,0.701444,29,16,27,14,0,0,0,0,159,88,62,48
2026/02/03/15:44:34,7164.894186,0.790312,0.701444,0.790312,0.701444,29,16,27,14,0,0,0,0,159,88,62,48
2026/02/03/15:44:35,7165.894289,0.790312,0.701444,0.790312,0.701444,29,16,27,14,0,0,0,0,159,88,62,48
2026/02/03/15:44:36,7166.894404,0.790312,0.701444,0.790312,0.701444,29,16,27,14,0,0,0,0,159,88,62,48
2026/02/03/15:44:37,7167.894512,0.790312,0.701444,0.790312,0.701444,29,16,27,14,0,0,0,0,159,88,62,48
2026/02/03/15:44:38,7168.894610,0.790312,0.701444,0.790312,0.701444,29,16,27,14,0,0,0,0,159,88,62,48
2026/02/03/15:44:39,7169.894766,0.790312,0.701444,0.790312,0.701444,29,16,27,14,0,0,0,0,159,88,62,48
2026/02/03/15:44:40,7170.894925,0.790312,0.701444,0.790312,0.701444,29,16,27,14,0,0,0,0,159,88,62,48
2026/02/03/15:44:41,7171.895080,0.790312,0.701444,0.790312,0.701444,29,16,27,14,0,0,0,0,159,88,62,48
2026/02/03/15:44:42,7172.895241,0.790312,0.701444,0.790312,0.701444,29,16,27,14,0,0,0,0,159,88,62,48
2026/02/03/15:44:43,7173.895387,0.790312,0.701444,0.790312,0.701444,29,16,27,14,0,0,0,0,159,88,62,48
2026/02/03/15:44:44,7174.895471,0.790312,0.701444,0.790312,0.701444,29,16,27,14,0,0,0,0,159,88,62,48
2026/02/03/15:44:45,7175.895620,0.790312,0.701444,0.790312,0.701444,29,16,27,14,0,0,0,0,159,88,62,48
2026/02/03/15:44:46,7176.895743,0.790312,0.701444,0.790312,0.701444,29,16,27,14,0,0,0,0,159,88,62,48
2026/02/03/15:44:47,7177.895827,0.790312,0.701444,0.790312,0.701444,29,16,27,14,0,0,0,0,159,88,62,48
2026/02/03/15:44:48,7178.895987,0.790312,0.701444,0.790312,0.701444,29,16,27,14,0,0,0,0,159,88,62,48
2026/02/03/15:44:49,7179.896154,0.790312,0.701444,0.790312,0.701444,29,16,27,14,0,0,0,0,159,88,62,48
2026/02/03/15:44:50,7180.896244,0.790312,0.701444,0.790312,0.701444,29,16,27,14,0,0,0,0,159,88,62,48
2026/02/03/15:44:51,7181.896479,0.790312,0.701444,0.790312,0.701444,29,16,27,14,0,0,0,0,159,88,62,48
2026/02/03/15:44:52,7182.896554,0.825625,0.709145,0.825625,0.709145,30,16,27,15,0,0,0,0,159,88,62,48
2026/02/03/15:44:53,7183.896645,0.825625,0.709145,0.825625,0.709145,30,16,27,15,0,0,0,0,159,88,62,48
2026/02/03/15:44:54,7184.896757,0.825625,0.709145,0.825625,0.709145,30,16,27,15,0,0,0,0,159,88,62,48
2026/02/03/15:44:55,7185.896868,0.825625,0.709145,0.825625,0.709145,30,16,27,15,0,0,0,0,159,88,62,48
2026/02/03/15:44:56,7186.896972,0.825625,0.709145,0.825625,0.709145,30,16,27,15,0,0,0,0,159,88,62,48
2026/02/03/15:44:57,7187.897085,0.825625,0.709145,0.825625,0.709145,30,16,27,15,0,0,0,0,159,88,62,48
2026/02/03/15:44:58,7188.897199,0.825625,0.709145,0.825625,0.709145,30,16,27,15,0,0,0,0,159,88,62,48
2026/02/03/15:44:59,7189.897305,0.825625,0.709145,0.825625,0.709145,30,16,27,15,0,0,0,0,159,88,62,48
2026/02/03/15:45:00,7190.897449,0.825625,0.709145,0.825625,0.709145,30,16,27,15,0,0,0,0,159,88,62,48
2026/02/03/15:45:01,7191.897613,0.825625,0.709145,0.825625,0.709145,30,16,27,15,0,0,0,0,159,88,62,48
2026/02/03/15:45:02,7192.897710,0.825625,0.709145,0.825625,0.709145,30,16,27,15,0,0,0,0,159,88,62,48
2026/02/03/15:45:03,7193.897871,0.825625,0.709145,0.825625,0.709145,30,16,27,15,0,0,0,0,159,88,62,48
2026/02/03/15:45:04,7194.898026,0.825625,0.709145,0.825625,0.709145,30,16,27,15,0,0,0,0,159,88,62,48
2026/02/03/15:45:05,7195.898186,0.825625,0.709145,0.825625,0.709145,30,16,27,15,0,0,0,0,159,88,62,48
2026/02/03/15:45:06,7196.898303,0.825625,0.709145,0.825625,0.709145,30,16,27,15,0,0,0,0,159,88,62,48
2026/02/03/15:45:07,7197.898473,0.830125,0.717213,0.830125,0.717213,30,17,27,15,0,0,0,0,159,88,62,48
2026/02/03/15:45:08,7198.898584,0.886312,0.760907,0.886312,0.760907,31,22,27,15,0,0,0,0,159,88,62,48
2026/02/03/15:45:09,7199.898704,0.895813,0.771972,0.895813,0.771972,33,22,27,15,0,0,0,0,159,88,62,48
2026/02/03/15:45:10,7200.898860,0.895813,0.771972,0.895813,0.771972,33,22,27,15,0,0,0,0,159,88,62,48
2026/02/03/15:45:11,7201.899013,0.895813,0.771972,0.895813,0.771972,33,22,27,15,0,0,0,0,159,88,62,48
