timestamp,time_s,cpu_run_util,mem_run_util,cpu_req_util,mem_req_util,running_p1,unsched_p1,deletions_cum_p1
2026/02/05/00:01:40,2.116643,0.178187,0.106972,0.281250,0.142358,17,6,0
2026/02/05/00:01:41,3.117650,0.371688,0.212087,0.371688,0.212087,33,0,0
2026/02/05/00:01:42,4.118545,0.478250,0.290559,0.478250,0.290559,45,0,0
2026/02/05/00:01:43,5.119418,0.529375,0.369719,0.529375,0.369719,54,0,2
2026/02/05/00:01:44,6.120278,0.602313,0.415882,0.602313,0.415882,66,0,2
2026/02/05/00:01:45,7.121187,0.664000,0.476904,0.664000,0.476904,77,0,2
2026/02/05/00:01:46,8.121923,0.733500,0.548513,0.738750,0.552666,88,1,2
2026/02/05/00:01:47,9.122532,0.778625,0.594266,0.778625,0.594266,98,0,2
2026/02/05/00:01:48,10.123213,0.819187,0.662475,0.819187,0.662475,104,0,2
2026/02/05/00:01:49,11.123858,0.879375,0.730625,0.879375,0.730625,114,0,2
2026/02/05/00:01:50,12.124501,0.879375,0.730625,0.879375,0.730625,114,0,2
2026/02/05/00:01:51,13.125264,0.879375,0.730625,0.879375,0.730625,114,0,2
2026/02/05/00:01:52,14.126036,0.879375,0.730625,0.879375,0.730625,114,0,2
2026/02/05/00:01:53,15.126837,0.879375,0.730625,0.879375,0.730625,114,0,2
2026/02/05/00:01:54,16.127522,0.879375,0.730625,0.879375,0.730625,114,0,2
2026/02/05/00:01:55,17.128157,0.879375,0.730625,0.879375,0.730625,114,0,2
2026/02/05/00:01:56,18.128828,0.879375,0.730625,0.879375,0.730625,114,0,2
2026/02/05/00:01:57,19.129502,0.879375,0.730625,0.879375,0.730625,114,0,2
2026/02/05/00:01:58,20.130210,0.879375,0.730625,0.879375,0.730625,114,0,2
2026/02/05/00:01:59,21.130937,0.879375,0.730625,0.879375,0.730625,114,0,2
2026/02/05/00:02:00,22.131643,0.876188,0.726696,0.876188,0.726696,113,0,3
2026/02/05/00:02:01,23.132332,0.876188,0.726696,0.876188,0.726696,113,0,3
2026/02/05/00:02:02,24.133006,0.876188,0.726696,0.876188,0.726696,113,0,3
2026/02/05/00:02:03,25.133799,0.876188,0.726696,0.876188,0.726696,113,0,3
2026/02/05/00:02:04,26.134495,0.876188,0.726696,0.876188,0.726696,113,0,3
2026/02/05/00:02:05,27.135158,0.876188,0.726696,0.876188,0.726696,113,0,3
2026/02/05/00:02:06,28.135831,0.876188,0.726696,0.876188,0.726696,113,0,3
2026/02/05/00:02:07,29.136630,0.876188,0.726696,0.876188,0.726696,113,0,3
2026/02/05/00:02:08,30.137401,0.876188,0.726696,0.876188,0.726696,113,0,3
2026/02/05/00:02:09,31.138137,0.876188,0.726696,0.876188,0.726696,113,0,3
2026/02/05/00:02:10,32.138836,0.876188,0.726696,0.876188,0.726696,113,0,3
2026/02/05/00:02:11,33.139443,0.876188,0.726696,0.876188,0.726696,113,0,3
2026/02/05/00:02:12,34.140255,0.867062,0.719178,0.867062,0.719178,111,0,5
2026/02/05/00:02:13,35.141251,0.867062,0.719178,0.867062,0.719178,111,0,5
2026/02/05/00:02:14,36.141986,0.867062,0.719178,0.867062,0.719178,111,0,5
2026/02/05/00:02:15,37.142722,0.867062,0.719178,0.867062,0.719178,111,0,5
2026/02/05/00:02:16,38.153585,0.867062,0.719178,0.867062,0.719178,111,0,5
2026/02/05/00:02:17,39.154257,0.867062,0.719178,0.867062,0.719178,111,0,5
2026/02/05/00:02:18,40.154910,0.867062,0.719178,0.867062,0.719178,111,0,5
2026/02/05/00:02:19,41.155484,0.867062,0.719178,0.867062,0.719178,111,0,5
2026/02/05/00:02:20,42.156179,0.867062,0.719178,0.867062,0.719178,111,0,5
2026/02/05/00:02:21,43.156850,0.867062,0.719178,0.867062,0.719178,111,0,5
2026/02/05/00:02:22,44.157543,0.867062,0.719178,0.867062,0.719178,111,0,5
2026/02/05/00:02:23,45.158247,0.867062,0.719178,0.867062,0.719178,111,0,5
2026/02/05/00:02:24,46.159182,0.867062,0.719178,0.867062,0.719178,111,0,5
2026/02/05/00:02:25,47.159901,0.867062,0.719178,0.867062,0.719178,111,0,5
2026/02/05/00:02:26,48.160646,0.867062,0.719178,0.867062,0.719178,111,0,5
2026/02/05/00:02:27,49.161620,0.867062,0.719178,0.867062,0.719178,111,0,5
2026/02/05/00:02:28,50.162547,0.867062,0.719178,0.867062,0.719178,111,0,5
2026/02/05/00:02:29,51.163282,0.867062,0.719178,0.867062,0.719178,111,0,5
2026/02/05/00:02:30,52.164078,0.867062,0.719178,0.867062,0.719178,111,0,5
2026/02/05/00:02:31,53.164904,0.867062,0.719178,0.867062,0.719178,111,0,5
2026/02/05/00:02:32,54.165669,0.867062,0.719178,0.867062,0.719178,111,0,5
2026/02/05/00:02:33,55.166338,0.867062,0.719178,0.867062,0.719178,111,0,5
2026/02/05/00:02:34,56.167242,0.867062,0.719178,0.867062,0.719178,111,0,5
2026/02/05/00:02:35,57.168128,0.867062,0.719178,0.867062,0.719178,111,0,5
2026/02/05/00:02:36,58.168922,0.867062,0.719178,0.867062,0.719178,111,0,5
2026/02/05/00:02:37,59.169650,0.867062,0.719178,0.867062,0.719178,111,0,5
2026/02/05/00:02:38,60.170367,0.867062,0.719178,0.867062,0.719178,111,0,5
2026/02/05/00:02:39,61.171177,0.867062,0.719178,0.867062,0.719178,111,0,5
2026/02/05/00:02:40,62.172071,0.867062,0.719178,0.867062,0.719178,111,0,5
2026/02/05/00:02:41,63.172794,0.867062,0.719178,0.867062,0.719178,111,0,5
2026/02/05/00:02:42,64.173407,0.867062,0.719178,0.867062,0.719178,111,0,5
2026/02/05/00:02:43,65.174253,0.867062,0.719178,0.867062,0.719178,111,0,5
2026/02/05/00:02:44,66.175161,0.867062,0.719178,0.867062,0.719178,111,0,5
2026/02/05/00:02:45,67.176028,0.867062,0.719178,0.867062,0.719178,111,0,5
2026/02/05/00:02:46,68.176707,0.867062,0.719178,0.867062,0.719178,111,0,5
2026/02/05/00:02:47,69.177425,0.867062,0.719178,0.867062,0.719178,111,0,5
2026/02/05/00:02:48,70.178188,0.867062,0.719178,0.867062,0.719178,111,0,5
2026/02/05/00:02:49,71.178977,0.867062,0.719178,0.867062,0.719178,111,0,5
2026/02/05/00:02:50,72.179812,0.867062,0.719178,0.867062,0.719178,111,0,5
2026/02/05/00:02:51,73.180436,0.867062,0.719178,0.867062,0.719178,111,0,5
2026/02/05/00:02:52,74.181195,0.867062,0.719178,0.867062,0.719178,111,0,5
2026/02/05/00:02:53,75.182029,0.867062,0.719178,0.867062,0.719178,111,0,5
2026/02/05/00:02:54,76.182797,0.867062,0.719178,0.867062,0.719178,111,0,5
2026/02/05/00:02:55,77.183489,0.867062,0.719178,0.867062,0.719178,111,0,5
2026/02/05/00:02:56,78.184257,0.867062,0.719178,0.867062,0.719178,111,0,5
2026/02/05/00:02:57,79.185045,0.867062,0.719178,0.867062,0.719178,111,0,5
2026/02/05/00:02:58,80.185928,0.867062,0.719178,0.867062,0.719178,111,0,5
2026/02/05/00:02:59,81.186776,0.867062,0.719178,0.867062,0.719178,111,0,5
2026/02/05/00:03:00,82.187681,0.867062,0.719178,0.867062,0.719178,111,0,5
2026/02/05/00:03:01,83.188562,0.867062,0.719178,0.867062,0.719178,111,0,5
2026/02/05/00:03:02,84.189380,0.867062,0.719178,0.867062,0.719178,111,0,5
2026/02/05/00:03:03,85.190172,0.867062,0.719178,0.867062,0.719178,111,0,5
2026/02/05/00:03:04,86.190997,0.867062,0.719178,0.867062,0.719178,111,0,5
2026/02/05/00:03:05,87.191700,0.867062,0.719178,0.867062,0.719178,111,0,5
2026/02/05/00:03:06,88.192981,0.867062,0.719178,0.867062,0.719178,111,0,5
2026/02/05/00:03:07,89.193731,0.867062,0.719178,0.867062,0.719178,111,0,5
2026/02/05/00:03:08,90.194534,0.867062,0.719178,0.867062,0.719178,111,0,5
2026/02/05/00:03:09,91.195315,0.867062,0.719178,0.867062,0.719178,111,0,5
2026/02/05/00:03:10,92.196134,0.867062,0.719178,0.867062,0.719178,111,0,5
2026/02/05/00:03:11,93.196910,0.867062,0.719178,0.867062,0.719178,111,0,5
2026/02/05/00:03:12,94.197639,0.851313,0.684139,0.851313,0.684139,108,0,8
2026/02/05/00:03:13,95.198376,0.851313,0.684139,0.851313,0.684139,108,0,8
2026/02/05/00:03:14,96.199118,0.851313,0.684139,0.851313,0.684139,108,0,8
2026/02/05/00:03:15,97.200080,0.851313,0.684139,0.851313,0.684139,108,0,8
2026/02/05/00:03:16,98.201971,0.851313,0.684139,0.851313,0.684139,108,0,8
2026/02/05/00:03:17,99.202787,0.851313,0.684139,0.851313,0.684139,108,0,8
2026/02/05/00:03:18,100.203497,0.851313,0.684139,0.851313,0.684139,108,0,8
2026/02/05/00:03:19,101.204334,0.851313,0.684139,0.851313,0.684139,108,0,8
2026/02/05/00:03:20,102.205067,0.851313,0.684139,0.851313,0.684139,108,0,8
2026/02/05/00:03:21,103.205936,0.851313,0.684139,0.851313,0.684139,108,0,8
2026/02/05/00:03:22,104.206666,0.851313,0.684139,0.851313,0.684139,108,0,8
2026/02/05/00:03:23,105.207538,0.851313,0.684139,0.851313,0.684139,108,0,8
2026/02/05/00:03:24,106.208353,0.851313,0.684139,0.851313,0.684139,108,0,8
2026/02/05/00:03:25,107.209167,0.844125,0.680118,0.844125,0.680118,107,0,9
2026/02/05/00:03:26,108.209971,0.844125,0.680118,0.844125,0.680118,107,0,9
2026/02/05/00:03:27,109.210766,0.844125,0.680118,0.844125,0.680118,107,0,9
2026/02/05/00:03:28,110.211594,0.844125,0.680118,0.844125,0.680118,107,0,9
2026/02/05/00:03:29,111.212295,0.844125,0.680118,0.844125,0.680118,107,0,9
2026/02/05/00:03:30,112.212932,0.844125,0.680118,0.844125,0.680118,107,0,9
2026/02/05/00:03:31,113.213695,0.844125,0.680118,0.844125,0.680118,107,0,9
2026/02/05/00:03:32,114.214853,0.844125,0.680118,0.844125,0.680118,107,0,9
2026/02/05/00:03:33,115.215916,0.844125,0.680118,0.844125,0.680118,107,0,9
2026/02/05/00:03:34,116.216848,0.844125,0.680118,0.844125,0.680118,107,0,9
2026/02/05/00:03:35,117.217743,0.844125,0.680118,0.844125,0.680118,107,0,9
2026/02/05/00:03:36,118.218545,0.844125,0.680118,0.844125,0.680118,107,0,9
2026/02/05/00:03:37,119.219322,0.844125,0.680118,0.844125,0.680118,107,0,9
2026/02/05/00:03:38,120.220072,0.844125,0.680118,0.844125,0.680118,107,0,9
2026/02/05/00:03:39,121.220914,0.844125,0.680118,0.844125,0.680118,107,0,9
2026/02/05/00:03:40,122.221834,0.844125,0.680118,0.844125,0.680118,107,0,9
2026/02/05/00:03:41,123.222722,0.844125,0.680118,0.844125,0.680118,107,0,9
2026/02/05/00:03:42,124.223621,0.844125,0.680118,0.844125,0.680118,107,0,9
2026/02/05/00:03:43,125.224545,0.844125,0.680118,0.844125,0.680118,107,0,9
2026/02/05/00:03:44,126.225348,0.844125,0.680118,0.844125,0.680118,107,0,9
2026/02/05/00:03:45,127.226511,0.844125,0.680118,0.844125,0.680118,107,0,9
2026/02/05/00:03:46,128.227376,0.844125,0.680118,0.844125,0.680118,107,0,9
2026/02/05/00:03:47,129.228475,0.844125,0.680118,0.844125,0.680118,107,0,9
2026/02/05/00:03:48,130.229517,0.844125,0.680118,0.844125,0.680118,107,0,9
2026/02/05/00:03:49,131.230430,0.844125,0.680118,0.844125,0.680118,107,0,9
2026/02/05/00:03:50,132.231301,0.844125,0.680118,0.844125,0.680118,107,0,9
2026/02/05/00:03:51,133.231985,0.844125,0.680118,0.844125,0.680118,107,0,9
2026/02/05/00:03:52,134.232671,0.844125,0.680118,0.844125,0.680118,107,0,9
2026/02/05/00:03:53,135.233594,0.844125,0.680118,0.844125,0.680118,107,0,9
2026/02/05/00:03:54,136.234403,0.844125,0.680118,0.844125,0.680118,107,0,9
2026/02/05/00:03:55,137.235202,0.844125,0.680118,0.844125,0.680118,107,0,9
2026/02/05/00:03:56,138.236114,0.844125,0.680118,0.844125,0.680118,107,0,9
2026/02/05/00:03:57,139.237105,0.844125,0.680118,0.844125,0.680118,107,0,9
2026/02/05/00:03:58,140.237868,0.844125,0.680118,0.844125,0.680118,107,0,9
2026/02/05/00:03:59,141.238894,0.844125,0.680118,0.844125,0.680118,107,0,9
2026/02/05/00:04:00,142.239882,0.844125,0.680118,0.844125,0.680118,107,0,9
2026/02/05/00:04:01,143.240519,0.844125,0.680118,0.844125,0.680118,107,0,9
2026/02/05/00:04:02,144.241202,0.844125,0.680118,0.844125,0.680118,107,0,9
2026/02/05/00:04:03,145.241880,0.844125,0.680118,0.844125,0.680118,107,0,9
2026/02/05/00:04:04,146.246597,0.844125,0.680118,0.844125,0.680118,107,0,9
2026/02/05/00:04:05,147.247423,0.844125,0.680118,0.844125,0.680118,107,0,9
2026/02/05/00:04:06,148.248307,0.844125,0.680118,0.844125,0.680118,107,0,9
2026/02/05/00:04:07,149.248975,0.844125,0.680118,0.844125,0.680118,107,0,9
2026/02/05/00:04:08,150.249843,0.844125,0.680118,0.844125,0.680118,107,0,9
2026/02/05/00:04:09,151.250500,0.844125,0.680118,0.844125,0.680118,107,0,9
2026/02/05/00:04:10,152.251364,0.844125,0.680118,0.844125,0.680118,107,0,9
2026/02/05/00:04:11,153.252301,0.844125,0.680118,0.844125,0.680118,107,0,9
2026/02/05/00:04:12,154.253144,0.844125,0.680118,0.844125,0.680118,107,0,9
2026/02/05/00:04:13,155.254009,0.806438,0.650563,0.806438,0.650563,104,0,12
2026/02/05/00:04:14,156.254935,0.806438,0.650563,0.806438,0.650563,104,0,12
2026/02/05/00:04:15,157.255903,0.806438,0.650563,0.806438,0.650563,104,0,12
2026/02/05/00:04:16,158.256687,0.806438,0.650563,0.806438,0.650563,104,0,12
2026/02/05/00:04:17,159.257519,0.806438,0.650563,0.806438,0.650563,104,0,12
2026/02/05/00:04:18,160.258719,0.806438,0.650563,0.806438,0.650563,104,0,12
2026/02/05/00:04:19,161.259966,0.806438,0.650563,0.806438,0.650563,104,0,12
2026/02/05/00:04:20,162.260910,0.806438,0.650563,0.806438,0.650563,104,0,12
2026/02/05/00:04:21,163.261628,0.806438,0.650563,0.806438,0.650563,104,0,12
2026/02/05/00:04:22,164.262630,0.806438,0.650563,0.806438,0.650563,104,0,12
2026/02/05/00:04:23,165.263434,0.806438,0.650563,0.806438,0.650563,104,0,12
2026/02/05/00:04:24,166.264294,0.806438,0.650563,0.806438,0.650563,104,0,12
2026/02/05/00:04:25,167.265073,0.806438,0.650563,0.806438,0.650563,104,0,12
2026/02/05/00:04:26,168.265976,0.806438,0.650563,0.806438,0.650563,104,0,12
2026/02/05/00:04:27,169.266908,0.806438,0.650563,0.806438,0.650563,104,0,12
2026/02/05/00:04:28,170.267856,0.806438,0.650563,0.806438,0.650563,104,0,12
2026/02/05/00:04:29,171.268953,0.806438,0.650563,0.806438,0.650563,104,0,12
2026/02/05/00:04:30,172.269758,0.806438,0.650563,0.806438,0.650563,104,0,12
2026/02/05/00:04:31,173.270605,0.806438,0.650563,0.806438,0.650563,104,0,12
2026/02/05/00:04:32,174.271272,0.806438,0.650563,0.806438,0.650563,104,0,12
2026/02/05/00:04:33,175.272139,0.806438,0.650563,0.806438,0.650563,104,0,12
2026/02/05/00:04:34,176.273046,0.806438,0.650563,0.806438,0.650563,104,0,12
2026/02/05/00:04:35,177.273999,0.806438,0.650563,0.806438,0.650563,104,0,12
2026/02/05/00:04:36,178.274776,0.806438,0.650563,0.806438,0.650563,104,0,12
2026/02/05/00:04:37,179.275597,0.806438,0.650563,0.806438,0.650563,104,0,12
2026/02/05/00:04:38,180.276582,0.806438,0.650563,0.806438,0.650563,104,0,12
2026/02/05/00:04:39,181.277392,0.806438,0.650563,0.806438,0.650563,104,0,12
2026/02/05/00:04:40,182.278246,0.806438,0.650563,0.806438,0.650563,104,0,12
2026/02/05/00:04:41,183.279217,0.806438,0.650563,0.806438,0.650563,104,0,12
2026/02/05/00:04:42,184.279976,0.806438,0.650563,0.806438,0.650563,104,0,12
2026/02/05/00:04:43,185.280851,0.806438,0.650563,0.806438,0.650563,104,0,12
2026/02/05/00:04:44,186.281672,0.806438,0.650563,0.806438,0.650563,104,0,12
2026/02/05/00:04:45,187.282423,0.806438,0.650563,0.806438,0.650563,104,0,12
2026/02/05/00:04:46,188.283475,0.806438,0.650563,0.806438,0.650563,104,0,12
2026/02/05/00:04:47,189.284393,0.806438,0.650563,0.806438,0.650563,104,0,12
2026/02/05/00:04:48,190.285311,0.806438,0.650563,0.806438,0.650563,104,0,12
2026/02/05/00:04:49,191.286555,0.806438,0.650563,0.806438,0.650563,104,0,12
2026/02/05/00:04:50,192.287251,0.806438,0.650563,0.806438,0.650563,104,0,12
2026/02/05/00:04:51,193.287947,0.806438,0.650563,0.806438,0.650563,104,0,12
2026/02/05/00:04:52,194.288848,0.806438,0.650563,0.806438,0.650563,104,0,12
2026/02/05/00:04:53,195.289640,0.806438,0.650563,0.806438,0.650563,104,0,12
2026/02/05/00:04:54,196.290404,0.806438,0.650563,0.806438,0.650563,104,0,12
2026/02/05/00:04:55,197.291198,0.806438,0.650563,0.806438,0.650563,104,0,12
2026/02/05/00:04:56,198.292275,0.806438,0.650563,0.806438,0.650563,104,0,12
2026/02/05/00:04:57,199.293055,0.796687,0.637350,0.796687,0.637350,101,0,15
2026/02/05/00:04:58,200.293787,0.796687,0.637350,0.796687,0.637350,101,0,15
2026/02/05/00:04:59,201.294535,0.796687,0.637350,0.796687,0.637350,101,0,15
2026/02/05/00:05:00,202.295413,0.796687,0.637350,0.796687,0.637350,101,0,15
2026/02/05/00:05:01,203.296178,0.796687,0.637350,0.796687,0.637350,101,0,15
2026/02/05/00:05:02,204.297087,0.796687,0.637350,0.796687,0.637350,101,0,15
2026/02/05/00:05:03,205.297923,0.796687,0.637350,0.796687,0.637350,101,0,15
2026/02/05/00:05:04,206.298863,0.796687,0.637350,0.796687,0.637350,101,0,15
2026/02/05/00:05:05,207.299915,0.796687,0.637350,0.796687,0.637350,101,0,15
2026/02/05/00:05:06,208.300674,0.796687,0.637350,0.796687,0.637350,101,0,15
2026/02/05/00:05:07,209.301380,0.796687,0.637350,0.796687,0.637350,101,0,15
2026/02/05/00:05:08,210.302447,0.796687,0.637350,0.796687,0.637350,101,0,15
2026/02/05/00:05:09,211.303236,0.820562,0.657994,0.839250,0.696236,105,3,15
2026/02/05/00:05:10,212.303931,0.854625,0.720094,0.889250,0.753440,111,2,15
2026/02/05/00:05:11,213.304821,0.854625,0.720094,0.889250,0.753440,111,2,15
2026/02/05/00:05:12,214.305694,0.854313,0.705982,0.871625,0.722655,109,1,18
2026/02/05/00:05:13,215.306482,0.837000,0.689309,0.837000,0.689309,108,0,19
2026/02/05/00:05:14,216.307311,0.837000,0.689309,0.837000,0.689309,108,0,19
2026/02/05/00:05:15,217.308182,0.837000,0.689309,0.837000,0.689309,108,0,19
2026/02/05/00:05:16,218.309151,0.837000,0.689309,0.837000,0.689309,108,0,19
2026/02/05/00:05:17,219.309874,0.837000,0.689309,0.837000,0.689309,108,0,19
2026/02/05/00:05:18,220.310840,0.837000,0.689309,0.837000,0.689309,108,0,19
2026/02/05/00:05:19,221.311615,0.837000,0.689309,0.837000,0.689309,108,0,19
2026/02/05/00:05:20,222.312796,0.837000,0.689309,0.837000,0.689309,108,0,19
2026/02/05/00:05:21,223.313572,0.837000,0.689309,0.837000,0.689309,108,0,19
2026/02/05/00:05:22,224.314478,0.837000,0.689309,0.837000,0.689309,108,0,19
2026/02/05/00:05:23,225.315313,0.837000,0.689309,0.837000,0.689309,108,0,19
2026/02/05/00:05:24,226.316170,0.853187,0.704571,0.853187,0.704571,111,0,19
2026/02/05/00:05:25,227.317104,0.853187,0.704571,0.853187,0.704571,111,0,19
2026/02/05/00:05:26,228.317986,0.853187,0.704571,0.853187,0.704571,111,0,19
2026/02/05/00:05:27,229.318845,0.853187,0.704571,0.853187,0.704571,111,0,19
2026/02/05/00:05:28,230.319854,0.843938,0.696922,0.843938,0.696922,109,0,21
2026/02/05/00:05:29,231.320833,0.843938,0.696922,0.843938,0.696922,109,0,21
2026/02/05/00:05:30,232.321658,0.843938,0.696922,0.843938,0.696922,109,0,21
2026/02/05/00:05:31,233.322505,0.843938,0.696922,0.843938,0.696922,109,0,21
2026/02/05/00:05:32,234.323263,0.843938,0.696922,0.843938,0.696922,109,0,21
2026/02/05/00:05:33,235.324109,0.843938,0.696922,0.843938,0.696922,109,0,21
2026/02/05/00:05:34,236.324834,0.851437,0.706135,0.851437,0.706135,110,0,21
2026/02/05/00:05:35,237.325852,0.851437,0.706135,0.851437,0.706135,110,0,21
2026/02/05/00:05:36,238.326631,0.844500,0.698522,0.844500,0.698522,109,0,22
2026/02/05/00:05:37,239.327415,0.847625,0.704312,0.847625,0.704312,110,0,23
2026/02/05/00:05:38,240.328418,0.847625,0.704312,0.847625,0.704312,110,0,23
2026/02/05/00:05:39,241.329250,0.847625,0.704312,0.847625,0.704312,110,0,23
2026/02/05/00:05:40,242.330084,0.847625,0.704312,0.847625,0.704312,110,0,23
2026/02/05/00:05:41,243.330708,0.847625,0.704312,0.847625,0.704312,110,0,23
2026/02/05/00:05:42,244.331564,0.847625,0.704312,0.847625,0.704312,110,0,23
2026/02/05/00:05:43,245.332539,0.847625,0.704312,0.847625,0.704312,110,0,23
2026/02/05/00:05:44,246.333543,0.847625,0.704312,0.847625,0.704312,110,0,23
2026/02/05/00:05:45,247.334446,0.855500,0.729472,0.855500,0.729472,112,0,23
2026/02/05/00:05:46,248.335194,0.855500,0.729472,0.878625,0.733471,112,1,23
2026/02/05/00:05:47,249.335974,0.855500,0.729472,0.878625,0.733471,112,1,23
2026/02/05/00:05:48,250.336948,0.855500,0.729472,0.878625,0.733471,112,1,23
2026/02/05/00:05:49,251.337829,0.855500,0.729472,0.878625,0.733471,112,1,23
2026/02/05/00:05:50,252.338731,0.855500,0.729472,0.878625,0.733471,112,1,23
2026/02/05/00:05:51,253.339612,0.847625,0.704312,0.870750,0.708311,110,1,25
2026/02/05/00:05:52,254.340535,0.847625,0.704312,0.870750,0.708311,110,1,25
2026/02/05/00:05:53,255.341427,0.847625,0.704312,0.870750,0.708311,110,1,25
2026/02/05/00:05:54,256.342455,0.847625,0.704312,0.870750,0.708311,110,1,25
2026/02/05/00:05:55,257.343297,0.847625,0.704312,0.870750,0.708311,110,1,25
2026/02/05/00:05:56,258.344307,0.847625,0.704312,0.870750,0.708311,110,1,25
2026/02/05/00:05:57,259.344993,0.847625,0.704312,0.870750,0.708311,110,1,25
2026/02/05/00:05:58,260.345751,0.847625,0.704312,0.870750,0.708311,110,1,25
2026/02/05/00:05:59,261.346577,0.847625,0.704312,0.870750,0.708311,110,1,25
2026/02/05/00:06:00,262.347337,0.852500,0.707506,0.875625,0.711505,111,1,25
2026/02/05/00:06:01,263.347994,0.841875,0.692503,0.865000,0.696502,109,1,27
2026/02/05/00:06:02,264.348861,0.841875,0.692503,0.865000,0.696502,109,1,27
2026/02/05/00:06:03,265.349503,0.926625,0.778808,0.979625,0.818173,121,3,28
2026/02/05/00:06:04,266.350257,0.928063,0.771022,0.981062,0.810387,121,3,29
2026/02/05/00:06:05,267.351048,0.928063,0.771022,0.981062,0.810387,121,3,29
2026/02/05/00:06:06,268.351740,0.917937,0.756505,0.970938,0.795870,118,3,32
2026/02/05/00:06:07,269.352663,0.912500,0.746036,0.965500,0.785401,117,3,33
2026/02/05/00:06:08,270.353453,0.908875,0.741993,0.961875,0.781358,116,3,34
2026/02/05/00:06:09,271.354447,0.908875,0.741993,0.961875,0.781358,116,3,34
2026/02/05/00:06:10,272.355121,0.908875,0.741993,0.961875,0.781358,116,3,34
2026/02/05/00:06:11,273.355759,0.908875,0.741993,0.961875,0.781358,116,3,34
2026/02/05/00:06:12,274.356569,0.908875,0.741993,0.961875,0.781358,116,3,34
2026/02/05/00:06:13,275.357522,0.908875,0.741993,0.961875,0.781358,116,3,34
2026/02/05/00:06:14,276.358228,0.908875,0.741993,0.961875,0.781358,116,3,34
2026/02/05/00:06:15,277.359061,0.908875,0.741993,0.961875,0.781358,116,3,34
2026/02/05/00:06:16,278.359708,0.908875,0.741993,0.961875,0.781358,116,3,34
2026/02/05/00:06:17,279.360519,0.922188,0.753725,0.975187,0.793091,119,3,34
2026/02/05/00:06:18,280.361518,0.922188,0.753725,0.975187,0.793091,119,3,34
2026/02/05/00:06:19,281.362356,0.918188,0.750218,0.971187,0.789583,118,3,35
2026/02/05/00:06:20,282.363136,0.918188,0.750218,0.971187,0.789583,118,3,35
2026/02/05/00:06:21,283.364520,0.918188,0.750218,0.971187,0.789583,118,3,35
2026/02/05/00:06:22,284.365308,0.918188,0.750218,0.971187,0.789583,118,3,35
2026/02/05/00:06:23,285.366195,0.918188,0.750218,0.971187,0.789583,118,3,35
2026/02/05/00:06:24,286.367060,0.918188,0.750218,0.971187,0.789583,118,3,35
2026/02/05/00:06:25,287.367917,0.904875,0.738485,0.957875,0.777850,115,3,38
2026/02/05/00:06:26,288.368663,0.904875,0.738485,0.957875,0.777850,115,3,38
2026/02/05/00:06:27,289.376928,0.909125,0.744182,0.962125,0.783547,116,3,38
2026/02/05/00:06:28,290.428088,0.909125,0.744182,0.962125,0.783547,116,3,38
2026/02/05/00:06:29,291.428881,0.909125,0.744182,0.962125,0.783547,116,3,38
2026/02/05/00:06:32,294.548882,0.909125,0.744182,0.962125,0.783547,116,3,38
2026/02/05/00:06:36,298.248786,0.897250,0.737435,0.938375,0.770053,115,2,39
2026/02/05/00:06:39,301.338840,0.897250,0.737435,0.938375,0.770053,115,2,39
2026/02/05/00:06:40,302.339236,0.938375,0.770053,0.938375,0.770053,117,0,44
2026/02/05/00:06:41,303.340235,0.938375,0.770053,0.938375,0.770053,117,0,44
2026/02/05/00:06:42,304.340855,0.938375,0.770053,0.938375,0.770053,117,0,44
2026/02/05/00:06:43,305.341698,0.938375,0.770053,0.938375,0.770053,117,0,44
2026/02/05/00:06:44,306.342292,0.938375,0.770053,0.938375,0.770053,117,0,44
2026/02/05/00:06:45,307.343180,0.938375,0.770053,0.938375,0.770053,117,0,44
2026/02/05/00:06:46,308.344089,0.938375,0.770053,0.938375,0.770053,117,0,44
2026/02/05/00:06:47,309.345082,0.938375,0.770053,0.938375,0.770053,117,0,44
2026/02/05/00:06:48,310.345917,0.926125,0.766598,0.926125,0.766598,116,0,45
2026/02/05/00:06:49,311.346936,0.926125,0.766598,0.926125,0.766598,116,0,45
2026/02/05/00:06:50,312.347813,0.926125,0.766598,0.926125,0.766598,116,0,45
2026/02/05/00:06:51,313.348509,0.926125,0.766598,0.926125,0.766598,116,0,45
2026/02/05/00:06:52,314.349228,0.926125,0.766598,0.926125,0.766598,116,0,45
2026/02/05/00:06:53,315.350198,0.926125,0.766598,0.926125,0.766598,116,0,45
2026/02/05/00:06:54,316.350903,0.926125,0.766598,0.926125,0.766598,116,0,45
2026/02/05/00:06:55,317.351711,0.926125,0.766598,0.926125,0.766598,116,0,45
2026/02/05/00:06:56,318.352218,0.945250,0.801418,0.945250,0.801418,123,0,47
2026/02/05/00:06:57,319.352933,0.945250,0.801418,0.945250,0.801418,123,0,47
2026/02/05/00:06:58,320.353796,0.946937,0.784085,0.968812,0.791944,122,2,50
2026/02/05/00:06:59,321.354509,0.946937,0.784085,0.968812,0.791944,122,2,50
2026/02/05/00:07:00,322.355255,0.959562,0.799841,0.959562,0.799841,125,0,53
2026/02/05/00:07:01,323.356043,0.959562,0.799841,0.959562,0.799841,125,0,53
2026/02/05/00:07:02,324.356805,0.953812,0.795867,0.953812,0.795867,124,0,54
2026/02/05/00:07:03,325.357457,0.953812,0.795867,0.953812,0.795867,124,0,54
2026/02/05/00:07:04,326.359185,0.944250,0.784742,0.944250,0.784742,121,0,57
2026/02/05/00:07:05,327.360066,0.944250,0.784742,0.944250,0.784742,121,0,57
2026/02/05/00:07:06,328.360936,0.932625,0.767553,0.932625,0.767553,118,0,60
2026/02/05/00:07:07,329.361593,0.932625,0.767553,0.932625,0.767553,118,0,60
2026/02/05/00:07:08,330.362400,0.932625,0.767553,0.932625,0.767553,118,0,60
2026/02/05/00:07:09,331.363211,0.932625,0.767553,0.932625,0.767553,118,0,60
2026/02/05/00:07:10,332.364094,0.932625,0.767553,0.932625,0.767553,118,0,60
2026/02/05/00:07:11,333.364918,0.932625,0.767553,0.932625,0.767553,118,0,60
2026/02/05/00:07:12,334.365820,0.916687,0.734109,0.916687,0.734109,115,0,63
2026/02/05/00:07:13,335.366592,0.916687,0.734109,0.916687,0.734109,115,0,63
2026/02/05/00:07:14,336.367672,0.916687,0.734109,0.916687,0.734109,115,0,63
2026/02/05/00:07:15,337.368441,0.916687,0.734109,0.916687,0.734109,115,0,63
2026/02/05/00:07:16,338.369213,0.916687,0.734109,0.916687,0.734109,115,0,63
2026/02/05/00:07:17,339.370028,0.916687,0.734109,0.916687,0.734109,115,0,63
2026/02/05/00:07:18,340.370829,0.916687,0.734109,0.916687,0.734109,115,0,63
2026/02/05/00:07:19,341.371574,0.916687,0.734109,0.916687,0.734109,115,0,63
2026/02/05/00:07:20,342.372344,0.930375,0.794554,0.930375,0.794554,118,0,63
2026/02/05/00:07:21,343.373097,0.930375,0.794554,0.930375,0.794554,118,0,63
2026/02/05/00:07:22,344.374006,0.930375,0.794554,0.930375,0.794554,118,0,63
2026/02/05/00:07:23,345.374736,0.928500,0.765828,0.928500,0.765828,118,0,66
2026/02/05/00:07:24,346.375558,0.928500,0.765828,0.928500,0.765828,118,0,66
2026/02/05/00:07:25,347.376225,0.916500,0.756223,0.916500,0.756223,116,0,68
2026/02/05/00:07:26,348.376975,0.916500,0.756223,0.916500,0.756223,116,0,68
2026/02/05/00:07:27,349.377831,0.916500,0.756223,0.916500,0.756223,116,0,68
2026/02/05/00:07:28,350.378594,0.916500,0.756223,0.916500,0.756223,116,0,68
2026/02/05/00:07:29,351.379377,0.916500,0.756223,0.916500,0.756223,116,0,68
2026/02/05/00:07:30,352.380228,0.916500,0.756223,0.916500,0.756223,116,0,68
2026/02/05/00:07:31,353.381079,0.894938,0.714868,0.894938,0.714868,112,0,72
2026/02/05/00:07:32,354.381863,0.894938,0.714868,0.894938,0.714868,112,0,72
2026/02/05/00:07:33,355.382888,0.894938,0.714868,0.894938,0.714868,112,0,72
2026/02/05/00:07:34,356.383793,0.894938,0.714868,0.894938,0.714868,112,0,72
2026/02/05/00:07:35,357.384598,0.894938,0.714868,0.894938,0.714868,112,0,72
2026/02/05/00:07:36,358.385428,0.894938,0.714868,0.894938,0.714868,112,0,72
2026/02/05/00:07:37,359.386274,0.894938,0.714868,0.894938,0.714868,112,0,72
2026/02/05/00:07:38,360.387129,0.894938,0.714868,0.894938,0.714868,112,0,72
2026/02/05/00:07:39,361.387896,0.894938,0.714868,0.894938,0.714868,112,0,72
2026/02/05/00:07:40,362.388601,0.894938,0.714868,0.894938,0.714868,112,0,72
2026/02/05/00:07:41,363.389313,0.887125,0.711651,0.887125,0.711651,111,0,73
2026/02/05/00:07:42,364.390049,0.887125,0.711651,0.887125,0.711651,111,0,73
2026/02/05/00:07:43,365.391127,0.887125,0.711651,0.887125,0.711651,111,0,73
2026/02/05/00:07:44,366.392184,0.887125,0.711651,0.887125,0.711651,111,0,73
2026/02/05/00:07:45,367.392965,0.887125,0.711651,0.887125,0.711651,111,0,73
2026/02/05/00:07:46,368.393791,0.887125,0.711651,0.887125,0.711651,111,0,73
2026/02/05/00:07:47,369.394680,0.887125,0.711651,0.887125,0.711651,111,0,73
2026/02/05/00:07:48,370.395411,0.887125,0.711651,0.887125,0.711651,111,0,73
2026/02/05/00:07:49,371.396354,0.887125,0.711651,0.887125,0.711651,111,0,73
2026/02/05/00:07:50,372.397114,0.887125,0.711651,0.887125,0.711651,111,0,73
2026/02/05/00:07:51,373.397948,0.887125,0.711651,0.887125,0.711651,111,0,73
2026/02/05/00:07:52,374.398823,0.887125,0.711651,0.887125,0.711651,111,0,73
2026/02/05/00:07:53,375.409703,0.887125,0.711651,0.887125,0.711651,111,0,73
2026/02/05/00:07:54,376.410544,0.887125,0.711651,0.887125,0.711651,111,0,73
2026/02/05/00:07:55,377.411334,0.887125,0.711651,0.887125,0.711651,111,0,73
2026/02/05/00:07:56,378.412111,0.887125,0.711651,0.887125,0.711651,111,0,73
2026/02/05/00:07:57,379.412929,0.887125,0.711651,0.887125,0.711651,111,0,73
2026/02/05/00:07:58,380.413841,0.887125,0.711651,0.887125,0.711651,111,0,73
2026/02/05/00:07:59,381.414532,0.887125,0.711651,0.887125,0.711651,111,0,73
2026/02/05/00:08:00,382.415498,0.887125,0.711651,0.887125,0.711651,111,0,73
2026/02/05/00:08:01,383.416521,0.887125,0.711651,0.887125,0.711651,111,0,73
2026/02/05/00:08:02,384.417292,0.887125,0.711651,0.887125,0.711651,111,0,73
2026/02/05/00:08:03,385.418072,0.887125,0.711651,0.887125,0.711651,111,0,73
2026/02/05/00:08:04,386.418836,0.887125,0.711651,0.887125,0.711651,111,0,73
2026/02/05/00:08:05,387.419748,0.887125,0.711651,0.887125,0.711651,111,0,73
2026/02/05/00:08:06,388.421522,0.887125,0.711651,0.887125,0.711651,111,0,73
2026/02/05/00:08:07,389.422418,0.887125,0.711651,0.887125,0.711651,111,0,73
2026/02/05/00:08:08,390.423364,0.887125,0.711651,0.887125,0.711651,111,0,73
2026/02/05/00:08:09,391.424176,0.887125,0.711651,0.887125,0.711651,111,0,73
2026/02/05/00:08:10,392.424995,0.887125,0.711651,0.887125,0.711651,111,0,73
2026/02/05/00:08:11,393.425946,0.887125,0.711651,0.887125,0.711651,111,0,73
2026/02/05/00:08:12,394.426593,0.887125,0.711651,0.887125,0.711651,111,0,73
2026/02/05/00:08:13,395.427632,0.887125,0.711651,0.887125,0.711651,111,0,73
2026/02/05/00:08:14,396.428412,0.887125,0.711651,0.887125,0.711651,111,0,73
2026/02/05/00:08:15,397.429204,0.887125,0.711651,0.887125,0.711651,111,0,73
2026/02/05/00:08:16,398.430056,0.887125,0.711651,0.887125,0.711651,111,0,73
2026/02/05/00:08:17,399.430853,0.887125,0.711651,0.887125,0.711651,111,0,73
2026/02/05/00:08:18,400.431843,0.887125,0.711651,0.887125,0.711651,111,0,73
2026/02/05/00:08:19,401.432529,0.887125,0.711651,0.887125,0.711651,111,0,73
2026/02/05/00:08:20,402.433692,0.887125,0.711651,0.887125,0.711651,111,0,73
2026/02/05/00:08:21,403.434695,0.887125,0.711651,0.887125,0.711651,111,0,73
2026/02/05/00:08:22,404.436298,0.887125,0.711651,0.887125,0.711651,111,0,73
2026/02/05/00:08:23,405.437253,0.887125,0.711651,0.887125,0.711651,111,0,73
2026/02/05/00:08:24,406.438221,0.887125,0.711651,0.887125,0.711651,111,0,73
2026/02/05/00:08:25,407.439052,0.887125,0.711651,0.887125,0.711651,111,0,73
2026/02/05/00:08:26,408.440832,0.887125,0.711651,0.887125,0.711651,111,0,73
2026/02/05/00:08:27,409.441716,0.887125,0.711651,0.887125,0.711651,111,0,73
2026/02/05/00:08:28,410.442506,0.887125,0.711651,0.887125,0.711651,111,0,73
2026/02/05/00:08:29,411.443805,0.887125,0.711651,0.887125,0.711651,111,0,73
2026/02/05/00:08:30,412.444587,0.887125,0.711651,0.887125,0.711651,111,0,73
2026/02/05/00:08:31,413.445552,0.887125,0.711651,0.887125,0.711651,111,0,73
2026/02/05/00:08:32,414.446412,0.887125,0.711651,0.887125,0.711651,111,0,73
2026/02/05/00:08:33,415.447175,0.877000,0.696544,0.877000,0.696544,108,0,76
2026/02/05/00:08:34,416.448189,0.877000,0.696544,0.877000,0.696544,108,0,76
2026/02/05/00:08:35,417.448997,0.869500,0.688874,0.869500,0.688874,107,0,77
2026/02/05/00:08:36,418.450084,0.869500,0.688874,0.869500,0.688874,107,0,77
2026/02/05/00:08:37,419.450926,0.869500,0.688874,0.869500,0.688874,107,0,77
2026/02/05/00:08:38,420.451899,0.869500,0.688874,0.869500,0.688874,107,0,77
2026/02/05/00:08:39,421.452877,0.869500,0.688874,0.869500,0.688874,107,0,77
2026/02/05/00:08:40,422.453739,0.869500,0.688874,0.869500,0.688874,107,0,77
2026/02/05/00:08:41,423.454659,0.869500,0.688874,0.869500,0.688874,107,0,77
2026/02/05/00:08:42,424.455448,0.869500,0.688874,0.869500,0.688874,107,0,77
2026/02/05/00:08:43,425.456358,0.869500,0.688874,0.869500,0.688874,107,0,77
2026/02/05/00:08:44,426.457101,0.869500,0.688874,0.869500,0.688874,107,0,77
2026/02/05/00:08:45,427.457966,0.869500,0.688874,0.869500,0.688874,107,0,77
2026/02/05/00:08:46,428.458877,0.869500,0.688874,0.869500,0.688874,107,0,77
2026/02/05/00:08:47,429.459754,0.869500,0.688874,0.869500,0.688874,107,0,77
2026/02/05/00:08:48,430.460662,0.869500,0.688874,0.869500,0.688874,107,0,77
2026/02/05/00:08:49,431.461639,0.869500,0.688874,0.869500,0.688874,107,0,77
2026/02/05/00:08:50,432.463911,0.869500,0.688874,0.869500,0.688874,107,0,77
2026/02/05/00:08:51,433.464992,0.869500,0.688874,0.869500,0.688874,107,0,77
2026/02/05/00:08:52,434.465826,0.869500,0.688874,0.869500,0.688874,107,0,77
2026/02/05/00:08:53,435.466665,0.869500,0.688874,0.869500,0.688874,107,0,77
2026/02/05/00:08:54,436.467376,0.869500,0.688874,0.869500,0.688874,107,0,77
2026/02/05/00:08:55,437.468051,0.869500,0.688874,0.869500,0.688874,107,0,77
2026/02/05/00:08:56,438.468942,0.869500,0.688874,0.869500,0.688874,107,0,77
2026/02/05/00:08:57,439.475799,0.869500,0.688874,0.869500,0.688874,107,0,77
2026/02/05/00:08:58,440.476497,0.869500,0.688874,0.869500,0.688874,107,0,77
2026/02/05/00:08:59,441.477230,0.869500,0.688874,0.869500,0.688874,107,0,77
2026/02/05/00:09:00,442.478094,0.869500,0.688874,0.869500,0.688874,107,0,77
2026/02/05/00:09:01,443.479048,0.869500,0.688874,0.869500,0.688874,107,0,77
2026/02/05/00:09:02,444.479793,0.869500,0.688874,0.869500,0.688874,107,0,77
2026/02/05/00:09:03,445.480596,0.869500,0.688874,0.869500,0.688874,107,0,77
2026/02/05/00:09:04,446.481387,0.869500,0.688874,0.869500,0.688874,107,0,77
2026/02/05/00:09:05,447.482105,0.869500,0.688874,0.869500,0.688874,107,0,77
2026/02/05/00:09:06,448.482891,0.869500,0.688874,0.869500,0.688874,107,0,77
2026/02/05/00:09:07,449.483759,0.869500,0.688874,0.869500,0.688874,107,0,77
2026/02/05/00:09:08,450.484570,0.869500,0.688874,0.869500,0.688874,107,0,77
2026/02/05/00:09:09,451.485417,0.869500,0.688874,0.869500,0.688874,107,0,77
2026/02/05/00:09:10,452.486143,0.869500,0.688874,0.869500,0.688874,107,0,77
2026/02/05/00:09:11,453.486930,0.869500,0.688874,0.869500,0.688874,107,0,77
2026/02/05/00:09:12,454.487687,0.869500,0.688874,0.869500,0.688874,107,0,77
2026/02/05/00:09:13,455.488349,0.869500,0.688874,0.869500,0.688874,107,0,77
2026/02/05/00:09:14,456.489348,0.869500,0.688874,0.869500,0.688874,107,0,77
2026/02/05/00:09:15,457.490419,0.869500,0.688874,0.869500,0.688874,107,0,77
2026/02/05/00:09:16,458.491216,0.869500,0.688874,0.869500,0.688874,107,0,77
2026/02/05/00:09:17,459.491971,0.869500,0.688874,0.869500,0.688874,107,0,77
2026/02/05/00:09:18,460.492944,0.869500,0.688874,0.869500,0.688874,107,0,77
2026/02/05/00:09:19,461.493903,0.869500,0.688874,0.869500,0.688874,107,0,77
2026/02/05/00:09:20,462.494745,0.869500,0.688874,0.869500,0.688874,107,0,77
2026/02/05/00:09:21,463.495523,0.874625,0.692481,0.884875,0.699694,108,2,77
2026/02/05/00:09:22,464.496481,0.884875,0.699694,0.884875,0.699694,110,0,77
2026/02/05/00:09:23,465.497494,0.884875,0.699694,0.884875,0.699694,110,0,77
2026/02/05/00:09:24,466.498369,0.884875,0.699694,0.884875,0.699694,110,0,77
2026/02/05/00:09:25,467.499339,0.884875,0.699694,0.884875,0.699694,110,0,77
2026/02/05/00:09:26,468.501315,0.900750,0.709592,0.900750,0.709592,112,0,77
2026/02/05/00:09:27,469.502167,0.900750,0.709592,0.900750,0.709592,112,0,77
2026/02/05/00:09:28,470.503196,0.900750,0.709592,0.900750,0.709592,112,0,77
2026/02/05/00:09:29,471.504118,0.884875,0.699694,0.884875,0.699694,110,0,79
2026/02/05/00:09:30,472.504874,0.884875,0.699694,0.884875,0.699694,110,0,79
2026/02/05/00:09:31,473.505671,0.884875,0.699694,0.884875,0.699694,110,0,79
2026/02/05/00:09:32,474.506495,0.884875,0.699694,0.884875,0.699694,110,0,79
2026/02/05/00:09:33,475.507361,0.884875,0.699694,0.884875,0.699694,110,0,79
2026/02/05/00:09:34,476.508361,0.884875,0.699694,0.884875,0.699694,110,0,79
2026/02/05/00:09:35,477.509372,0.884875,0.699694,0.884875,0.699694,110,0,79
2026/02/05/00:09:36,478.510207,0.884875,0.699694,0.884875,0.699694,110,0,79
2026/02/05/00:09:37,479.511374,0.884875,0.699694,0.884875,0.699694,110,0,79
2026/02/05/00:09:38,480.512465,0.884875,0.699694,0.884875,0.699694,110,0,79
2026/02/05/00:09:39,481.513288,0.884875,0.699694,0.884875,0.699694,110,0,79
2026/02/05/00:09:40,482.514241,0.884875,0.699694,0.884875,0.699694,110,0,79
2026/02/05/00:09:41,483.515098,0.884875,0.699694,0.884875,0.699694,110,0,79
2026/02/05/00:09:42,484.516010,0.884875,0.699694,0.884875,0.699694,110,0,79
2026/02/05/00:09:43,485.516853,0.884875,0.699694,0.884875,0.699694,110,0,79
2026/02/05/00:09:44,486.517788,0.884875,0.699694,0.884875,0.699694,110,0,79
2026/02/05/00:09:45,487.518575,0.884875,0.699694,0.884875,0.699694,110,0,79
2026/02/05/00:09:46,488.519285,0.884875,0.699694,0.884875,0.699694,110,0,79
2026/02/05/00:09:47,489.520242,0.884875,0.699694,0.884875,0.699694,110,0,79
2026/02/05/00:09:48,490.520982,0.884875,0.699694,0.884875,0.699694,110,0,79
2026/02/05/00:09:49,491.521887,0.884875,0.699694,0.884875,0.699694,110,0,79
2026/02/05/00:09:50,492.522847,0.884875,0.699694,0.884875,0.699694,110,0,79
2026/02/05/00:09:51,493.523627,0.884875,0.699694,0.884875,0.699694,110,0,79
2026/02/05/00:09:52,494.524437,0.884875,0.699694,0.884875,0.699694,110,0,79
2026/02/05/00:09:53,495.525344,0.884875,0.699694,0.884875,0.699694,110,0,79
2026/02/05/00:09:54,496.526265,0.884875,0.699694,0.884875,0.699694,110,0,79
2026/02/05/00:09:55,497.526977,0.884875,0.699694,0.884875,0.699694,110,0,79
2026/02/05/00:09:56,498.527844,0.884875,0.699694,0.884875,0.699694,110,0,79
2026/02/05/00:09:57,499.528518,0.884875,0.699694,0.884875,0.699694,110,0,79
2026/02/05/00:09:58,500.529269,0.884875,0.699694,0.884875,0.699694,110,0,79
2026/02/05/00:09:59,501.529910,0.884875,0.699694,0.884875,0.699694,110,0,79
2026/02/05/00:10:00,502.530751,0.884875,0.699694,0.884875,0.699694,110,0,79
2026/02/05/00:10:01,503.531430,0.884875,0.699694,0.884875,0.699694,110,0,79
2026/02/05/00:10:02,504.532168,0.884875,0.699694,0.884875,0.699694,110,0,79
2026/02/05/00:10:03,505.532962,0.884875,0.699694,0.884875,0.699694,110,0,79
2026/02/05/00:10:04,506.533856,0.884875,0.699694,0.884875,0.699694,110,0,79
2026/02/05/00:10:05,507.534730,0.884875,0.699694,0.884875,0.699694,110,0,79
2026/02/05/00:10:06,508.535611,0.884875,0.699694,0.884875,0.699694,110,0,79
2026/02/05/00:10:07,509.536366,0.876750,0.692619,0.876750,0.692619,108,0,81
2026/02/05/00:10:08,510.537234,0.876750,0.692619,0.876750,0.692619,108,0,81
2026/02/05/00:10:09,511.538490,0.876750,0.692619,0.876750,0.692619,108,0,81
2026/02/05/00:10:10,512.539308,0.876750,0.692619,0.876750,0.692619,108,0,81
2026/02/05/00:10:11,513.540356,0.876750,0.692619,0.876750,0.692619,108,0,81
2026/02/05/00:10:12,514.541124,0.876750,0.692619,0.876750,0.692619,108,0,81
2026/02/05/00:10:13,515.541981,0.876750,0.692619,0.876750,0.692619,108,0,81
2026/02/05/00:10:14,516.542742,0.876750,0.692619,0.876750,0.692619,108,0,81
2026/02/05/00:10:15,517.543467,0.876750,0.692619,0.876750,0.692619,108,0,81
2026/02/05/00:10:16,518.544285,0.876750,0.692619,0.876750,0.692619,108,0,81
2026/02/05/00:10:17,519.544982,0.876750,0.692619,0.876750,0.692619,108,0,81
2026/02/05/00:10:18,520.545917,0.876750,0.692619,0.876750,0.692619,108,0,81
2026/02/05/00:10:19,521.546842,0.876750,0.692619,0.876750,0.692619,108,0,81
2026/02/05/00:10:20,522.547503,0.876750,0.692619,0.876750,0.692619,108,0,81
2026/02/05/00:10:21,523.548129,0.876750,0.692619,0.876750,0.692619,108,0,81
2026/02/05/00:10:22,524.548995,0.868250,0.636449,0.868250,0.636449,106,0,83
2026/02/05/00:10:23,525.549896,0.868250,0.636449,0.868250,0.636449,106,0,83
2026/02/05/00:10:24,526.550529,0.868250,0.636449,0.868250,0.636449,106,0,83
2026/02/05/00:10:25,527.551427,0.868250,0.636449,0.868250,0.636449,106,0,83
2026/02/05/00:10:26,528.552403,0.868250,0.636449,0.868250,0.636449,106,0,83
2026/02/05/00:10:27,529.553441,0.868250,0.636449,0.868250,0.636449,106,0,83
2026/02/05/00:10:28,530.554379,0.868250,0.636449,0.868250,0.636449,106,0,83
2026/02/05/00:10:29,531.555381,0.868250,0.636449,0.868250,0.636449,106,0,83
2026/02/05/00:10:30,532.556197,0.868250,0.636449,0.868250,0.636449,106,0,83
2026/02/05/00:10:31,533.557272,0.872062,0.640235,0.872062,0.640235,107,0,83
2026/02/05/00:10:32,534.558243,0.872062,0.640235,0.872062,0.640235,107,0,83
2026/02/05/00:10:33,535.559253,0.868250,0.636449,0.868250,0.636449,106,0,84
2026/02/05/00:10:34,536.560099,0.868250,0.636449,0.868250,0.636449,106,0,84
2026/02/05/00:10:35,537.561085,0.868250,0.636449,0.868250,0.636449,106,0,84
2026/02/05/00:10:36,538.562277,0.868250,0.636449,0.868250,0.636449,106,0,84
2026/02/05/00:10:37,539.563218,0.868250,0.636449,0.868250,0.636449,106,0,84
2026/02/05/00:10:38,540.564103,0.868250,0.636449,0.868250,0.636449,106,0,84
2026/02/05/00:10:39,541.564954,0.868250,0.636449,0.868250,0.636449,106,0,84
2026/02/05/00:10:40,542.565856,0.868250,0.636449,0.868250,0.636449,106,0,84
2026/02/05/00:10:41,543.566831,0.868250,0.636449,0.868250,0.636449,106,0,84
2026/02/05/00:10:42,544.567593,0.868250,0.636449,0.868250,0.636449,106,0,84
2026/02/05/00:10:43,545.568424,0.868250,0.636449,0.868250,0.636449,106,0,84
2026/02/05/00:10:44,546.569292,0.868250,0.636449,0.868250,0.636449,106,0,84
2026/02/05/00:10:45,547.570136,0.868250,0.636449,0.868250,0.636449,106,0,84
2026/02/05/00:10:46,548.570881,0.868250,0.636449,0.868250,0.636449,106,0,84
2026/02/05/00:10:47,549.571591,0.868250,0.636449,0.868250,0.636449,106,0,84
2026/02/05/00:10:48,550.572411,0.868250,0.636449,0.868250,0.636449,106,0,84
2026/02/05/00:10:49,551.573182,0.868250,0.636449,0.868250,0.636449,106,0,84
2026/02/05/00:10:50,552.573965,0.868250,0.636449,0.868250,0.636449,106,0,84
2026/02/05/00:10:51,553.574744,0.868250,0.636449,0.868250,0.636449,106,0,84
2026/02/05/00:10:52,554.575482,0.868250,0.636449,0.868250,0.636449,106,0,84
2026/02/05/00:10:53,555.576235,0.868250,0.636449,0.868250,0.636449,106,0,84
2026/02/05/00:10:54,556.577041,0.868250,0.636449,0.868250,0.636449,106,0,84
2026/02/05/00:10:55,557.577990,0.868250,0.636449,0.868250,0.636449,106,0,84
2026/02/05/00:10:56,558.578726,0.868250,0.636449,0.868250,0.636449,106,0,84
2026/02/05/00:10:57,559.579509,0.868250,0.636449,0.868250,0.636449,106,0,84
2026/02/05/00:10:58,560.580297,0.868250,0.636449,0.868250,0.636449,106,0,84
2026/02/05/00:10:59,561.581250,0.868250,0.636449,0.868250,0.636449,106,0,84
2026/02/05/00:11:00,562.582046,0.868250,0.636449,0.868250,0.636449,106,0,84
2026/02/05/00:11:01,563.582758,0.868250,0.636449,0.868250,0.636449,106,0,84
2026/02/05/00:11:02,564.583594,0.868250,0.636449,0.868250,0.636449,106,0,84
2026/02/05/00:11:03,565.584303,0.868250,0.636449,0.868250,0.636449,106,0,84
2026/02/05/00:11:04,566.585009,0.868250,0.636449,0.868250,0.636449,106,0,84
2026/02/05/00:11:05,567.585817,0.868250,0.636449,0.868250,0.636449,106,0,84
2026/02/05/00:11:06,568.586588,0.868250,0.636449,0.868250,0.636449,106,0,84
2026/02/05/00:11:07,569.587427,0.868250,0.636449,0.868250,0.636449,106,0,84
2026/02/05/00:11:08,570.588323,0.868250,0.636449,0.868250,0.636449,106,0,84
2026/02/05/00:11:09,571.589088,0.868250,0.636449,0.868250,0.636449,106,0,84
2026/02/05/00:11:10,572.590028,0.868250,0.636449,0.868250,0.636449,106,0,84
2026/02/05/00:11:11,573.590859,0.868250,0.636449,0.868250,0.636449,106,0,84
2026/02/05/00:11:12,574.591649,0.868250,0.636449,0.868250,0.636449,106,0,84
2026/02/05/00:11:13,575.592625,0.868250,0.636449,0.868250,0.636449,106,0,84
2026/02/05/00:11:14,576.593347,0.868250,0.636449,0.868250,0.636449,106,0,84
2026/02/05/00:11:15,577.594181,0.868250,0.636449,0.868250,0.636449,106,0,84
2026/02/05/00:11:16,578.594952,0.868250,0.636449,0.868250,0.636449,106,0,84
2026/02/05/00:11:17,579.595829,0.868250,0.636449,0.868250,0.636449,106,0,84
2026/02/05/00:11:18,580.596642,0.868250,0.636449,0.868250,0.636449,106,0,84
2026/02/05/00:11:19,581.597361,0.868250,0.636449,0.868250,0.636449,106,0,84
2026/02/05/00:11:20,582.598140,0.868250,0.636449,0.868250,0.636449,106,0,84
2026/02/05/00:11:21,583.598883,0.868250,0.636449,0.868250,0.636449,106,0,84
2026/02/05/00:11:22,584.599867,0.868250,0.636449,0.868250,0.636449,106,0,84
2026/02/05/00:11:23,585.600703,0.868250,0.636449,0.868250,0.636449,106,0,84
2026/02/05/00:11:24,586.601619,0.868250,0.636449,0.868250,0.636449,106,0,84
2026/02/05/00:11:25,587.602546,0.868250,0.636449,0.868250,0.636449,106,0,84
2026/02/05/00:11:26,588.603401,0.868250,0.636449,0.868250,0.636449,106,0,84
2026/02/05/00:11:27,589.604278,0.868250,0.636449,0.868250,0.636449,106,0,84
2026/02/05/00:11:28,590.605072,0.887125,0.643399,0.887125,0.643399,108,0,84
2026/02/05/00:11:29,591.606135,0.887125,0.643399,0.887125,0.643399,108,0,84
2026/02/05/00:11:30,592.607129,0.887125,0.643399,0.887125,0.643399,108,0,84
2026/02/05/00:11:31,593.607941,0.887125,0.643399,0.887125,0.643399,108,0,84
2026/02/05/00:11:32,594.608952,0.868250,0.636449,0.868250,0.636449,106,0,86
2026/02/05/00:11:33,595.609634,0.868250,0.636449,0.868250,0.636449,106,0,86
2026/02/05/00:11:34,596.610386,0.868250,0.636449,0.868250,0.636449,106,0,86
2026/02/05/00:11:35,597.618830,0.868250,0.636449,0.868250,0.636449,106,0,86
2026/02/05/00:11:36,598.619599,0.868250,0.636449,0.868250,0.636449,106,0,86
2026/02/05/00:11:37,599.620397,0.868250,0.636449,0.868250,0.636449,106,0,86
2026/02/05/00:11:38,600.621351,0.868250,0.636449,0.868250,0.636449,106,0,86
2026/02/05/00:11:39,601.622051,0.868250,0.636449,0.868250,0.636449,106,0,86
2026/02/05/00:11:40,602.622845,0.868250,0.636449,0.868250,0.636449,106,0,86
2026/02/05/00:11:41,603.623672,0.868250,0.636449,0.868250,0.636449,106,0,86
2026/02/05/00:11:42,604.624203,0.868250,0.636449,0.868250,0.636449,106,0,86
2026/02/05/00:11:43,605.625015,0.868250,0.636449,0.868250,0.636449,106,0,86
2026/02/05/00:11:44,606.625905,0.868250,0.636449,0.868250,0.636449,106,0,86
2026/02/05/00:11:45,607.626670,0.868250,0.636449,0.868250,0.636449,106,0,86
2026/02/05/00:11:46,608.627587,0.868250,0.636449,0.868250,0.636449,106,0,86
2026/02/05/00:11:47,609.628441,0.868250,0.636449,0.868250,0.636449,106,0,86
2026/02/05/00:11:48,610.629324,0.868250,0.636449,0.868250,0.636449,106,0,86
2026/02/05/00:11:49,611.630457,0.868250,0.636449,0.868250,0.636449,106,0,86
2026/02/05/00:11:50,612.631111,0.868250,0.636449,0.868250,0.636449,106,0,86
2026/02/05/00:11:51,613.631819,0.868250,0.636449,0.868250,0.636449,106,0,86
2026/02/05/00:11:52,614.632565,0.868250,0.636449,0.868250,0.636449,106,0,86
2026/02/05/00:11:53,615.633365,0.868250,0.636449,0.868250,0.636449,106,0,86
2026/02/05/00:11:54,616.633870,0.868250,0.636449,0.868250,0.636449,106,0,86
2026/02/05/00:11:55,617.634598,0.868250,0.636449,0.868250,0.636449,106,0,86
2026/02/05/00:11:56,618.635506,0.868250,0.636449,0.868250,0.636449,106,0,86
2026/02/05/00:11:57,619.636186,0.868250,0.636449,0.868250,0.636449,106,0,86
2026/02/05/00:11:58,620.637248,0.868250,0.636449,0.868250,0.636449,106,0,86
2026/02/05/00:11:59,621.638043,0.868250,0.636449,0.868250,0.636449,106,0,86
2026/02/05/00:12:00,622.638820,0.868250,0.636449,0.868250,0.636449,106,0,86
2026/02/05/00:12:01,623.639714,0.868250,0.636449,0.868250,0.636449,106,0,86
2026/02/05/00:12:02,624.640710,0.868250,0.636449,0.868250,0.636449,106,0,86
2026/02/05/00:12:03,625.641585,0.868250,0.636449,0.868250,0.636449,106,0,86
2026/02/05/00:12:04,626.642426,0.868250,0.636449,0.868250,0.636449,106,0,86
2026/02/05/00:12:05,627.643271,0.868250,0.636449,0.868250,0.636449,106,0,86
2026/02/05/00:12:06,628.644143,0.868250,0.636449,0.868250,0.636449,106,0,86
2026/02/05/00:12:07,629.644921,0.868250,0.636449,0.868250,0.636449,106,0,86
2026/02/05/00:12:08,630.645747,0.868250,0.636449,0.868250,0.636449,106,0,86
2026/02/05/00:12:09,631.646637,0.868250,0.636449,0.868250,0.636449,106,0,86
2026/02/05/00:12:10,632.647524,0.855250,0.611467,0.855250,0.611467,104,0,88
2026/02/05/00:12:11,633.648245,0.855250,0.611467,0.855250,0.611467,104,0,88
2026/02/05/00:12:12,634.649013,0.855250,0.611467,0.855250,0.611467,104,0,88
2026/02/05/00:12:13,635.649845,0.855250,0.611467,0.855250,0.611467,104,0,88
2026/02/05/00:12:14,636.650765,0.855250,0.611467,0.855250,0.611467,104,0,88
2026/02/05/00:12:15,637.651656,0.842375,0.603026,0.842375,0.603026,102,0,90
2026/02/05/00:12:16,638.652427,0.842375,0.603026,0.842375,0.603026,102,0,90
2026/02/05/00:12:17,639.653172,0.842375,0.603026,0.842375,0.603026,102,0,90
2026/02/05/00:12:18,640.654132,0.842375,0.603026,0.842375,0.603026,102,0,90
2026/02/05/00:12:19,641.654963,0.842375,0.603026,0.842375,0.603026,102,0,90
2026/02/05/00:12:20,642.655861,0.842375,0.603026,0.842375,0.603026,102,0,90
2026/02/05/00:12:21,643.656811,0.842375,0.603026,0.842375,0.603026,102,0,90
2026/02/05/00:12:22,644.657606,0.842375,0.603026,0.842375,0.603026,102,0,90
2026/02/05/00:12:23,645.658463,0.842375,0.603026,0.842375,0.603026,102,0,90
2026/02/05/00:12:24,646.659336,0.842375,0.603026,0.842375,0.603026,102,0,90
2026/02/05/00:12:25,647.660156,0.842375,0.603026,0.842375,0.603026,102,0,90
2026/02/05/00:12:26,648.660968,0.842375,0.603026,0.842375,0.603026,102,0,90
2026/02/05/00:12:27,649.661641,0.842375,0.603026,0.842375,0.603026,102,0,90
2026/02/05/00:12:28,650.662713,0.842375,0.603026,0.842375,0.603026,102,0,90
2026/02/05/00:12:29,651.663567,0.842375,0.603026,0.842375,0.603026,102,0,90
2026/02/05/00:12:30,652.664248,0.842375,0.603026,0.842375,0.603026,102,0,90
2026/02/05/00:12:31,653.665175,0.842375,0.603026,0.842375,0.603026,102,0,90
2026/02/05/00:12:32,654.665935,0.842375,0.603026,0.842375,0.603026,102,0,90
2026/02/05/00:12:33,655.666969,0.842375,0.603026,0.842375,0.603026,102,0,90
2026/02/05/00:12:34,656.667906,0.842375,0.603026,0.842375,0.603026,102,0,90
2026/02/05/00:12:35,657.668854,0.842375,0.603026,0.842375,0.603026,102,0,90
2026/02/05/00:12:36,658.669580,0.842375,0.603026,0.842375,0.603026,102,0,90
2026/02/05/00:12:37,659.670408,0.842375,0.603026,0.842375,0.603026,102,0,90
2026/02/05/00:12:38,660.671280,0.842375,0.603026,0.842375,0.603026,102,0,90
2026/02/05/00:12:39,661.672183,0.842375,0.603026,0.842375,0.603026,102,0,90
2026/02/05/00:12:40,662.673107,0.842375,0.603026,0.842375,0.603026,102,0,90
2026/02/05/00:12:41,663.673857,0.842375,0.603026,0.842375,0.603026,102,0,90
2026/02/05/00:12:42,664.674514,0.842375,0.603026,0.842375,0.603026,102,0,90
2026/02/05/00:12:43,665.675308,0.842375,0.603026,0.842375,0.603026,102,0,90
2026/02/05/00:12:44,666.676178,0.842375,0.603026,0.842375,0.603026,102,0,90
2026/02/05/00:12:45,667.677019,0.842375,0.603026,0.842375,0.603026,102,0,90
2026/02/05/00:12:46,668.677926,0.842375,0.603026,0.842375,0.603026,102,0,90
2026/02/05/00:12:47,669.678741,0.838063,0.599553,0.838063,0.599553,101,0,91
2026/02/05/00:12:48,670.679842,0.838063,0.599553,0.838063,0.599553,101,0,91
2026/02/05/00:12:49,671.680628,0.838063,0.599553,0.838063,0.599553,101,0,91
2026/02/05/00:12:50,672.681371,0.838063,0.599553,0.838063,0.599553,101,0,91
2026/02/05/00:12:51,673.682084,0.838063,0.599553,0.838063,0.599553,101,0,91
2026/02/05/00:12:52,674.682938,0.838063,0.599553,0.838063,0.599553,101,0,91
2026/02/05/00:12:53,675.683843,0.833375,0.577943,0.833375,0.577943,100,0,92
2026/02/05/00:12:54,676.684631,0.833375,0.577943,0.833375,0.577943,100,0,92
2026/02/05/00:12:55,677.685338,0.833375,0.577943,0.833375,0.577943,100,0,92
2026/02/05/00:12:56,678.686106,0.833375,0.577943,0.833375,0.577943,100,0,92
2026/02/05/00:12:57,679.686840,0.833375,0.577943,0.833375,0.577943,100,0,92
2026/02/05/00:12:58,680.687635,0.833375,0.577943,0.833375,0.577943,100,0,92
2026/02/05/00:12:59,681.688447,0.833375,0.577943,0.833375,0.577943,100,0,92
2026/02/05/00:13:00,682.689212,0.833375,0.577943,0.833375,0.577943,100,0,92
2026/02/05/00:13:01,683.690090,0.833375,0.577943,0.833375,0.577943,100,0,92
2026/02/05/00:13:02,684.690850,0.833375,0.577943,0.833375,0.577943,100,0,92
2026/02/05/00:13:03,685.691768,0.833375,0.577943,0.833375,0.577943,100,0,92
2026/02/05/00:13:04,686.692497,0.833375,0.577943,0.833375,0.577943,100,0,92
2026/02/05/00:13:05,687.693373,0.833375,0.577943,0.833375,0.577943,100,0,92
2026/02/05/00:13:06,688.694188,0.833375,0.577943,0.833375,0.577943,100,0,92
2026/02/05/00:13:07,689.695234,0.833375,0.577943,0.833375,0.577943,100,0,92
2026/02/05/00:13:08,690.696070,0.833375,0.577943,0.833375,0.577943,100,0,92
2026/02/05/00:13:09,691.697011,0.833375,0.577943,0.833375,0.577943,100,0,92
2026/02/05/00:13:10,692.697995,0.833375,0.577943,0.833375,0.577943,100,0,92
2026/02/05/00:13:11,693.698865,0.833375,0.577943,0.833375,0.577943,100,0,92
2026/02/05/00:13:12,694.699623,0.833375,0.577943,0.833375,0.577943,100,0,92
2026/02/05/00:13:13,695.700459,0.833375,0.577943,0.833375,0.577943,100,0,92
2026/02/05/00:13:14,696.701379,0.833375,0.577943,0.833375,0.577943,100,0,92
2026/02/05/00:13:15,697.702440,0.833375,0.577943,0.833375,0.577943,100,0,92
2026/02/05/00:13:16,698.703238,0.833375,0.577943,0.833375,0.577943,100,0,92
2026/02/05/00:13:17,699.704190,0.833375,0.577943,0.833375,0.577943,100,0,92
2026/02/05/00:13:18,700.705264,0.833375,0.577943,0.833375,0.577943,100,0,92
2026/02/05/00:13:19,701.706184,0.833375,0.577943,0.833375,0.577943,100,0,92
2026/02/05/00:13:20,702.707007,0.833375,0.577943,0.833375,0.577943,100,0,92
2026/02/05/00:13:21,703.707995,0.833375,0.577943,0.833375,0.577943,100,0,92
2026/02/05/00:13:22,704.708856,0.833375,0.577943,0.833375,0.577943,100,0,92
2026/02/05/00:13:23,705.709922,0.833375,0.577943,0.833375,0.577943,100,0,92
2026/02/05/00:13:24,706.710900,0.833375,0.577943,0.833375,0.577943,100,0,92
2026/02/05/00:13:25,707.711945,0.833375,0.577943,0.833375,0.577943,100,0,92
2026/02/05/00:13:26,708.713024,0.833375,0.577943,0.833375,0.577943,100,0,92
2026/02/05/00:13:27,709.713970,0.833375,0.577943,0.833375,0.577943,100,0,92
2026/02/05/00:13:28,710.714889,0.833375,0.577943,0.833375,0.577943,100,0,92
2026/02/05/00:13:29,711.715690,0.833375,0.577943,0.833375,0.577943,100,0,92
2026/02/05/00:13:30,712.716606,0.833375,0.577943,0.833375,0.577943,100,0,92
2026/02/05/00:13:31,713.717349,0.833375,0.577943,0.833375,0.577943,100,0,92
2026/02/05/00:13:32,714.718113,0.833375,0.577943,0.833375,0.577943,100,0,92
2026/02/05/00:13:33,715.718829,0.833375,0.577943,0.833375,0.577943,100,0,92
2026/02/05/00:13:34,716.719750,0.833375,0.577943,0.833375,0.577943,100,0,92
2026/02/05/00:13:35,717.720553,0.833375,0.577943,0.833375,0.577943,100,0,92
2026/02/05/00:13:36,718.721565,0.833375,0.577943,0.833375,0.577943,100,0,92
2026/02/05/00:13:37,719.722586,0.833375,0.577943,0.833375,0.577943,100,0,92
2026/02/05/00:13:38,720.723393,0.833375,0.577943,0.833375,0.577943,100,0,92
2026/02/05/00:13:39,721.724318,0.833375,0.577943,0.833375,0.577943,100,0,92
2026/02/05/00:13:40,722.725162,0.833375,0.577943,0.833375,0.577943,100,0,92
2026/02/05/00:13:41,723.726192,0.833375,0.577943,0.833375,0.577943,100,0,92
2026/02/05/00:13:42,724.726869,0.833375,0.577943,0.833375,0.577943,100,0,92
2026/02/05/00:13:43,725.727759,0.833375,0.577943,0.833375,0.577943,100,0,92
2026/02/05/00:13:44,726.728586,0.833375,0.577943,0.833375,0.577943,100,0,92
2026/02/05/00:13:45,727.729458,0.833375,0.577943,0.833375,0.577943,100,0,92
2026/02/05/00:13:46,728.730495,0.833375,0.577943,0.833375,0.577943,100,0,92
2026/02/05/00:13:47,729.731440,0.833375,0.577943,0.833375,0.577943,100,0,92
2026/02/05/00:13:48,730.732527,0.833375,0.577943,0.833375,0.577943,100,0,92
2026/02/05/00:13:49,731.733411,0.819125,0.536371,0.819125,0.536371,97,0,95
2026/02/05/00:13:50,732.734157,0.819125,0.536371,0.819125,0.536371,97,0,95
2026/02/05/00:13:51,733.735137,0.819125,0.536371,0.819125,0.536371,97,0,95
2026/02/05/00:13:52,734.735926,0.819125,0.536371,0.819125,0.536371,97,0,95
2026/02/05/00:13:53,735.736856,0.819125,0.536371,0.819125,0.536371,97,0,95
2026/02/05/00:13:54,736.737633,0.819125,0.536371,0.819125,0.536371,97,0,95
2026/02/05/00:13:55,737.738619,0.819125,0.536371,0.819125,0.536371,97,0,95
2026/02/05/00:13:56,738.739501,0.819125,0.536371,0.819125,0.536371,97,0,95
2026/02/05/00:13:57,739.740389,0.819125,0.536371,0.819125,0.536371,97,0,95
2026/02/05/00:13:58,740.741390,0.819125,0.536371,0.819125,0.536371,97,0,95
2026/02/05/00:13:59,741.742318,0.819125,0.536371,0.819125,0.536371,97,0,95
2026/02/05/00:14:00,742.743221,0.819125,0.536371,0.819125,0.536371,97,0,95
2026/02/05/00:14:01,743.744040,0.819125,0.536371,0.819125,0.536371,97,0,95
2026/02/05/00:14:02,744.744849,0.819125,0.536371,0.819125,0.536371,97,0,95
2026/02/05/00:14:03,745.745641,0.819125,0.536371,0.819125,0.536371,97,0,95
2026/02/05/00:14:04,746.746359,0.819125,0.536371,0.819125,0.536371,97,0,95
2026/02/05/00:14:05,747.747223,0.780000,0.518736,0.780000,0.518736,95,0,97
2026/02/05/00:14:06,748.747927,0.780000,0.518736,0.780000,0.518736,95,0,97
2026/02/05/00:14:07,749.748947,0.780000,0.518736,0.780000,0.518736,95,0,97
2026/02/05/00:14:08,750.749964,0.780000,0.518736,0.780000,0.518736,95,0,97
2026/02/05/00:14:09,751.750822,0.780000,0.518736,0.780000,0.518736,95,0,97
2026/02/05/00:14:10,752.751569,0.780000,0.518736,0.780000,0.518736,95,0,97
2026/02/05/00:14:11,753.752439,0.780000,0.518736,0.780000,0.518736,95,0,97
2026/02/05/00:14:12,754.753299,0.780000,0.518736,0.780000,0.518736,95,0,97
2026/02/05/00:14:13,755.754190,0.780000,0.518736,0.780000,0.518736,95,0,97
2026/02/05/00:14:14,756.755151,0.780000,0.518736,0.780000,0.518736,95,0,97
2026/02/05/00:14:15,757.756130,0.780000,0.518736,0.780000,0.518736,95,0,97
2026/02/05/00:14:16,758.757261,0.780000,0.518736,0.780000,0.518736,95,0,97
2026/02/05/00:14:17,759.758024,0.780000,0.518736,0.780000,0.518736,95,0,97
2026/02/05/00:14:18,760.759062,0.780000,0.518736,0.780000,0.518736,95,0,97
2026/02/05/00:14:19,761.759948,0.780000,0.518736,0.780000,0.518736,95,0,97
2026/02/05/00:14:20,762.762349,0.780000,0.518736,0.780000,0.518736,95,0,97
2026/02/05/00:14:21,763.763114,0.780000,0.518736,0.780000,0.518736,95,0,97
2026/02/05/00:14:22,764.764099,0.780000,0.518736,0.780000,0.518736,95,0,97
2026/02/05/00:14:23,765.764924,0.780000,0.518736,0.780000,0.518736,95,0,97
2026/02/05/00:14:24,766.765991,0.780000,0.518736,0.780000,0.518736,95,0,97
2026/02/05/00:14:25,767.766968,0.780000,0.518736,0.780000,0.518736,95,0,97
2026/02/05/00:14:26,768.767912,0.780000,0.518736,0.780000,0.518736,95,0,97
2026/02/05/00:14:27,769.768919,0.780000,0.518736,0.780000,0.518736,95,0,97
2026/02/05/00:14:28,770.769834,0.780000,0.518736,0.780000,0.518736,95,0,97
2026/02/05/00:14:29,771.770646,0.780000,0.518736,0.780000,0.518736,95,0,97
2026/02/05/00:14:30,772.771600,0.780000,0.518736,0.780000,0.518736,95,0,97
2026/02/05/00:14:31,773.772618,0.780000,0.518736,0.780000,0.518736,95,0,97
2026/02/05/00:14:32,774.773461,0.780000,0.518736,0.780000,0.518736,95,0,97
2026/02/05/00:14:33,775.774440,0.780000,0.518736,0.780000,0.518736,95,0,97
2026/02/05/00:14:34,776.775374,0.780000,0.518736,0.780000,0.518736,95,0,97
2026/02/05/00:14:35,777.776267,0.780000,0.518736,0.780000,0.518736,95,0,97
2026/02/05/00:14:36,778.777188,0.780000,0.518736,0.780000,0.518736,95,0,97
2026/02/05/00:14:37,779.778019,0.780000,0.518736,0.780000,0.518736,95,0,97
2026/02/05/00:14:38,780.778801,0.809937,0.539369,0.809937,0.539369,99,0,97
2026/02/05/00:14:39,781.779686,0.890312,0.579996,0.890312,0.579996,109,0,97
2026/02/05/00:14:40,782.780401,0.937562,0.629557,0.937562,0.629557,119,0,97
2026/02/05/00:14:41,783.781172,0.920125,0.625907,0.920125,0.625907,118,0,98
2026/02/05/00:14:42,784.781847,0.921375,0.688436,0.926750,0.717935,120,1,101
2026/02/05/00:14:43,785.782578,0.916000,0.700884,0.916000,0.700884,119,0,103
2026/02/05/00:14:44,786.783345,0.891625,0.686799,0.891625,0.686799,116,0,106
2026/02/05/00:14:45,787.783946,0.876250,0.624436,0.876250,0.624436,113,0,109
2026/02/05/00:14:46,788.784850,0.876250,0.624436,0.876250,0.624436,113,0,109
2026/02/05/00:14:47,789.785696,0.876250,0.624436,0.876250,0.624436,113,0,109
2026/02/05/00:14:48,790.786526,0.868563,0.607904,0.868563,0.607904,112,0,110
2026/02/05/00:14:49,791.787539,0.868563,0.607904,0.868563,0.607904,112,0,110
2026/02/05/00:14:50,792.788355,0.880062,0.598198,0.880062,0.598198,113,0,111
2026/02/05/00:14:51,793.789376,0.874000,0.594513,0.874000,0.594513,112,0,112
2026/02/05/00:14:52,794.790373,0.887250,0.623681,0.887250,0.623681,116,0,112
2026/02/05/00:14:53,795.791309,0.887250,0.623681,0.887250,0.623681,116,0,112
2026/02/05/00:14:54,796.792061,0.864250,0.608675,0.864250,0.608675,113,0,115
2026/02/05/00:14:55,797.792803,0.860938,0.603204,0.860938,0.603204,112,0,116
2026/02/05/00:14:56,798.793587,0.851000,0.579508,0.851000,0.579508,109,0,119
2026/02/05/00:14:57,799.794441,0.851000,0.579508,0.851000,0.579508,109,0,119
2026/02/05/00:14:58,800.795321,0.851000,0.579508,0.851000,0.579508,109,0,119
2026/02/05/00:14:59,801.796109,0.851000,0.579508,0.851000,0.579508,109,0,119
2026/02/05/00:15:00,802.796990,0.851000,0.579508,0.851000,0.579508,109,0,119
2026/02/05/00:15:01,803.797894,0.851000,0.579508,0.851000,0.579508,109,0,119
2026/02/05/00:15:02,804.798823,0.851000,0.579508,0.851000,0.579508,109,0,119
2026/02/05/00:15:03,805.799649,0.851000,0.579508,0.851000,0.579508,109,0,119
2026/02/05/00:15:04,806.800549,0.851000,0.579508,0.851000,0.579508,109,0,119
2026/02/05/00:15:05,807.801387,0.851000,0.579508,0.851000,0.579508,109,0,119
2026/02/05/00:15:06,808.802331,0.851000,0.579508,0.851000,0.579508,109,0,119
2026/02/05/00:15:07,809.803259,0.851000,0.579508,0.851000,0.579508,109,0,119
2026/02/05/00:15:08,810.804382,0.823250,0.557108,0.823250,0.557108,103,0,125
2026/02/05/00:15:09,811.805571,0.823250,0.557108,0.823250,0.557108,103,0,125
2026/02/05/00:15:10,812.806509,0.823250,0.557108,0.823250,0.557108,103,0,125
2026/02/05/00:15:11,813.807513,0.823250,0.557108,0.823250,0.557108,103,0,125
2026/02/05/00:15:12,814.808461,0.823250,0.557108,0.823250,0.557108,103,0,125
2026/02/05/00:15:13,815.809440,0.823250,0.557108,0.823250,0.557108,103,0,125
2026/02/05/00:15:14,816.810204,0.823250,0.557108,0.823250,0.557108,103,0,125
2026/02/05/00:15:15,817.810974,0.823250,0.557108,0.823250,0.557108,103,0,125
2026/02/05/00:15:16,818.811831,0.823250,0.557108,0.823250,0.557108,103,0,125
2026/02/05/00:15:17,819.812646,0.823250,0.557108,0.823250,0.557108,103,0,125
2026/02/05/00:15:18,820.813425,0.823250,0.557108,0.823250,0.557108,103,0,125
2026/02/05/00:15:19,821.814343,0.823250,0.557108,0.823250,0.557108,103,0,125
2026/02/05/00:15:20,822.815319,0.823250,0.557108,0.823250,0.557108,103,0,125
2026/02/05/00:15:21,823.816095,0.823250,0.557108,0.823250,0.557108,103,0,125
2026/02/05/00:15:22,824.816919,0.823250,0.557108,0.823250,0.557108,103,0,125
2026/02/05/00:15:23,825.817855,0.823250,0.557108,0.823250,0.557108,103,0,125
2026/02/05/00:15:24,826.818711,0.823250,0.557108,0.823250,0.557108,103,0,125
2026/02/05/00:15:25,827.819546,0.823250,0.557108,0.823250,0.557108,103,0,125
2026/02/05/00:15:26,828.820267,0.823250,0.557108,0.823250,0.557108,103,0,125
2026/02/05/00:15:27,829.821249,0.823250,0.557108,0.823250,0.557108,103,0,125
2026/02/05/00:15:28,830.822203,0.823250,0.557108,0.823250,0.557108,103,0,125
2026/02/05/00:15:29,831.823035,0.823250,0.557108,0.823250,0.557108,103,0,125
2026/02/05/00:15:30,832.824102,0.823250,0.557108,0.823250,0.557108,103,0,125
2026/02/05/00:15:31,833.825164,0.823250,0.557108,0.823250,0.557108,103,0,125
2026/02/05/00:15:32,834.826199,0.823250,0.557108,0.823250,0.557108,103,0,125
2026/02/05/00:15:33,835.827080,0.823250,0.557108,0.823250,0.557108,103,0,125
2026/02/05/00:15:34,836.828061,0.823250,0.557108,0.823250,0.557108,103,0,125
2026/02/05/00:15:35,837.828849,0.823250,0.557108,0.823250,0.557108,103,0,125
2026/02/05/00:15:36,838.829734,0.823250,0.557108,0.823250,0.557108,103,0,125
2026/02/05/00:15:37,839.830524,0.823250,0.557108,0.823250,0.557108,103,0,125
2026/02/05/00:15:38,840.831234,0.823250,0.557108,0.823250,0.557108,103,0,125
2026/02/05/00:15:39,841.832212,0.823250,0.557108,0.823250,0.557108,103,0,125
2026/02/05/00:15:40,842.832921,0.823250,0.557108,0.823250,0.557108,103,0,125
2026/02/05/00:15:41,843.833919,0.823250,0.557108,0.823250,0.557108,103,0,125
2026/02/05/00:15:42,844.834794,0.823250,0.557108,0.823250,0.557108,103,0,125
2026/02/05/00:15:43,845.837090,0.823250,0.557108,0.823250,0.557108,103,0,125
2026/02/05/00:15:44,846.838032,0.823250,0.557108,0.823250,0.557108,103,0,125
2026/02/05/00:15:45,847.838983,0.823250,0.557108,0.823250,0.557108,103,0,125
2026/02/05/00:15:46,848.839845,0.823250,0.557108,0.823250,0.557108,103,0,125
2026/02/05/00:15:47,849.840603,0.823250,0.557108,0.823250,0.557108,103,0,125
2026/02/05/00:15:48,850.841558,0.823250,0.557108,0.823250,0.557108,103,0,125
2026/02/05/00:15:49,851.842344,0.823250,0.557108,0.823250,0.557108,103,0,125
2026/02/05/00:15:50,852.843144,0.823250,0.557108,0.823250,0.557108,103,0,125
2026/02/05/00:15:51,853.844277,0.823250,0.557108,0.823250,0.557108,103,0,125
2026/02/05/00:15:52,854.845063,0.816625,0.544690,0.816625,0.544690,101,0,127
2026/02/05/00:15:53,855.846105,0.816625,0.544690,0.816625,0.544690,101,0,127
2026/02/05/00:15:54,856.846944,0.816625,0.544690,0.816625,0.544690,101,0,127
2026/02/05/00:15:55,857.847864,0.816625,0.544690,0.816625,0.544690,101,0,127
2026/02/05/00:15:56,858.848831,0.816625,0.544690,0.816625,0.544690,101,0,127
2026/02/05/00:15:57,859.849785,0.816625,0.544690,0.816625,0.544690,101,0,127
2026/02/05/00:15:58,860.850656,0.816625,0.544690,0.816625,0.544690,101,0,127
2026/02/05/00:15:59,861.851723,0.816625,0.544690,0.816625,0.544690,101,0,127
2026/02/05/00:16:00,862.853558,0.816625,0.544690,0.816625,0.544690,101,0,127
2026/02/05/00:16:01,863.854513,0.816625,0.544690,0.816625,0.544690,101,0,127
2026/02/05/00:16:02,864.855501,0.816625,0.544690,0.816625,0.544690,101,0,127
2026/02/05/00:16:03,865.856527,0.816625,0.544690,0.816625,0.544690,101,0,127
2026/02/05/00:16:04,866.857320,0.816625,0.544690,0.816625,0.544690,101,0,127
2026/02/05/00:16:05,867.858218,0.816625,0.544690,0.816625,0.544690,101,0,127
2026/02/05/00:16:06,868.859269,0.816625,0.544690,0.816625,0.544690,101,0,127
2026/02/05/00:16:07,869.860253,0.816625,0.544690,0.816625,0.544690,101,0,127
2026/02/05/00:16:08,870.860987,0.816625,0.544690,0.816625,0.544690,101,0,127
2026/02/05/00:16:09,871.861885,0.816625,0.544690,0.816625,0.544690,101,0,127
2026/02/05/00:16:10,872.862796,0.816625,0.544690,0.816625,0.544690,101,0,127
2026/02/05/00:16:11,873.863924,0.816625,0.544690,0.816625,0.544690,101,0,127
2026/02/05/00:16:12,874.864486,0.816625,0.544690,0.816625,0.544690,101,0,127
2026/02/05/00:16:13,875.865461,0.816625,0.544690,0.816625,0.544690,101,0,127
2026/02/05/00:16:14,876.866348,0.816625,0.544690,0.816625,0.544690,101,0,127
2026/02/05/00:16:15,877.867318,0.816625,0.544690,0.816625,0.544690,101,0,127
2026/02/05/00:16:16,878.868039,0.816625,0.544690,0.816625,0.544690,101,0,127
2026/02/05/00:16:17,879.869036,0.816625,0.544690,0.816625,0.544690,101,0,127
2026/02/05/00:16:18,880.870042,0.820688,0.549160,0.820688,0.549160,102,0,127
2026/02/05/00:16:19,881.870835,0.873875,0.604730,0.899125,0.611736,109,1,127
2026/02/05/00:16:20,882.871817,0.873875,0.604730,0.899125,0.611736,109,1,127
2026/02/05/00:16:21,883.872611,0.874812,0.604354,0.900062,0.611359,109,1,128
2026/02/05/00:16:22,884.873418,0.874812,0.604354,0.900062,0.611359,109,1,128
2026/02/05/00:16:23,885.874268,0.874812,0.604354,0.900062,0.611359,109,1,128
2026/02/05/00:16:24,886.875134,0.874812,0.604354,0.900062,0.611359,109,1,128
2026/02/05/00:16:25,887.876083,0.874812,0.604354,0.900062,0.611359,109,1,128
2026/02/05/00:16:26,888.876887,0.874812,0.604354,0.900062,0.611359,109,1,128
2026/02/05/00:16:27,889.877906,0.874812,0.604354,0.900062,0.611359,109,1,128
2026/02/05/00:16:28,890.878849,0.878375,0.603291,0.878375,0.603291,109,0,129
2026/02/05/00:16:29,891.879634,0.878375,0.603291,0.878375,0.603291,109,0,129
2026/02/05/00:16:30,892.880461,0.878375,0.603291,0.878375,0.603291,109,0,129
2026/02/05/00:16:31,893.881316,0.878375,0.603291,0.878375,0.603291,109,0,129
2026/02/05/00:16:32,894.882237,0.878375,0.603291,0.878375,0.603291,109,0,129
2026/02/05/00:16:33,895.883177,0.878375,0.603291,0.878375,0.603291,109,0,129
2026/02/05/00:16:34,896.884056,0.878375,0.603291,0.878375,0.603291,109,0,129
2026/02/05/00:16:35,897.885067,0.873375,0.599198,0.873375,0.599198,108,0,130
2026/02/05/00:16:36,898.885728,0.880437,0.618584,0.880437,0.618584,109,0,130
2026/02/05/00:16:37,899.886586,0.880437,0.618584,0.880437,0.618584,109,0,130
2026/02/05/00:16:38,900.887353,0.880437,0.618584,0.880437,0.618584,109,0,130
2026/02/05/00:16:39,901.888199,0.880437,0.618584,0.880437,0.618584,109,0,130
2026/02/05/00:16:40,902.889020,0.874313,0.613329,0.874313,0.613329,108,0,131
2026/02/05/00:16:41,903.889952,0.874313,0.613329,0.874313,0.613329,108,0,131
2026/02/05/00:16:42,904.890626,0.874313,0.613329,0.874313,0.613329,108,0,131
2026/02/05/00:16:43,905.891555,0.874313,0.613329,0.874313,0.613329,108,0,131
2026/02/05/00:16:44,906.892698,0.874313,0.613329,0.874313,0.613329,108,0,131
2026/02/05/00:16:45,907.893685,0.874313,0.613329,0.874313,0.613329,108,0,131
2026/02/05/00:16:46,908.894681,0.874313,0.613329,0.874313,0.613329,108,0,131
2026/02/05/00:16:47,909.895808,0.864313,0.607059,0.864313,0.607059,106,0,133
2026/02/05/00:16:48,910.896743,0.864313,0.607059,0.864313,0.607059,106,0,133
2026/02/05/00:16:49,911.897586,0.864313,0.607059,0.864313,0.607059,106,0,133
2026/02/05/00:16:50,912.898368,0.864313,0.607059,0.864313,0.607059,106,0,133
2026/02/05/00:16:51,913.899366,0.864313,0.607059,0.864313,0.607059,106,0,133
2026/02/05/00:16:52,914.900229,0.864313,0.607059,0.864313,0.607059,106,0,133
2026/02/05/00:16:53,915.901095,0.864313,0.607059,0.864313,0.607059,106,0,133
2026/02/05/00:16:54,916.902052,0.864313,0.607059,0.864313,0.607059,106,0,133
2026/02/05/00:16:55,917.903071,0.864313,0.607059,0.864313,0.607059,106,0,133
2026/02/05/00:16:56,918.903859,0.864313,0.607059,0.864313,0.607059,106,0,133
2026/02/05/00:16:57,919.904750,0.864313,0.607059,0.864313,0.607059,106,0,133
2026/02/05/00:16:58,920.905416,0.864313,0.607059,0.864313,0.607059,106,0,133
2026/02/05/00:16:59,921.906233,0.864313,0.607059,0.864313,0.607059,106,0,133
2026/02/05/00:17:00,922.907005,0.864313,0.607059,0.864313,0.607059,106,0,133
2026/02/05/00:17:01,923.907900,0.864313,0.607059,0.864313,0.607059,106,0,133
2026/02/05/00:17:02,924.908921,0.864313,0.607059,0.864313,0.607059,106,0,133
2026/02/05/00:17:03,925.909806,0.864313,0.607059,0.864313,0.607059,106,0,133
2026/02/05/00:17:04,926.910664,0.864313,0.607059,0.864313,0.607059,106,0,133
2026/02/05/00:17:05,927.911330,0.906750,0.634696,0.906750,0.634696,111,0,133
2026/02/05/00:17:06,928.912169,0.906750,0.634696,0.906750,0.634696,111,0,133
2026/02/05/00:17:07,929.912919,0.906750,0.634696,0.906750,0.634696,111,0,133
2026/02/05/00:17:08,930.913721,0.906750,0.634696,0.906750,0.634696,111,0,133
2026/02/05/00:17:09,931.914854,0.870563,0.621882,0.870563,0.621882,108,0,136
2026/02/05/00:17:10,932.915873,0.870563,0.621882,0.870563,0.621882,108,0,136
2026/02/05/00:17:11,933.916667,0.870563,0.621882,0.870563,0.621882,108,0,136
2026/02/05/00:17:12,934.917352,0.864313,0.607059,0.864313,0.607059,106,0,138
2026/02/05/00:17:13,935.918376,0.864313,0.607059,0.864313,0.607059,106,0,138
2026/02/05/00:17:14,936.919315,0.864313,0.607059,0.864313,0.607059,106,0,138
2026/02/05/00:17:15,937.920314,0.864313,0.607059,0.864313,0.607059,106,0,138
2026/02/05/00:17:16,938.921097,0.864313,0.607059,0.864313,0.607059,106,0,138
2026/02/05/00:17:17,939.921935,0.864313,0.607059,0.864313,0.607059,106,0,138
2026/02/05/00:17:18,940.922926,0.864313,0.607059,0.864313,0.607059,106,0,138
2026/02/05/00:17:19,941.923837,0.864313,0.607059,0.864313,0.607059,106,0,138
2026/02/05/00:17:20,942.924636,0.864313,0.607059,0.864313,0.607059,106,0,138
2026/02/05/00:17:21,943.925476,0.864313,0.607059,0.864313,0.607059,106,0,138
2026/02/05/00:17:22,944.926281,0.864313,0.607059,0.864313,0.607059,106,0,138
2026/02/05/00:17:23,945.927138,0.864313,0.607059,0.864313,0.607059,106,0,138
2026/02/05/00:17:24,946.928172,0.864313,0.607059,0.864313,0.607059,106,0,138
2026/02/05/00:17:25,947.929190,0.864313,0.607059,0.864313,0.607059,106,0,138
2026/02/05/00:17:26,948.930241,0.864313,0.607059,0.864313,0.607059,106,0,138
2026/02/05/00:17:27,949.931231,0.864313,0.607059,0.864313,0.607059,106,0,138
2026/02/05/00:17:28,950.932062,0.864313,0.607059,0.864313,0.607059,106,0,138
2026/02/05/00:17:29,951.932939,0.864313,0.607059,0.864313,0.607059,106,0,138
2026/02/05/00:17:30,952.933940,0.864313,0.607059,0.864313,0.607059,106,0,138
2026/02/05/00:17:31,953.934971,0.864313,0.607059,0.864313,0.607059,106,0,138
2026/02/05/00:17:32,954.935842,0.864313,0.607059,0.864313,0.607059,106,0,138
2026/02/05/00:17:33,955.936753,0.864313,0.607059,0.864313,0.607059,106,0,138
2026/02/05/00:17:34,956.937892,0.864313,0.607059,0.864313,0.607059,106,0,138
2026/02/05/00:17:35,957.938798,0.864313,0.607059,0.864313,0.607059,106,0,138
2026/02/05/00:17:36,958.939653,0.864313,0.607059,0.864313,0.607059,106,0,138
2026/02/05/00:17:37,959.940632,0.864313,0.607059,0.864313,0.607059,106,0,138
2026/02/05/00:17:38,960.941730,0.864313,0.607059,0.864313,0.607059,106,0,138
2026/02/05/00:17:39,961.942605,0.864313,0.607059,0.864313,0.607059,106,0,138
2026/02/05/00:17:40,962.943362,0.864313,0.607059,0.864313,0.607059,106,0,138
2026/02/05/00:17:41,963.944220,0.864313,0.607059,0.864313,0.607059,106,0,138
2026/02/05/00:17:42,964.945073,0.864313,0.607059,0.864313,0.607059,106,0,138
2026/02/05/00:17:43,965.945953,0.864313,0.607059,0.864313,0.607059,106,0,138
2026/02/05/00:17:44,966.946899,0.864313,0.607059,0.864313,0.607059,106,0,138
2026/02/05/00:17:45,967.947747,0.864313,0.607059,0.864313,0.607059,106,0,138
2026/02/05/00:17:46,968.948590,0.864313,0.607059,0.864313,0.607059,106,0,138
2026/02/05/00:17:47,969.949524,0.864313,0.607059,0.864313,0.607059,106,0,138
2026/02/05/00:17:48,970.950438,0.864313,0.607059,0.864313,0.607059,106,0,138
2026/02/05/00:17:49,971.951230,0.864313,0.607059,0.864313,0.607059,106,0,138
2026/02/05/00:17:50,972.952032,0.864313,0.607059,0.864313,0.607059,106,0,138
2026/02/05/00:17:51,973.952918,0.864313,0.607059,0.864313,0.607059,106,0,138
2026/02/05/00:17:52,974.953843,0.864313,0.607059,0.864313,0.607059,106,0,138
2026/02/05/00:17:53,975.954726,0.864313,0.607059,0.864313,0.607059,106,0,138
2026/02/05/00:17:54,976.955620,0.864313,0.607059,0.864313,0.607059,106,0,138
2026/02/05/00:17:55,977.956499,0.864313,0.607059,0.864313,0.607059,106,0,138
2026/02/05/00:17:56,978.957372,0.864313,0.607059,0.864313,0.607059,106,0,138
2026/02/05/00:17:57,979.958997,0.864313,0.607059,0.864313,0.607059,106,0,138
2026/02/05/00:17:58,980.960018,0.864313,0.607059,0.864313,0.607059,106,0,138
2026/02/05/00:17:59,981.961034,0.864313,0.607059,0.864313,0.607059,106,0,138
2026/02/05/00:18:00,982.962132,0.864313,0.607059,0.864313,0.607059,106,0,138
2026/02/05/00:18:01,983.963268,0.864313,0.607059,0.864313,0.607059,106,0,138
2026/02/05/00:18:02,984.964186,0.864313,0.607059,0.864313,0.607059,106,0,138
2026/02/05/00:18:03,985.965360,0.864313,0.607059,0.864313,0.607059,106,0,138
2026/02/05/00:18:04,986.966155,0.864313,0.607059,0.864313,0.607059,106,0,138
2026/02/05/00:18:05,987.967143,0.864313,0.607059,0.864313,0.607059,106,0,138
2026/02/05/00:18:06,988.967957,0.864313,0.607059,0.864313,0.607059,106,0,138
2026/02/05/00:18:07,989.968704,0.864313,0.607059,0.864313,0.607059,106,0,138
2026/02/05/00:18:08,990.969559,0.864313,0.607059,0.864313,0.607059,106,0,138
2026/02/05/00:18:09,991.970429,0.864313,0.607059,0.864313,0.607059,106,0,138
2026/02/05/00:18:10,992.971218,0.839938,0.590060,0.839938,0.590060,103,0,141
2026/02/05/00:18:11,993.972224,0.839938,0.590060,0.839938,0.590060,103,0,141
2026/02/05/00:18:12,994.972863,0.839938,0.590060,0.839938,0.590060,103,0,141
2026/02/05/00:18:13,995.973856,0.839938,0.590060,0.839938,0.590060,103,0,141
2026/02/05/00:18:14,996.974635,0.839938,0.590060,0.839938,0.590060,103,0,141
2026/02/05/00:18:15,997.975577,0.839938,0.590060,0.839938,0.590060,103,0,141
2026/02/05/00:18:16,998.976375,0.839938,0.590060,0.839938,0.590060,103,0,141
2026/02/05/00:18:17,999.977400,0.839938,0.590060,0.839938,0.590060,103,0,141
2026/02/05/00:18:18,1000.978208,0.839938,0.590060,0.839938,0.590060,103,0,141
2026/02/05/00:18:19,1001.978997,0.839938,0.590060,0.839938,0.590060,103,0,141
2026/02/05/00:18:20,1002.979916,0.839938,0.590060,0.839938,0.590060,103,0,141
2026/02/05/00:18:21,1003.980620,0.839938,0.590060,0.839938,0.590060,103,0,141
2026/02/05/00:18:22,1004.981531,0.839938,0.590060,0.839938,0.590060,103,0,141
2026/02/05/00:18:23,1005.982452,0.839938,0.590060,0.839938,0.590060,103,0,141
2026/02/05/00:18:24,1006.984537,0.839938,0.590060,0.839938,0.590060,103,0,141
2026/02/05/00:18:25,1007.985412,0.839938,0.590060,0.839938,0.590060,103,0,141
2026/02/05/00:18:26,1008.986276,0.839938,0.590060,0.839938,0.590060,103,0,141
2026/02/05/00:18:27,1009.987108,0.839938,0.590060,0.839938,0.590060,103,0,141
2026/02/05/00:18:28,1010.988034,0.839938,0.590060,0.839938,0.590060,103,0,141
2026/02/05/00:18:29,1011.988700,0.839938,0.590060,0.839938,0.590060,103,0,141
2026/02/05/00:18:30,1012.989591,0.839938,0.590060,0.839938,0.590060,103,0,141
2026/02/05/00:18:31,1013.990510,0.839938,0.590060,0.839938,0.590060,103,0,141
2026/02/05/00:18:32,1014.991254,0.839938,0.590060,0.839938,0.590060,103,0,141
2026/02/05/00:18:33,1015.992153,0.839938,0.590060,0.839938,0.590060,103,0,141
2026/02/05/00:18:34,1016.993002,0.839938,0.590060,0.839938,0.590060,103,0,141
2026/02/05/00:18:35,1017.993810,0.839938,0.590060,0.839938,0.590060,103,0,141
2026/02/05/00:18:36,1018.994750,0.839938,0.590060,0.839938,0.590060,103,0,141
2026/02/05/00:18:37,1019.995557,0.839938,0.590060,0.839938,0.590060,103,0,141
2026/02/05/00:18:38,1020.996262,0.839938,0.590060,0.839938,0.590060,103,0,141
2026/02/05/00:18:39,1021.997189,0.839938,0.590060,0.839938,0.590060,103,0,141
2026/02/05/00:18:40,1022.998118,0.839938,0.590060,0.839938,0.590060,103,0,141
2026/02/05/00:18:41,1023.998930,0.839938,0.590060,0.839938,0.590060,103,0,141
2026/02/05/00:18:42,1024.999785,0.839938,0.590060,0.839938,0.590060,103,0,141
2026/02/05/00:18:43,1026.000627,0.839938,0.590060,0.839938,0.590060,103,0,141
2026/02/05/00:18:44,1027.001497,0.839938,0.590060,0.839938,0.590060,103,0,141
2026/02/05/00:18:45,1028.002343,0.839938,0.590060,0.839938,0.590060,103,0,141
2026/02/05/00:18:46,1029.003336,0.839938,0.590060,0.839938,0.590060,103,0,141
2026/02/05/00:18:47,1030.003929,0.839938,0.590060,0.839938,0.590060,103,0,141
2026/02/05/00:18:48,1031.004786,0.839938,0.590060,0.839938,0.590060,103,0,141
2026/02/05/00:18:49,1032.005959,0.839938,0.590060,0.839938,0.590060,103,0,141
2026/02/05/00:18:50,1033.006845,0.839938,0.590060,0.839938,0.590060,103,0,141
2026/02/05/00:18:51,1034.007665,0.839938,0.590060,0.839938,0.590060,103,0,141
2026/02/05/00:18:52,1035.008513,0.839938,0.590060,0.839938,0.590060,103,0,141
2026/02/05/00:18:53,1036.009362,0.839938,0.590060,0.839938,0.590060,103,0,141
2026/02/05/00:18:54,1037.010124,0.839938,0.590060,0.839938,0.590060,103,0,141
2026/02/05/00:18:55,1038.010976,0.839938,0.590060,0.839938,0.590060,103,0,141
2026/02/05/00:18:56,1039.011878,0.807125,0.578271,0.807125,0.578271,100,0,144
2026/02/05/00:18:57,1040.012589,0.807125,0.578271,0.807125,0.578271,100,0,144
2026/02/05/00:18:58,1041.013403,0.807125,0.578271,0.807125,0.578271,100,0,144
2026/02/05/00:18:59,1042.014130,0.807125,0.578271,0.807125,0.578271,100,0,144
2026/02/05/00:19:00,1043.014940,0.807125,0.578271,0.807125,0.578271,100,0,144
2026/02/05/00:19:01,1044.015835,0.807125,0.578271,0.807125,0.578271,100,0,144
2026/02/05/00:19:02,1045.016677,0.807125,0.578271,0.807125,0.578271,100,0,144
2026/02/05/00:19:03,1046.017689,0.807125,0.578271,0.807125,0.578271,100,0,144
2026/02/05/00:19:04,1047.018571,0.807125,0.578271,0.807125,0.578271,100,0,144
2026/02/05/00:19:05,1048.019324,0.814312,0.582239,0.814312,0.582239,101,0,144
2026/02/05/00:19:06,1049.020098,0.814312,0.582239,0.814312,0.582239,101,0,144
2026/02/05/00:19:07,1050.020941,0.814312,0.582239,0.814312,0.582239,101,0,144
2026/02/05/00:19:08,1051.021859,0.814312,0.582239,0.814312,0.582239,101,0,144
2026/02/05/00:19:09,1052.022705,0.814312,0.582239,0.814312,0.582239,101,0,144
2026/02/05/00:19:10,1053.023814,0.807125,0.578271,0.807125,0.578271,100,0,145
2026/02/05/00:19:11,1054.025717,0.807125,0.578271,0.807125,0.578271,100,0,145
2026/02/05/00:19:12,1055.026372,0.807125,0.578271,0.807125,0.578271,100,0,145
2026/02/05/00:19:13,1056.027356,0.807125,0.578271,0.807125,0.578271,100,0,145
2026/02/05/00:19:14,1057.028137,0.807125,0.578271,0.807125,0.578271,100,0,145
2026/02/05/00:19:15,1058.028970,0.807125,0.578271,0.807125,0.578271,100,0,145
2026/02/05/00:19:16,1059.029838,0.807125,0.578271,0.807125,0.578271,100,0,145
2026/02/05/00:19:17,1060.030735,0.807125,0.578271,0.807125,0.578271,100,0,145
2026/02/05/00:19:18,1061.031583,0.807125,0.578271,0.807125,0.578271,100,0,145
2026/02/05/00:19:19,1062.032465,0.807125,0.578271,0.807125,0.578271,100,0,145
2026/02/05/00:19:20,1063.033175,0.807125,0.578271,0.807125,0.578271,100,0,145
2026/02/05/00:19:21,1064.034086,0.807125,0.578271,0.807125,0.578271,100,0,145
2026/02/05/00:19:22,1065.034935,0.807125,0.578271,0.807125,0.578271,100,0,145
2026/02/05/00:19:23,1066.035826,0.807125,0.578271,0.807125,0.578271,100,0,145
2026/02/05/00:19:24,1067.036767,0.807125,0.578271,0.807125,0.578271,100,0,145
2026/02/05/00:19:25,1068.037666,0.807125,0.578271,0.807125,0.578271,100,0,145
2026/02/05/00:19:26,1069.038702,0.807125,0.578271,0.807125,0.578271,100,0,145
2026/02/05/00:19:27,1070.039535,0.807125,0.578271,0.807125,0.578271,100,0,145
2026/02/05/00:19:28,1071.040356,0.807125,0.578271,0.807125,0.578271,100,0,145
2026/02/05/00:19:29,1072.041349,0.807125,0.578271,0.807125,0.578271,100,0,145
2026/02/05/00:19:30,1073.042154,0.790438,0.565670,0.790438,0.565670,97,0,148
2026/02/05/00:19:31,1074.043018,0.790438,0.565670,0.790438,0.565670,97,0,148
2026/02/05/00:19:32,1075.043866,0.790438,0.565670,0.790438,0.565670,97,0,148
2026/02/05/00:19:33,1076.044744,0.790438,0.565670,0.790438,0.565670,97,0,148
2026/02/05/00:19:34,1077.045741,0.790438,0.565670,0.790438,0.565670,97,0,148
2026/02/05/00:19:35,1078.046641,0.790438,0.565670,0.790438,0.565670,97,0,148
2026/02/05/00:19:36,1079.047560,0.790438,0.565670,0.790438,0.565670,97,0,148
2026/02/05/00:19:37,1080.048314,0.790438,0.565670,0.790438,0.565670,97,0,148
2026/02/05/00:19:38,1081.049347,0.790438,0.565670,0.790438,0.565670,97,0,148
2026/02/05/00:19:39,1082.050259,0.790438,0.565670,0.790438,0.565670,97,0,148
2026/02/05/00:19:40,1083.051034,0.790438,0.565670,0.790438,0.565670,97,0,148
2026/02/05/00:19:41,1084.051836,0.790438,0.565670,0.790438,0.565670,97,0,148
2026/02/05/00:19:42,1085.052552,0.790438,0.565670,0.790438,0.565670,97,0,148
2026/02/05/00:19:43,1086.053462,0.790438,0.565670,0.790438,0.565670,97,0,148
2026/02/05/00:19:44,1087.054215,0.790438,0.565670,0.790438,0.565670,97,0,148
2026/02/05/00:19:45,1088.055197,0.790438,0.565670,0.790438,0.565670,97,0,148
2026/02/05/00:19:46,1089.056105,0.790438,0.565670,0.790438,0.565670,97,0,148
2026/02/05/00:19:47,1090.057021,0.790438,0.565670,0.790438,0.565670,97,0,148
2026/02/05/00:19:48,1091.057926,0.790438,0.565670,0.790438,0.565670,97,0,148
2026/02/05/00:19:49,1092.058849,0.790438,0.565670,0.790438,0.565670,97,0,148
2026/02/05/00:19:50,1093.059555,0.790438,0.565670,0.790438,0.565670,97,0,148
2026/02/05/00:19:52,1094.060424,0.790438,0.565670,0.790438,0.565670,97,0,148
2026/02/05/00:19:53,1095.061347,0.784062,0.551377,0.784062,0.551377,95,0,150
2026/02/05/00:19:54,1096.062149,0.784062,0.551377,0.784062,0.551377,95,0,150
2026/02/05/00:19:55,1097.062903,0.784062,0.551377,0.784062,0.551377,95,0,150
2026/02/05/00:19:56,1098.063723,0.784062,0.551377,0.784062,0.551377,95,0,150
2026/02/05/00:19:57,1099.064409,0.784062,0.551377,0.784062,0.551377,95,0,150
2026/02/05/00:19:58,1100.065333,0.784062,0.551377,0.784062,0.551377,95,0,150
2026/02/05/00:19:59,1101.066346,0.784062,0.551377,0.784062,0.551377,95,0,150
2026/02/05/00:20:00,1102.067293,0.784062,0.551377,0.784062,0.551377,95,0,150
2026/02/05/00:20:01,1103.068197,0.784062,0.551377,0.784062,0.551377,95,0,150
2026/02/05/00:20:02,1104.068918,0.784062,0.551377,0.784062,0.551377,95,0,150
2026/02/05/00:20:03,1105.069838,0.784062,0.551377,0.784062,0.551377,95,0,150
2026/02/05/00:20:04,1106.071567,0.784062,0.551377,0.784062,0.551377,95,0,150
2026/02/05/00:20:05,1107.072539,0.784062,0.551377,0.784062,0.551377,95,0,150
2026/02/05/00:20:06,1108.073511,0.784062,0.551377,0.784062,0.551377,95,0,150
2026/02/05/00:20:07,1109.074219,0.784062,0.551377,0.784062,0.551377,95,0,150
2026/02/05/00:20:08,1110.075322,0.784062,0.551377,0.784062,0.551377,95,0,150
2026/02/05/00:20:09,1111.076129,0.784062,0.551377,0.784062,0.551377,95,0,150
2026/02/05/00:20:10,1112.077083,0.784062,0.551377,0.784062,0.551377,95,0,150
2026/02/05/00:20:11,1113.077953,0.784062,0.551377,0.784062,0.551377,95,0,150
2026/02/05/00:20:12,1114.078877,0.784062,0.551377,0.784062,0.551377,95,0,150
2026/02/05/00:20:13,1115.079552,0.784062,0.551377,0.784062,0.551377,95,0,150
2026/02/05/00:20:14,1116.080402,0.784062,0.551377,0.784062,0.551377,95,0,150
2026/02/05/00:20:15,1117.081167,0.801188,0.586752,0.801188,0.586752,97,0,150
2026/02/05/00:20:16,1118.081965,0.878437,0.721083,0.878437,0.721083,109,0,150
2026/02/05/00:20:17,1119.082832,0.911188,0.787724,0.911188,0.787724,116,0,150
2026/02/05/00:20:18,1120.083653,0.915250,0.766111,0.915250,0.766111,118,0,151
2026/02/05/00:20:19,1121.084324,0.915188,0.764060,0.961187,0.772085,118,2,153
2026/02/05/00:20:20,1122.085090,0.913188,0.745213,0.959187,0.753239,117,2,156
2026/02/05/00:20:21,1123.085966,0.905687,0.738952,0.951688,0.746978,115,2,158
2026/02/05/00:20:22,1124.086841,0.901750,0.734181,0.947750,0.742207,114,2,159
2026/02/05/00:20:23,1125.087632,0.901750,0.734181,0.901750,0.734181,114,0,159
2026/02/05/00:20:24,1126.088528,0.901750,0.734181,0.901750,0.734181,114,0,159
2026/02/05/00:20:25,1127.089517,0.901750,0.734181,0.901750,0.734181,114,0,159
2026/02/05/00:20:26,1128.090413,0.890875,0.696843,0.890875,0.696843,111,0,162
2026/02/05/00:20:27,1129.091185,0.877125,0.666743,0.877125,0.666743,109,0,164
2026/02/05/00:20:28,1130.091971,0.877125,0.666743,0.877125,0.666743,109,0,164
2026/02/05/00:20:29,1131.092840,0.877125,0.666743,0.877125,0.666743,109,0,164
2026/02/05/00:20:30,1132.093747,0.865125,0.659624,0.865125,0.659624,107,0,166
2026/02/05/00:20:31,1133.094628,0.858000,0.656377,0.858000,0.656377,106,0,167
2026/02/05/00:20:32,1134.095722,0.858000,0.656377,0.858000,0.656377,106,0,167
2026/02/05/00:20:33,1135.096625,0.850250,0.603007,0.850250,0.603007,104,0,169
2026/02/05/00:20:34,1136.097448,0.850250,0.603007,0.850250,0.603007,104,0,169
2026/02/05/00:20:35,1137.098134,0.850250,0.603007,0.850250,0.603007,104,0,169
2026/02/05/00:20:36,1138.098957,0.850250,0.603007,0.850250,0.603007,104,0,169
2026/02/05/00:20:37,1139.099767,0.850250,0.603007,0.850250,0.603007,104,0,169
2026/02/05/00:20:38,1140.100499,0.850250,0.603007,0.850250,0.603007,104,0,169
2026/02/05/00:20:39,1141.101443,0.850250,0.603007,0.850250,0.603007,104,0,169
2026/02/05/00:20:40,1142.102465,0.850250,0.603007,0.850250,0.603007,104,0,169
2026/02/05/00:20:41,1143.103409,0.850250,0.603007,0.850250,0.603007,104,0,169
2026/02/05/00:20:42,1144.104081,0.850250,0.603007,0.850250,0.603007,104,0,169
2026/02/05/00:20:43,1145.104850,0.850250,0.603007,0.850250,0.603007,104,0,169
2026/02/05/00:20:44,1146.105655,0.850250,0.603007,0.850250,0.603007,104,0,169
2026/02/05/00:20:45,1147.106510,0.850250,0.603007,0.850250,0.603007,104,0,169
2026/02/05/00:20:46,1148.107433,0.850250,0.603007,0.850250,0.603007,104,0,169
2026/02/05/00:20:47,1149.108444,0.850250,0.603007,0.850250,0.603007,104,0,169
2026/02/05/00:20:48,1150.109368,0.850250,0.603007,0.850250,0.603007,104,0,169
2026/02/05/00:20:49,1151.110151,0.850250,0.603007,0.850250,0.603007,104,0,169
2026/02/05/00:20:50,1152.111025,0.850250,0.603007,0.850250,0.603007,104,0,169
2026/02/05/00:20:51,1153.111940,0.850250,0.603007,0.850250,0.603007,104,0,169
2026/02/05/00:20:52,1154.113026,0.850250,0.603007,0.850250,0.603007,104,0,169
2026/02/05/00:20:53,1155.113917,0.850250,0.603007,0.850250,0.603007,104,0,169
2026/02/05/00:20:54,1156.115010,0.850250,0.603007,0.850250,0.603007,104,0,169
2026/02/05/00:20:55,1157.115810,0.850250,0.603007,0.850250,0.603007,104,0,169
2026/02/05/00:20:56,1158.116573,0.850250,0.603007,0.850250,0.603007,104,0,169
2026/02/05/00:20:57,1159.117447,0.850250,0.603007,0.850250,0.603007,104,0,169
2026/02/05/00:20:58,1160.118363,0.850250,0.603007,0.850250,0.603007,104,0,169
2026/02/05/00:20:59,1161.119205,0.850250,0.603007,0.850250,0.603007,104,0,169
2026/02/05/00:21:00,1162.120228,0.850250,0.603007,0.850250,0.603007,104,0,169
2026/02/05/00:21:01,1163.121261,0.850250,0.603007,0.850250,0.603007,104,0,169
2026/02/05/00:21:02,1164.122080,0.850250,0.603007,0.850250,0.603007,104,0,169
2026/02/05/00:21:03,1165.122870,0.850250,0.603007,0.850250,0.603007,104,0,169
2026/02/05/00:21:04,1166.123957,0.850250,0.603007,0.850250,0.603007,104,0,169
2026/02/05/00:21:05,1167.124986,0.850250,0.603007,0.850250,0.603007,104,0,169
2026/02/05/00:21:06,1168.125897,0.850250,0.603007,0.850250,0.603007,104,0,169
2026/02/05/00:21:07,1169.126840,0.850250,0.603007,0.850250,0.603007,104,0,169
2026/02/05/00:21:08,1170.127608,0.850250,0.603007,0.850250,0.603007,104,0,169
2026/02/05/00:21:09,1171.128467,0.850250,0.603007,0.850250,0.603007,104,0,169
2026/02/05/00:21:10,1172.129325,0.850250,0.603007,0.850250,0.603007,104,0,169
2026/02/05/00:21:11,1173.130074,0.850250,0.603007,0.850250,0.603007,104,0,169
2026/02/05/00:21:12,1174.130867,0.850250,0.603007,0.850250,0.603007,104,0,169
2026/02/05/00:21:13,1175.131657,0.850250,0.603007,0.850250,0.603007,104,0,169
2026/02/05/00:21:14,1176.132429,0.850250,0.603007,0.850250,0.603007,104,0,169
2026/02/05/00:21:15,1177.133384,0.850250,0.603007,0.850250,0.603007,104,0,169
2026/02/05/00:21:16,1178.134421,0.850250,0.603007,0.850250,0.603007,104,0,169
2026/02/05/00:21:17,1179.135235,0.850250,0.603007,0.850250,0.603007,104,0,169
2026/02/05/00:21:18,1180.136189,0.850250,0.603007,0.850250,0.603007,104,0,169
2026/02/05/00:21:19,1181.137005,0.850250,0.603007,0.850250,0.603007,104,0,169
2026/02/05/00:21:20,1182.137766,0.850250,0.603007,0.850250,0.603007,104,0,169
2026/02/05/00:21:21,1183.138530,0.850250,0.603007,0.850250,0.603007,104,0,169
2026/02/05/00:21:22,1184.139390,0.850250,0.603007,0.850250,0.603007,104,0,169
2026/02/05/00:21:23,1185.140467,0.850250,0.603007,0.850250,0.603007,104,0,169
2026/02/05/00:21:24,1186.141495,0.850250,0.603007,0.850250,0.603007,104,0,169
2026/02/05/00:21:25,1187.142485,0.843187,0.583621,0.843187,0.583621,103,0,170
2026/02/05/00:21:26,1188.143252,0.843187,0.583621,0.843187,0.583621,103,0,170
2026/02/05/00:21:27,1189.144236,0.843187,0.583621,0.843187,0.583621,103,0,170
2026/02/05/00:21:28,1190.145171,0.843187,0.583621,0.843187,0.583621,103,0,170
2026/02/05/00:21:29,1191.146076,0.843187,0.583621,0.843187,0.583621,103,0,170
2026/02/05/00:21:30,1192.146924,0.843187,0.583621,0.843187,0.583621,103,0,170
2026/02/05/00:21:31,1193.147762,0.843187,0.583621,0.843187,0.583621,103,0,170
2026/02/05/00:21:32,1194.148686,0.843187,0.583621,0.843187,0.583621,103,0,170
2026/02/05/00:21:33,1195.149496,0.843187,0.583621,0.843187,0.583621,103,0,170
2026/02/05/00:21:34,1196.150267,0.843187,0.583621,0.843187,0.583621,103,0,170
2026/02/05/00:21:35,1197.151263,0.843187,0.583621,0.843187,0.583621,103,0,170
2026/02/05/00:21:36,1198.152112,0.843187,0.583621,0.843187,0.583621,103,0,170
2026/02/05/00:21:37,1199.153028,0.843187,0.583621,0.843187,0.583621,103,0,170
2026/02/05/00:21:38,1200.153962,0.843187,0.583621,0.843187,0.583621,103,0,170
2026/02/05/00:21:39,1201.154746,0.843187,0.583621,0.843187,0.583621,103,0,170
2026/02/05/00:21:40,1202.155729,0.843187,0.583621,0.843187,0.583621,103,0,170
2026/02/05/00:21:41,1203.156494,0.843187,0.583621,0.843187,0.583621,103,0,170
2026/02/05/00:21:42,1204.157301,0.843187,0.583621,0.843187,0.583621,103,0,170
2026/02/05/00:21:43,1205.157989,0.843187,0.583621,0.843187,0.583621,103,0,170
2026/02/05/00:21:44,1206.158866,0.843187,0.583621,0.843187,0.583621,103,0,170
2026/02/05/00:21:45,1207.159748,0.843187,0.583621,0.843187,0.583621,103,0,170
2026/02/05/00:21:46,1208.160581,0.843187,0.583621,0.843187,0.583621,103,0,170
2026/02/05/00:21:47,1209.161620,0.843187,0.583621,0.843187,0.583621,103,0,170
2026/02/05/00:21:48,1210.162552,0.843187,0.583621,0.843187,0.583621,103,0,170
2026/02/05/00:21:49,1211.163461,0.843187,0.583621,0.843187,0.583621,103,0,170
2026/02/05/00:21:50,1212.164329,0.843187,0.583621,0.843187,0.583621,103,0,170
2026/02/05/00:21:51,1213.165123,0.843187,0.583621,0.843187,0.583621,103,0,170
2026/02/05/00:21:52,1214.166093,0.843187,0.583621,0.843187,0.583621,103,0,170
2026/02/05/00:21:53,1215.167113,0.843187,0.583621,0.843187,0.583621,103,0,170
2026/02/05/00:21:54,1216.168025,0.843187,0.583621,0.843187,0.583621,103,0,170
2026/02/05/00:21:55,1217.168831,0.843187,0.583621,0.843187,0.583621,103,0,170
2026/02/05/00:21:56,1218.169836,0.843187,0.583621,0.843187,0.583621,103,0,170
2026/02/05/00:21:57,1219.170596,0.843187,0.583621,0.843187,0.583621,103,0,170
2026/02/05/00:21:58,1220.171378,0.843187,0.583621,0.843187,0.583621,103,0,170
2026/02/05/00:21:59,1221.172251,0.843187,0.583621,0.843187,0.583621,103,0,170
2026/02/05/00:22:00,1222.173081,0.843187,0.583621,0.843187,0.583621,103,0,170
2026/02/05/00:22:01,1223.173877,0.843187,0.583621,0.843187,0.583621,103,0,170
2026/02/05/00:22:02,1224.174633,0.843187,0.583621,0.843187,0.583621,103,0,170
2026/02/05/00:22:03,1225.175543,0.843187,0.583621,0.843187,0.583621,103,0,170
2026/02/05/00:22:04,1226.176429,0.843187,0.583621,0.843187,0.583621,103,0,170
2026/02/05/00:22:05,1227.177253,0.843187,0.583621,0.843187,0.583621,103,0,170
2026/02/05/00:22:06,1228.178090,0.843187,0.583621,0.843187,0.583621,103,0,170
2026/02/05/00:22:07,1229.179042,0.843187,0.583621,0.843187,0.583621,103,0,170
2026/02/05/00:22:08,1230.180014,0.843187,0.583621,0.843187,0.583621,103,0,170
2026/02/05/00:22:09,1231.181062,0.843187,0.583621,0.843187,0.583621,103,0,170
2026/02/05/00:22:10,1232.182125,0.843187,0.583621,0.843187,0.583621,103,0,170
2026/02/05/00:22:11,1233.183128,0.843187,0.583621,0.843187,0.583621,103,0,170
2026/02/05/00:22:12,1234.184263,0.843187,0.583621,0.843187,0.583621,103,0,170
2026/02/05/00:22:13,1235.184926,0.843187,0.583621,0.843187,0.583621,103,0,170
2026/02/05/00:22:14,1236.185982,0.843187,0.583621,0.843187,0.583621,103,0,170
2026/02/05/00:22:15,1237.187285,0.843187,0.583621,0.843187,0.583621,103,0,170
2026/02/05/00:22:16,1238.188344,0.843187,0.583621,0.843187,0.583621,103,0,170
2026/02/05/00:22:17,1239.189231,0.843187,0.583621,0.843187,0.583621,103,0,170
2026/02/05/00:22:18,1240.190245,0.843187,0.583621,0.843187,0.583621,103,0,170
2026/02/05/00:22:19,1241.191206,0.843187,0.583621,0.843187,0.583621,103,0,170
2026/02/05/00:22:20,1242.192128,0.843187,0.583621,0.843187,0.583621,103,0,170
2026/02/05/00:22:21,1243.192832,0.843187,0.583621,0.843187,0.583621,103,0,170
2026/02/05/00:22:22,1244.193624,0.843187,0.583621,0.843187,0.583621,103,0,170
2026/02/05/00:22:23,1245.194297,0.843187,0.583621,0.843187,0.583621,103,0,170
2026/02/05/00:22:24,1246.195303,0.843187,0.583621,0.843187,0.583621,103,0,170
2026/02/05/00:22:25,1247.196168,0.843187,0.583621,0.843187,0.583621,103,0,170
2026/02/05/00:22:26,1248.196993,0.843187,0.583621,0.843187,0.583621,103,0,170
2026/02/05/00:22:27,1249.198171,0.843187,0.583621,0.843187,0.583621,103,0,170
2026/02/05/00:22:28,1250.199069,0.843187,0.583621,0.843187,0.583621,103,0,170
2026/02/05/00:22:29,1251.199906,0.902500,0.636920,0.938250,0.653407,109,3,170
2026/02/05/00:22:30,1252.200745,0.902500,0.636920,0.938250,0.653407,109,3,170
2026/02/05/00:22:31,1253.201471,0.902500,0.636920,0.938250,0.653407,109,3,170
2026/02/05/00:22:32,1254.202260,0.911000,0.626534,0.931625,0.638896,109,2,171
2026/02/05/00:22:33,1255.203126,0.911000,0.626534,0.931625,0.638896,109,2,171
2026/02/05/00:22:34,1256.204168,0.911000,0.626534,0.931625,0.638896,109,2,171
2026/02/05/00:22:35,1257.204942,0.916750,0.629092,0.927063,0.635273,109,1,172
2026/02/05/00:22:36,1258.205703,0.916750,0.629092,0.927063,0.635273,109,1,172
2026/02/05/00:22:37,1259.206455,0.916750,0.629092,0.927063,0.635273,109,1,172
2026/02/05/00:22:38,1260.207197,0.916750,0.629092,0.927063,0.635273,109,1,172
2026/02/05/00:22:39,1261.208120,0.916750,0.629092,0.927063,0.635273,109,1,172
2026/02/05/00:22:40,1262.208868,0.916750,0.629092,0.927063,0.635273,109,1,172
2026/02/05/00:22:41,1263.209696,0.916750,0.629092,0.927063,0.635273,109,1,172
2026/02/05/00:22:42,1264.210464,0.916750,0.629092,0.927063,0.635273,109,1,172
2026/02/05/00:22:43,1265.211191,0.916750,0.629092,0.927063,0.635273,109,1,172
2026/02/05/00:22:44,1266.211958,0.916750,0.629092,0.927063,0.635273,109,1,172
2026/02/05/00:22:45,1267.212699,0.916750,0.629092,0.927063,0.635273,109,1,172
2026/02/05/00:22:46,1268.217264,0.916750,0.629092,0.927063,0.635273,109,1,172
2026/02/05/00:22:47,1269.218163,0.916750,0.629092,0.927063,0.635273,109,1,172
2026/02/05/00:22:48,1270.218852,0.906438,0.622911,0.906438,0.622911,108,0,173
2026/02/05/00:22:49,1271.219714,0.906438,0.622911,0.906438,0.622911,108,0,173
2026/02/05/00:22:50,1272.220712,0.899875,0.619652,0.899875,0.619652,107,0,174
2026/02/05/00:22:51,1273.221543,0.899875,0.619652,0.899875,0.619652,107,0,174
2026/02/05/00:22:52,1274.222388,0.899875,0.619652,0.899875,0.619652,107,0,174
2026/02/05/00:22:53,1275.223211,0.899875,0.619652,0.899875,0.619652,107,0,174
2026/02/05/00:22:54,1276.224114,0.899875,0.619652,0.899875,0.619652,107,0,174
2026/02/05/00:22:55,1277.224931,0.899875,0.619652,0.899875,0.619652,107,0,174
2026/02/05/00:22:56,1278.225840,0.899875,0.619652,0.899875,0.619652,107,0,174
2026/02/05/00:22:57,1279.226555,0.899875,0.619652,0.899875,0.619652,107,0,174
2026/02/05/00:22:58,1280.227572,0.899875,0.619652,0.899875,0.619652,107,0,174
2026/02/05/00:22:59,1281.230461,0.899875,0.619652,0.899875,0.619652,107,0,174
2026/02/05/00:23:00,1282.231437,0.899875,0.619652,0.899875,0.619652,107,0,174
2026/02/05/00:23:01,1283.232454,0.899875,0.619652,0.899875,0.619652,107,0,174
2026/02/05/00:23:02,1284.233220,0.899875,0.619652,0.899875,0.619652,107,0,174
2026/02/05/00:23:03,1285.233940,0.899875,0.619652,0.899875,0.619652,107,0,174
2026/02/05/00:23:04,1286.234845,0.899875,0.619652,0.899875,0.619652,107,0,174
2026/02/05/00:23:05,1287.235645,0.899875,0.619652,0.899875,0.619652,107,0,174
2026/02/05/00:23:06,1288.236498,0.899875,0.619652,0.899875,0.619652,107,0,174
2026/02/05/00:23:07,1289.237369,0.899875,0.619652,0.899875,0.619652,107,0,174
2026/02/05/00:23:08,1290.238151,0.899875,0.619652,0.899875,0.619652,107,0,174
2026/02/05/00:23:09,1291.238946,0.899875,0.619652,0.899875,0.619652,107,0,174
2026/02/05/00:23:10,1292.239830,0.899875,0.619652,0.899875,0.619652,107,0,174
2026/02/05/00:23:11,1293.240649,0.899875,0.619652,0.899875,0.619652,107,0,174
2026/02/05/00:23:12,1294.241529,0.899875,0.619652,0.899875,0.619652,107,0,174
2026/02/05/00:23:13,1295.242215,0.899875,0.619652,0.899875,0.619652,107,0,174
2026/02/05/00:23:14,1296.243073,0.899875,0.619652,0.899875,0.619652,107,0,174
2026/02/05/00:23:15,1297.243822,0.899875,0.619652,0.899875,0.619652,107,0,174
2026/02/05/00:23:16,1298.244837,0.899875,0.619652,0.899875,0.619652,107,0,174
2026/02/05/00:23:17,1299.245595,0.899875,0.619652,0.899875,0.619652,107,0,174
2026/02/05/00:23:18,1300.246689,0.899875,0.619652,0.899875,0.619652,107,0,174
2026/02/05/00:23:19,1301.247594,0.878250,0.608906,0.878250,0.608906,105,0,176
2026/02/05/00:23:20,1302.248666,0.878250,0.608906,0.878250,0.608906,105,0,176
2026/02/05/00:23:21,1303.249588,0.878250,0.608906,0.878250,0.608906,105,0,176
2026/02/05/00:23:22,1304.250584,0.878250,0.608906,0.878250,0.608906,105,0,176
2026/02/05/00:23:23,1305.251487,0.878250,0.608906,0.878250,0.608906,105,0,176
2026/02/05/00:23:24,1306.252352,0.878250,0.608906,0.878250,0.608906,105,0,176
2026/02/05/00:23:25,1307.253157,0.878250,0.608906,0.878250,0.608906,105,0,176
2026/02/05/00:23:26,1308.253958,0.878250,0.608906,0.878250,0.608906,105,0,176
2026/02/05/00:23:27,1309.254918,0.878250,0.608906,0.878250,0.608906,105,0,176
2026/02/05/00:23:28,1310.255861,0.878250,0.608906,0.878250,0.608906,105,0,176
2026/02/05/00:23:29,1311.256829,0.878250,0.608906,0.878250,0.608906,105,0,176
2026/02/05/00:23:30,1312.257712,0.874812,0.603234,0.874812,0.603234,104,0,177
2026/02/05/00:23:31,1313.258454,0.874812,0.603234,0.874812,0.603234,104,0,177
2026/02/05/00:23:32,1314.259161,0.874812,0.603234,0.874812,0.603234,104,0,177
2026/02/05/00:23:33,1315.260018,0.874812,0.603234,0.874812,0.603234,104,0,177
2026/02/05/00:23:34,1316.260931,0.874812,0.603234,0.874812,0.603234,104,0,177
2026/02/05/00:23:35,1317.261804,0.874812,0.603234,0.874812,0.603234,104,0,177
2026/02/05/00:23:36,1318.262656,0.874812,0.603234,0.874812,0.603234,104,0,177
2026/02/05/00:23:37,1319.263387,0.874812,0.603234,0.874812,0.603234,104,0,177
2026/02/05/00:23:38,1320.264087,0.874812,0.603234,0.874812,0.603234,104,0,177
2026/02/05/00:23:39,1321.265011,0.881687,0.612702,0.881687,0.612702,106,0,177
2026/02/05/00:23:40,1322.265828,0.881687,0.612702,0.881687,0.612702,106,0,177
2026/02/05/00:23:41,1323.266607,0.881687,0.612702,0.881687,0.612702,106,0,177
2026/02/05/00:23:42,1324.267404,0.881687,0.612702,0.881687,0.612702,106,0,177
2026/02/05/00:23:43,1325.268180,0.889000,0.623810,0.889000,0.623810,108,0,177
2026/02/05/00:23:44,1326.268944,0.889000,0.623810,0.889000,0.623810,108,0,177
2026/02/05/00:23:45,1327.269894,0.882125,0.614342,0.882125,0.614342,106,0,179
2026/02/05/00:23:46,1328.270795,0.882125,0.614342,0.882125,0.614342,106,0,179
2026/02/05/00:23:47,1329.271662,0.870313,0.610724,0.870313,0.610724,105,0,180
2026/02/05/00:23:48,1330.272508,0.870313,0.610724,0.870313,0.610724,105,0,180
2026/02/05/00:23:49,1331.273488,0.870313,0.610724,0.870313,0.610724,105,0,180
2026/02/05/00:23:50,1332.274323,0.870313,0.610724,0.870313,0.610724,105,0,180
2026/02/05/00:23:51,1333.275099,0.870313,0.610724,0.870313,0.610724,105,0,180
2026/02/05/00:23:52,1334.276100,0.870313,0.610724,0.870313,0.610724,105,0,180
2026/02/05/00:23:53,1335.276938,0.870313,0.610724,0.870313,0.610724,105,0,180
2026/02/05/00:23:54,1336.277823,0.870313,0.610724,0.870313,0.610724,105,0,180
2026/02/05/00:23:55,1337.278630,0.870313,0.610724,0.870313,0.610724,105,0,180
2026/02/05/00:23:56,1338.279432,0.870313,0.610724,0.870313,0.610724,105,0,180
2026/02/05/00:23:57,1339.280352,0.870313,0.610724,0.870313,0.610724,105,0,180
2026/02/05/00:23:58,1340.280997,0.870313,0.610724,0.870313,0.610724,105,0,180
2026/02/05/00:23:59,1341.281886,0.870313,0.610724,0.870313,0.610724,105,0,180
2026/02/05/00:24:00,1342.282649,0.881188,0.625492,0.881188,0.625492,108,0,180
2026/02/05/00:24:01,1343.283584,0.881188,0.625492,0.881188,0.625492,108,0,180
2026/02/05/00:24:02,1344.284636,0.881188,0.625492,0.881188,0.625492,108,0,180
2026/02/05/00:24:03,1345.285272,0.881188,0.625492,0.881188,0.625492,108,0,180
2026/02/05/00:24:04,1346.286151,0.881188,0.625492,0.881188,0.625492,108,0,180
2026/02/05/00:24:05,1347.286971,0.881188,0.625492,0.881188,0.625492,108,0,180
2026/02/05/00:24:06,1348.287623,0.881188,0.625492,0.881188,0.625492,108,0,180
2026/02/05/00:24:07,1349.288471,0.881188,0.625492,0.881188,0.625492,108,0,180
2026/02/05/00:24:08,1350.289313,0.881188,0.625492,0.881188,0.625492,108,0,180
2026/02/05/00:24:09,1351.290156,0.881188,0.625492,0.881188,0.625492,108,0,180
2026/02/05/00:24:10,1352.290908,0.881188,0.625492,0.881188,0.625492,108,0,180
2026/02/05/00:24:11,1353.291693,0.881188,0.625492,0.881188,0.625492,108,0,180
2026/02/05/00:24:12,1354.292785,0.881188,0.625492,0.881188,0.625492,108,0,180
2026/02/05/00:24:13,1355.293515,0.881188,0.625492,0.881188,0.625492,108,0,180
2026/02/05/00:24:14,1356.294394,0.881188,0.625492,0.881188,0.625492,108,0,180
2026/02/05/00:24:15,1357.295373,0.911062,0.644616,0.911062,0.644616,111,0,180
2026/02/05/00:24:16,1358.296159,0.911062,0.644616,0.911062,0.644616,111,0,180
2026/02/05/00:24:17,1359.297126,0.911062,0.644616,0.911062,0.644616,111,0,180
2026/02/05/00:24:18,1360.298077,0.911062,0.644616,0.911062,0.644616,111,0,180
2026/02/05/00:24:19,1361.298839,0.911062,0.644616,0.911062,0.644616,111,0,180
2026/02/05/00:24:20,1362.299698,0.911062,0.644616,0.911062,0.644616,111,0,180
2026/02/05/00:24:21,1363.300450,0.905000,0.633106,0.905000,0.633106,109,0,183
2026/02/05/00:24:22,1364.301286,0.887500,0.623464,0.924375,0.632065,107,2,185
2026/02/05/00:24:23,1365.302062,0.893563,0.618282,0.912000,0.622583,107,1,186
2026/02/05/00:24:24,1366.302726,0.893563,0.618282,0.912000,0.622583,107,1,186
2026/02/05/00:24:25,1367.303664,0.893563,0.618282,0.912000,0.622583,107,1,186
2026/02/05/00:24:26,1368.304425,0.893563,0.618282,0.912000,0.622583,107,1,186
2026/02/05/00:24:27,1369.305288,0.893563,0.618282,0.912000,0.622583,107,1,186
2026/02/05/00:24:28,1370.306126,0.893563,0.618282,0.912000,0.622583,107,1,186
2026/02/05/00:24:29,1371.306943,0.875125,0.613982,0.875125,0.613982,106,0,187
2026/02/05/00:24:30,1372.307756,0.875125,0.613982,0.875125,0.613982,106,0,187
2026/02/05/00:24:31,1373.308725,0.875125,0.613982,0.875125,0.613982,106,0,187
2026/02/05/00:24:32,1374.309708,0.875125,0.613982,0.875125,0.613982,106,0,187
2026/02/05/00:24:33,1375.310423,0.875125,0.613982,0.875125,0.613982,106,0,187
2026/02/05/00:24:34,1376.311413,0.875125,0.613982,0.875125,0.613982,106,0,187
2026/02/05/00:24:35,1377.312383,0.875125,0.613982,0.875125,0.613982,106,0,187
2026/02/05/00:24:36,1378.313085,0.875125,0.613982,0.875125,0.613982,106,0,187
2026/02/05/00:24:37,1379.313874,0.871250,0.609589,0.871250,0.609589,105,0,188
2026/02/05/00:24:38,1380.314760,0.866437,0.606331,0.866437,0.606331,104,0,189
2026/02/05/00:24:39,1381.315477,0.866437,0.606331,0.866437,0.606331,104,0,189
2026/02/05/00:24:40,1382.316377,0.866437,0.606331,0.866437,0.606331,104,0,189
2026/02/05/00:24:41,1383.317436,0.866437,0.606331,0.866437,0.606331,104,0,189
2026/02/05/00:24:42,1384.318425,0.866437,0.606331,0.866437,0.606331,104,0,189
2026/02/05/00:24:43,1385.319438,0.866437,0.606331,0.866437,0.606331,104,0,189
2026/02/05/00:24:44,1386.320465,0.866437,0.606331,0.866437,0.606331,104,0,189
2026/02/05/00:24:45,1387.321327,0.866437,0.606331,0.866437,0.606331,104,0,189
2026/02/05/00:24:46,1388.322268,0.866437,0.606331,0.866437,0.606331,104,0,189
2026/02/05/00:24:47,1389.323066,0.866437,0.606331,0.866437,0.606331,104,0,189
2026/02/05/00:24:48,1390.324261,0.859500,0.602234,0.859500,0.602234,103,0,190
2026/02/05/00:24:49,1391.325126,0.859500,0.602234,0.859500,0.602234,103,0,190
2026/02/05/00:24:50,1392.326106,0.859500,0.602234,0.859500,0.602234,103,0,190
2026/02/05/00:24:51,1393.327394,0.872875,0.623135,0.892000,0.642655,106,4,190
2026/02/05/00:24:52,1394.328034,0.892000,0.642655,0.892000,0.642655,110,0,190
2026/02/05/00:24:53,1395.328848,0.892000,0.642655,0.892000,0.642655,110,0,190
2026/02/05/00:24:54,1396.329574,0.882375,0.632590,0.882375,0.632590,108,0,192
2026/02/05/00:24:55,1397.330421,0.882375,0.632590,0.882375,0.632590,108,0,192
2026/02/05/00:24:56,1398.331305,0.882375,0.632590,0.882375,0.632590,108,0,192
2026/02/05/00:24:57,1399.332464,0.882375,0.632590,0.882375,0.632590,108,0,192
2026/02/05/00:24:58,1400.333262,0.882375,0.632590,0.882375,0.632590,108,0,192
2026/02/05/00:24:59,1401.333922,0.861000,0.619029,0.861000,0.619029,104,0,196
2026/02/05/00:25:00,1402.334852,0.861000,0.619029,0.861000,0.619029,104,0,196
2026/02/05/00:25:01,1403.335647,0.875375,0.629011,0.875375,0.629011,106,0,196
2026/02/05/00:25:02,1404.336485,0.924188,0.687540,0.934625,0.700177,112,1,196
2026/02/05/00:25:03,1405.337499,0.924188,0.687540,0.934625,0.700177,112,1,196
2026/02/05/00:25:04,1406.338262,0.924188,0.687540,0.934625,0.700177,112,1,196
2026/02/05/00:25:05,1407.338992,0.925625,0.678493,0.925625,0.678493,112,0,197
2026/02/05/00:25:06,1408.339858,0.895625,0.625932,0.895625,0.625932,108,0,201
2026/02/05/00:25:07,1409.340657,0.852000,0.597345,0.852000,0.597345,103,0,206
2026/02/05/00:25:08,1410.341536,0.852000,0.597345,0.852000,0.597345,103,0,206
2026/02/05/00:25:09,1411.342466,0.852000,0.597345,0.852000,0.597345,103,0,206
2026/02/05/00:25:10,1412.343246,0.852000,0.597345,0.852000,0.597345,103,0,206
2026/02/05/00:25:11,1413.344234,0.852000,0.597345,0.852000,0.597345,103,0,206
2026/02/05/00:25:12,1414.344936,0.852000,0.597345,0.852000,0.597345,103,0,206
2026/02/05/00:25:13,1415.345536,0.852000,0.597345,0.852000,0.597345,103,0,206
2026/02/05/00:25:14,1416.346340,0.852000,0.597345,0.852000,0.597345,103,0,206
2026/02/05/00:25:15,1417.347246,0.852000,0.597345,0.852000,0.597345,103,0,206
2026/02/05/00:25:16,1418.348159,0.852000,0.597345,0.852000,0.597345,103,0,206
2026/02/05/00:25:17,1419.349093,0.852000,0.597345,0.852000,0.597345,103,0,206
2026/02/05/00:25:18,1420.350064,0.848313,0.585941,0.848313,0.585941,102,0,207
2026/02/05/00:25:19,1421.350964,0.848313,0.585941,0.848313,0.585941,102,0,207
2026/02/05/00:25:20,1422.351717,0.848313,0.585941,0.848313,0.585941,102,0,207
2026/02/05/00:25:21,1423.352593,0.848313,0.585941,0.848313,0.585941,102,0,207
2026/02/05/00:25:22,1424.353617,0.848313,0.585941,0.848313,0.585941,102,0,207
2026/02/05/00:25:23,1425.354535,0.848313,0.585941,0.848313,0.585941,102,0,207
2026/02/05/00:25:24,1426.355289,0.848313,0.585941,0.848313,0.585941,102,0,207
2026/02/05/00:25:25,1427.356367,0.907813,0.650023,0.925000,0.653249,111,1,207
2026/02/05/00:25:26,1428.357093,0.916188,0.667012,0.933375,0.670238,113,1,207
2026/02/05/00:25:27,1429.358007,0.912250,0.656154,0.929438,0.659380,112,1,208
2026/02/05/00:25:28,1430.358873,0.902875,0.639679,0.920063,0.642905,110,1,210
2026/02/05/00:25:29,1431.359601,0.884625,0.619457,0.884625,0.619457,108,0,213
2026/02/05/00:25:30,1432.360339,0.874125,0.598577,0.874125,0.598577,105,0,216
2026/02/05/00:25:31,1433.361706,0.874125,0.598577,0.874125,0.598577,105,0,216
2026/02/05/00:25:32,1434.362597,0.874125,0.598577,0.874125,0.598577,105,0,216
2026/02/05/00:25:33,1435.363621,0.869938,0.595298,0.869938,0.595298,104,0,217
2026/02/05/00:25:34,1436.364305,0.865500,0.589167,0.865500,0.589167,103,0,218
2026/02/05/00:25:35,1437.365123,0.865500,0.589167,0.865500,0.589167,103,0,218
2026/02/05/00:25:36,1438.365868,0.865500,0.589167,0.865500,0.589167,103,0,218
2026/02/05/00:25:37,1439.366918,0.865500,0.589167,0.865500,0.589167,103,0,218
2026/02/05/00:25:38,1440.367981,0.865500,0.589167,0.865500,0.589167,103,0,218
2026/02/05/00:25:39,1441.369011,0.865500,0.589167,0.865500,0.589167,103,0,218
2026/02/05/00:25:40,1442.369952,0.865500,0.589167,0.865500,0.589167,103,0,218
2026/02/05/00:25:41,1443.370859,0.850375,0.585042,0.850375,0.585042,102,0,219
2026/02/05/00:25:42,1444.371635,0.850375,0.585042,0.850375,0.585042,102,0,219
2026/02/05/00:25:43,1445.372409,0.845688,0.575655,0.845688,0.575655,101,0,220
2026/02/05/00:25:44,1446.373188,0.845688,0.575655,0.845688,0.575655,101,0,220
2026/02/05/00:25:45,1447.373996,0.845688,0.575655,0.845688,0.575655,101,0,220
2026/02/05/00:25:46,1448.374832,0.845688,0.575655,0.845688,0.575655,101,0,220
2026/02/05/00:25:47,1449.375693,0.845688,0.575655,0.845688,0.575655,101,0,220
2026/02/05/00:25:48,1450.376521,0.845688,0.575655,0.845688,0.575655,101,0,220
2026/02/05/00:25:49,1451.377366,0.845688,0.575655,0.845688,0.575655,101,0,220
2026/02/05/00:25:50,1452.378150,0.845688,0.575655,0.845688,0.575655,101,0,220
2026/02/05/00:25:51,1453.379105,0.845688,0.575655,0.845688,0.575655,101,0,220
2026/02/05/00:25:52,1454.379946,0.845688,0.575655,0.845688,0.575655,101,0,220
2026/02/05/00:25:53,1455.380902,0.845688,0.575655,0.845688,0.575655,101,0,220
2026/02/05/00:25:54,1456.381867,0.845688,0.575655,0.845688,0.575655,101,0,220
2026/02/05/00:25:55,1457.382865,0.845688,0.575655,0.845688,0.575655,101,0,220
2026/02/05/00:25:56,1458.383792,0.845688,0.575655,0.845688,0.575655,101,0,220
2026/02/05/00:25:57,1459.384569,0.845688,0.575655,0.845688,0.575655,101,0,220
2026/02/05/00:25:58,1460.385570,0.845688,0.575655,0.845688,0.575655,101,0,220
2026/02/05/00:25:59,1461.386607,0.845688,0.575655,0.845688,0.575655,101,0,220
2026/02/05/00:26:00,1462.387316,0.845688,0.575655,0.845688,0.575655,101,0,220
2026/02/05/00:26:01,1463.388094,0.845688,0.575655,0.845688,0.575655,101,0,220
2026/02/05/00:26:02,1464.389022,0.845688,0.575655,0.845688,0.575655,101,0,220
2026/02/05/00:26:03,1465.389842,0.845688,0.575655,0.845688,0.575655,101,0,220
2026/02/05/00:26:04,1466.390873,0.845688,0.575655,0.845688,0.575655,101,0,220
2026/02/05/00:26:05,1467.392007,0.845688,0.575655,0.845688,0.575655,101,0,220
2026/02/05/00:26:06,1468.392947,0.845688,0.575655,0.845688,0.575655,101,0,220
2026/02/05/00:26:07,1469.393790,0.828500,0.572429,0.828500,0.572429,100,0,221
2026/02/05/00:26:08,1470.394790,0.828500,0.572429,0.828500,0.572429,100,0,221
2026/02/05/00:26:09,1471.395680,0.828500,0.572429,0.828500,0.572429,100,0,221
2026/02/05/00:26:10,1472.396642,0.803250,0.565423,0.803250,0.565423,99,0,222
2026/02/05/00:26:11,1473.397507,0.803250,0.565423,0.803250,0.565423,99,0,222
2026/02/05/00:26:12,1474.398321,0.803250,0.565423,0.803250,0.565423,99,0,222
2026/02/05/00:26:13,1475.399135,0.803250,0.565423,0.803250,0.565423,99,0,222
2026/02/05/00:26:14,1476.399978,0.803250,0.565423,0.803250,0.565423,99,0,222
2026/02/05/00:26:15,1477.401025,0.803250,0.565423,0.803250,0.565423,99,0,222
2026/02/05/00:26:16,1478.402006,0.803250,0.565423,0.803250,0.565423,99,0,222
2026/02/05/00:26:17,1479.402877,0.803250,0.565423,0.803250,0.565423,99,0,222
2026/02/05/00:26:18,1480.403809,0.803250,0.565423,0.803250,0.565423,99,0,222
2026/02/05/00:26:19,1481.404841,0.803250,0.565423,0.803250,0.565423,99,0,222
2026/02/05/00:26:20,1482.405729,0.803250,0.565423,0.803250,0.565423,99,0,222
2026/02/05/00:26:21,1483.406583,0.803250,0.565423,0.803250,0.565423,99,0,222
2026/02/05/00:26:22,1484.407433,0.803250,0.565423,0.803250,0.565423,99,0,222
2026/02/05/00:26:23,1485.408101,0.803250,0.565423,0.803250,0.565423,99,0,222
2026/02/05/00:26:24,1486.408931,0.803250,0.565423,0.803250,0.565423,99,0,222
2026/02/05/00:26:25,1487.409629,0.803250,0.565423,0.803250,0.565423,99,0,222
2026/02/05/00:26:26,1488.410381,0.803250,0.565423,0.803250,0.565423,99,0,222
2026/02/05/00:26:27,1489.411299,0.803250,0.565423,0.803250,0.565423,99,0,222
2026/02/05/00:26:28,1490.412427,0.803250,0.565423,0.803250,0.565423,99,0,222
2026/02/05/00:26:29,1491.413387,0.803250,0.565423,0.803250,0.565423,99,0,222
2026/02/05/00:26:30,1492.414214,0.803250,0.565423,0.803250,0.565423,99,0,222
2026/02/05/00:26:31,1493.414860,0.803250,0.565423,0.803250,0.565423,99,0,222
2026/02/05/00:26:32,1494.415800,0.803250,0.565423,0.803250,0.565423,99,0,222
2026/02/05/00:26:33,1495.416900,0.803250,0.565423,0.803250,0.565423,99,0,222
2026/02/05/00:26:34,1496.417855,0.803250,0.565423,0.803250,0.565423,99,0,222
2026/02/05/00:26:35,1497.418844,0.803250,0.565423,0.803250,0.565423,99,0,222
2026/02/05/00:26:36,1498.419835,0.803250,0.565423,0.803250,0.565423,99,0,222
2026/02/05/00:26:37,1499.420802,0.803250,0.565423,0.803250,0.565423,99,0,222
2026/02/05/00:26:38,1500.421804,0.803250,0.565423,0.803250,0.565423,99,0,222
2026/02/05/00:26:39,1501.422712,0.803250,0.565423,0.803250,0.565423,99,0,222
2026/02/05/00:26:40,1502.423570,0.803250,0.565423,0.803250,0.565423,99,0,222
2026/02/05/00:26:41,1503.424500,0.803250,0.565423,0.803250,0.565423,99,0,222
2026/02/05/00:26:42,1504.425455,0.803250,0.565423,0.803250,0.565423,99,0,222
2026/02/05/00:26:43,1505.426236,0.803250,0.565423,0.803250,0.565423,99,0,222
2026/02/05/00:26:44,1506.427081,0.803250,0.565423,0.803250,0.565423,99,0,222
2026/02/05/00:26:45,1507.428043,0.803250,0.565423,0.803250,0.565423,99,0,222
2026/02/05/00:26:46,1508.429027,0.803250,0.565423,0.803250,0.565423,99,0,222
2026/02/05/00:26:47,1509.429962,0.803250,0.565423,0.803250,0.565423,99,0,222
2026/02/05/00:26:48,1510.430849,0.803250,0.565423,0.803250,0.565423,99,0,222
2026/02/05/00:26:49,1511.431895,0.803250,0.565423,0.803250,0.565423,99,0,222
2026/02/05/00:26:50,1512.432835,0.803250,0.565423,0.803250,0.565423,99,0,222
2026/02/05/00:26:51,1513.433730,0.803250,0.565423,0.803250,0.565423,99,0,222
2026/02/05/00:26:52,1514.434677,0.803250,0.565423,0.803250,0.565423,99,0,222
2026/02/05/00:26:53,1515.435672,0.803250,0.565423,0.803250,0.565423,99,0,222
2026/02/05/00:26:54,1516.436805,0.803250,0.565423,0.803250,0.565423,99,0,222
2026/02/05/00:26:55,1517.437852,0.803250,0.565423,0.803250,0.565423,99,0,222
2026/02/05/00:26:56,1518.439026,0.803250,0.565423,0.803250,0.565423,99,0,222
2026/02/05/00:26:57,1519.439907,0.803250,0.565423,0.803250,0.565423,99,0,222
2026/02/05/00:26:58,1520.440744,0.803250,0.565423,0.803250,0.565423,99,0,222
2026/02/05/00:26:59,1521.441701,0.803250,0.565423,0.803250,0.565423,99,0,222
2026/02/05/00:27:00,1522.442715,0.803250,0.565423,0.803250,0.565423,99,0,222
2026/02/05/00:27:01,1523.443624,0.803250,0.565423,0.803250,0.565423,99,0,222
2026/02/05/00:27:02,1524.444583,0.803250,0.565423,0.803250,0.565423,99,0,222
2026/02/05/00:27:03,1525.445757,0.803250,0.565423,0.803250,0.565423,99,0,222
2026/02/05/00:27:04,1526.446707,0.803250,0.565423,0.803250,0.565423,99,0,222
2026/02/05/00:27:05,1527.447686,0.803250,0.565423,0.803250,0.565423,99,0,222
2026/02/05/00:27:06,1528.448625,0.803250,0.565423,0.803250,0.565423,99,0,222
2026/02/05/00:27:07,1529.449569,0.803250,0.565423,0.803250,0.565423,99,0,222
2026/02/05/00:27:08,1530.450446,0.803250,0.565423,0.803250,0.565423,99,0,222
2026/02/05/00:27:09,1531.451228,0.803250,0.565423,0.803250,0.565423,99,0,222
2026/02/05/00:27:10,1532.452302,0.803250,0.565423,0.803250,0.565423,99,0,222
2026/02/05/00:27:11,1533.453215,0.803250,0.565423,0.803250,0.565423,99,0,222
2026/02/05/00:27:12,1534.454028,0.803250,0.565423,0.803250,0.565423,99,0,222
2026/02/05/00:27:13,1535.454871,0.803250,0.565423,0.803250,0.565423,99,0,222
2026/02/05/00:27:14,1536.455869,0.803250,0.565423,0.803250,0.565423,99,0,222
2026/02/05/00:27:15,1537.456856,0.803250,0.565423,0.803250,0.565423,99,0,222
2026/02/05/00:27:16,1538.457739,0.803250,0.565423,0.803250,0.565423,99,0,222
2026/02/05/00:27:17,1539.458827,0.803250,0.565423,0.803250,0.565423,99,0,222
2026/02/05/00:27:18,1540.459785,0.803250,0.565423,0.803250,0.565423,99,0,222
2026/02/05/00:27:19,1541.461326,0.803250,0.565423,0.803250,0.565423,99,0,222
2026/02/05/00:27:20,1542.462446,0.803250,0.565423,0.803250,0.565423,99,0,222
2026/02/05/00:27:21,1543.463374,0.803250,0.565423,0.803250,0.565423,99,0,222
2026/02/05/00:27:22,1544.464193,0.803250,0.565423,0.803250,0.565423,99,0,222
2026/02/05/00:27:23,1545.465228,0.803250,0.565423,0.803250,0.565423,99,0,222
2026/02/05/00:27:24,1546.466030,0.803250,0.565423,0.803250,0.565423,99,0,222
2026/02/05/00:27:25,1547.466817,0.803250,0.565423,0.803250,0.565423,99,0,222
2026/02/05/00:27:26,1548.467429,0.803250,0.565423,0.803250,0.565423,99,0,222
2026/02/05/00:27:27,1549.468263,0.803250,0.565423,0.803250,0.565423,99,0,222
2026/02/05/00:27:28,1550.469089,0.803250,0.565423,0.803250,0.565423,99,0,222
2026/02/05/00:27:29,1551.469975,0.803250,0.565423,0.803250,0.565423,99,0,222
2026/02/05/00:27:30,1552.470951,0.803250,0.565423,0.803250,0.565423,99,0,222
2026/02/05/00:27:31,1553.471834,0.803250,0.565423,0.803250,0.565423,99,0,222
2026/02/05/00:27:32,1554.472842,0.803250,0.565423,0.803250,0.565423,99,0,222
2026/02/05/00:27:33,1555.473829,0.803250,0.565423,0.803250,0.565423,99,0,222
2026/02/05/00:27:34,1556.474619,0.803250,0.565423,0.803250,0.565423,99,0,222
2026/02/05/00:27:35,1557.475471,0.803250,0.565423,0.803250,0.565423,99,0,222
2026/02/05/00:27:36,1558.476238,0.803250,0.565423,0.803250,0.565423,99,0,222
2026/02/05/00:27:37,1559.477178,0.803250,0.565423,0.803250,0.565423,99,0,222
2026/02/05/00:27:38,1560.478208,0.803250,0.565423,0.803250,0.565423,99,0,222
2026/02/05/00:27:39,1561.479300,0.803250,0.565423,0.803250,0.565423,99,0,222
2026/02/05/00:27:40,1562.480361,0.803250,0.565423,0.803250,0.565423,99,0,222
2026/02/05/00:27:41,1563.481514,0.803250,0.565423,0.803250,0.565423,99,0,222
2026/02/05/00:27:42,1564.482426,0.803250,0.565423,0.803250,0.565423,99,0,222
2026/02/05/00:27:43,1565.483209,0.803250,0.565423,0.803250,0.565423,99,0,222
2026/02/05/00:27:44,1566.484130,0.803250,0.565423,0.803250,0.565423,99,0,222
2026/02/05/00:27:45,1567.484827,0.803250,0.565423,0.803250,0.565423,99,0,222
2026/02/05/00:27:46,1568.486093,0.803250,0.565423,0.803250,0.565423,99,0,222
2026/02/05/00:27:47,1569.487105,0.803250,0.565423,0.803250,0.565423,99,0,222
2026/02/05/00:27:48,1570.488048,0.803250,0.565423,0.803250,0.565423,99,0,222
2026/02/05/00:27:49,1571.489079,0.803250,0.565423,0.803250,0.565423,99,0,222
2026/02/05/00:27:50,1572.490106,0.803250,0.565423,0.803250,0.565423,99,0,222
2026/02/05/00:27:51,1573.491086,0.803250,0.565423,0.803250,0.565423,99,0,222
2026/02/05/00:27:52,1574.492874,0.803250,0.565423,0.803250,0.565423,99,0,222
2026/02/05/00:27:53,1575.493800,0.803250,0.565423,0.803250,0.565423,99,0,222
2026/02/05/00:27:54,1576.494577,0.803250,0.565423,0.803250,0.565423,99,0,222
2026/02/05/00:27:55,1577.495349,0.803250,0.565423,0.803250,0.565423,99,0,222
2026/02/05/00:27:56,1578.496404,0.803250,0.565423,0.803250,0.565423,99,0,222
2026/02/05/00:27:57,1579.497302,0.803250,0.565423,0.803250,0.565423,99,0,222
2026/02/05/00:27:58,1580.498314,0.803250,0.565423,0.803250,0.565423,99,0,222
2026/02/05/00:27:59,1581.499424,0.803250,0.565423,0.803250,0.565423,99,0,222
2026/02/05/00:28:00,1582.500414,0.803250,0.565423,0.803250,0.565423,99,0,222
2026/02/05/00:28:01,1583.501452,0.803250,0.565423,0.803250,0.565423,99,0,222
2026/02/05/00:28:02,1584.502368,0.803250,0.565423,0.803250,0.565423,99,0,222
2026/02/05/00:28:03,1585.503221,0.803250,0.565423,0.803250,0.565423,99,0,222
2026/02/05/00:28:04,1586.503925,0.803250,0.565423,0.803250,0.565423,99,0,222
2026/02/05/00:28:05,1587.504897,0.803250,0.565423,0.803250,0.565423,99,0,222
2026/02/05/00:28:06,1588.505742,0.803250,0.565423,0.803250,0.565423,99,0,222
2026/02/05/00:28:07,1589.506627,0.803250,0.565423,0.803250,0.565423,99,0,222
2026/02/05/00:28:08,1590.507419,0.803250,0.565423,0.803250,0.565423,99,0,222
2026/02/05/00:28:09,1591.508296,0.803250,0.565423,0.803250,0.565423,99,0,222
2026/02/05/00:28:10,1592.509218,0.803250,0.565423,0.803250,0.565423,99,0,222
2026/02/05/00:28:11,1593.510257,0.797687,0.559318,0.797687,0.559318,98,0,223
2026/02/05/00:28:12,1594.511166,0.797687,0.559318,0.797687,0.559318,98,0,223
2026/02/05/00:28:13,1595.512063,0.797687,0.559318,0.797687,0.559318,98,0,223
2026/02/05/00:28:14,1596.512956,0.797687,0.559318,0.797687,0.559318,98,0,223
2026/02/05/00:28:15,1597.513997,0.797687,0.559318,0.797687,0.559318,98,0,223
2026/02/05/00:28:16,1598.514724,0.797687,0.559318,0.797687,0.559318,98,0,223
2026/02/05/00:28:17,1599.515660,0.797687,0.559318,0.797687,0.559318,98,0,223
2026/02/05/00:28:18,1600.516608,0.797687,0.559318,0.797687,0.559318,98,0,223
2026/02/05/00:28:19,1601.517447,0.797687,0.559318,0.797687,0.559318,98,0,223
2026/02/05/00:28:20,1602.518234,0.841688,0.579855,0.841688,0.579855,101,0,223
2026/02/05/00:28:21,1603.519256,0.841688,0.579855,0.841688,0.579855,101,0,223
2026/02/05/00:28:22,1604.520170,0.841688,0.579855,0.841688,0.579855,101,0,223
2026/02/05/00:28:23,1605.521283,0.841688,0.579855,0.841688,0.579855,101,0,223
2026/02/05/00:28:24,1606.522218,0.831688,0.576669,0.831688,0.576669,100,0,224
2026/02/05/00:28:25,1607.523208,0.831688,0.576669,0.831688,0.576669,100,0,224
2026/02/05/00:28:26,1608.523913,0.831688,0.576669,0.831688,0.576669,100,0,224
2026/02/05/00:28:27,1609.524888,0.809875,0.567793,0.809875,0.567793,99,0,225
2026/02/05/00:28:28,1610.526024,0.809875,0.567793,0.809875,0.567793,99,0,225
2026/02/05/00:28:29,1611.527159,0.809875,0.567793,0.809875,0.567793,99,0,225
2026/02/05/00:28:30,1612.528163,0.809875,0.567793,0.809875,0.567793,99,0,225
2026/02/05/00:28:31,1613.528992,0.809875,0.567793,0.809875,0.567793,99,0,225
2026/02/05/00:28:32,1614.529922,0.809875,0.567793,0.809875,0.567793,99,0,225
2026/02/05/00:28:33,1615.530804,0.809875,0.567793,0.809875,0.567793,99,0,225
2026/02/05/00:28:34,1616.531586,0.809875,0.567793,0.809875,0.567793,99,0,225
2026/02/05/00:28:35,1617.532486,0.809875,0.567793,0.809875,0.567793,99,0,225
2026/02/05/00:28:36,1618.533410,0.809875,0.567793,0.809875,0.567793,99,0,225
2026/02/05/00:28:37,1619.534295,0.809875,0.567793,0.809875,0.567793,99,0,225
2026/02/05/00:28:38,1620.535166,0.809875,0.567793,0.809875,0.567793,99,0,225
2026/02/05/00:28:39,1621.536032,0.809875,0.567793,0.809875,0.567793,99,0,225
2026/02/05/00:28:40,1622.536904,0.809875,0.567793,0.809875,0.567793,99,0,225
2026/02/05/00:28:41,1623.537809,0.809875,0.567793,0.809875,0.567793,99,0,225
2026/02/05/00:28:42,1624.538695,0.809875,0.567793,0.809875,0.567793,99,0,225
2026/02/05/00:28:43,1625.539485,0.820500,0.578200,0.820500,0.578200,101,0,225
2026/02/05/00:28:44,1626.540341,0.826063,0.581688,0.826063,0.581688,102,0,225
2026/02/05/00:28:45,1627.541491,0.826063,0.581688,0.826063,0.581688,102,0,225
2026/02/05/00:28:46,1628.542378,0.826063,0.581688,0.826063,0.581688,102,0,225
2026/02/05/00:28:47,1629.543175,0.826063,0.581688,0.826063,0.581688,102,0,225
2026/02/05/00:28:48,1630.544094,0.826063,0.581688,0.826063,0.581688,102,0,225
2026/02/05/00:28:49,1631.544905,0.820500,0.578200,0.820500,0.578200,101,0,226
2026/02/05/00:28:50,1632.548488,0.820500,0.578200,0.820500,0.578200,101,0,226
2026/02/05/00:28:51,1633.549265,0.842688,0.607638,0.847500,0.614898,106,1,226
2026/02/05/00:28:52,1634.550125,0.874875,0.675671,0.874875,0.675671,111,0,226
2026/02/05/00:28:53,1635.551122,0.874875,0.675671,0.874875,0.675671,111,0,226
2026/02/05/00:28:54,1636.551963,0.874875,0.675671,0.874875,0.675671,111,0,226
2026/02/05/00:28:55,1637.552868,0.874875,0.675671,0.874875,0.675671,111,0,226
2026/02/05/00:28:56,1638.553555,0.869062,0.672431,0.869062,0.672431,110,0,227
2026/02/05/00:28:57,1639.554257,0.869062,0.672431,0.869062,0.672431,110,0,227
2026/02/05/00:28:58,1640.554963,0.858437,0.662025,0.858437,0.662025,108,0,229
2026/02/05/00:28:59,1641.555638,0.854000,0.656508,0.854000,0.656508,107,0,230
2026/02/05/00:29:00,1642.556420,0.860313,0.652158,0.860313,0.652158,107,0,232
2026/02/05/00:29:01,1643.557457,0.860313,0.652158,0.860313,0.652158,107,0,232
2026/02/05/00:29:02,1644.558315,0.848875,0.645576,0.848875,0.645576,106,0,233
2026/02/05/00:29:03,1645.559178,0.848875,0.645576,0.848875,0.645576,106,0,233
2026/02/05/00:29:04,1646.559961,0.848875,0.645576,0.848875,0.645576,106,0,233
2026/02/05/00:29:05,1647.560827,0.848875,0.645576,0.848875,0.645576,106,0,233
2026/02/05/00:29:06,1648.561595,0.848875,0.645576,0.848875,0.645576,106,0,233
2026/02/05/00:29:07,1649.562354,0.848875,0.645576,0.848875,0.645576,106,0,233
2026/02/05/00:29:08,1650.563097,0.848875,0.645576,0.848875,0.645576,106,0,233
2026/02/05/00:29:09,1651.564078,0.848875,0.645576,0.848875,0.645576,106,0,233
2026/02/05/00:29:10,1652.565166,0.848875,0.645576,0.848875,0.645576,106,0,233
2026/02/05/00:29:11,1653.566199,0.848875,0.645576,0.848875,0.645576,106,0,233
2026/02/05/00:29:12,1654.567165,0.848875,0.645576,0.848875,0.645576,106,0,233
2026/02/05/00:29:13,1655.567916,0.848875,0.645576,0.848875,0.645576,106,0,233
2026/02/05/00:29:14,1656.568995,0.848875,0.645576,0.848875,0.645576,106,0,233
2026/02/05/00:29:15,1657.569851,0.848875,0.645576,0.848875,0.645576,106,0,233
2026/02/05/00:29:16,1658.570638,0.848875,0.645576,0.848875,0.645576,106,0,233
2026/02/05/00:29:17,1659.571364,0.848875,0.645576,0.848875,0.645576,106,0,233
2026/02/05/00:29:18,1660.572126,0.848875,0.645576,0.848875,0.645576,106,0,233
2026/02/05/00:29:19,1661.572929,0.848875,0.645576,0.848875,0.645576,106,0,233
2026/02/05/00:29:20,1662.573857,0.848875,0.645576,0.848875,0.645576,106,0,233
2026/02/05/00:29:21,1663.574766,0.848875,0.645576,0.848875,0.645576,106,0,233
2026/02/05/00:29:22,1664.575682,0.848875,0.645576,0.848875,0.645576,106,0,233
2026/02/05/00:29:23,1665.576653,0.848875,0.645576,0.848875,0.645576,106,0,233
2026/02/05/00:29:24,1666.577501,0.848875,0.645576,0.848875,0.645576,106,0,233
2026/02/05/00:29:25,1667.578211,0.848875,0.645576,0.848875,0.645576,106,0,233
2026/02/05/00:29:26,1668.578942,0.835938,0.628915,0.835938,0.628915,103,0,236
2026/02/05/00:29:27,1669.579738,0.835938,0.628915,0.835938,0.628915,103,0,236
2026/02/05/00:29:28,1670.580545,0.835938,0.628915,0.835938,0.628915,103,0,236
2026/02/05/00:29:29,1671.581255,0.835938,0.628915,0.835938,0.628915,103,0,236
2026/02/05/00:29:30,1672.582179,0.835938,0.628915,0.835938,0.628915,103,0,236
2026/02/05/00:29:31,1673.583043,0.835938,0.628915,0.835938,0.628915,103,0,236
2026/02/05/00:29:32,1674.584031,0.835938,0.628915,0.835938,0.628915,103,0,236
2026/02/05/00:29:33,1675.584966,0.835938,0.628915,0.835938,0.628915,103,0,236
2026/02/05/00:29:34,1676.585743,0.835938,0.628915,0.835938,0.628915,103,0,236
2026/02/05/00:29:35,1677.586761,0.835938,0.628915,0.835938,0.628915,103,0,236
2026/02/05/00:29:36,1678.587547,0.835938,0.628915,0.835938,0.628915,103,0,236
2026/02/05/00:29:37,1679.588378,0.835938,0.628915,0.835938,0.628915,103,0,236
2026/02/05/00:29:38,1680.589207,0.835938,0.628915,0.835938,0.628915,103,0,236
2026/02/05/00:29:39,1681.590157,0.835938,0.628915,0.835938,0.628915,103,0,236
2026/02/05/00:29:40,1682.591147,0.835938,0.628915,0.835938,0.628915,103,0,236
2026/02/05/00:29:41,1683.592160,0.835938,0.628915,0.835938,0.628915,103,0,236
2026/02/05/00:29:42,1684.593069,0.835938,0.628915,0.835938,0.628915,103,0,236
2026/02/05/00:29:43,1685.593846,0.835938,0.628915,0.835938,0.628915,103,0,236
2026/02/05/00:29:44,1686.594850,0.835938,0.628915,0.835938,0.628915,103,0,236
2026/02/05/00:29:45,1687.595654,0.835938,0.628915,0.835938,0.628915,103,0,236
2026/02/05/00:29:46,1688.596618,0.835938,0.628915,0.835938,0.628915,103,0,236
2026/02/05/00:29:47,1689.597531,0.835938,0.628915,0.835938,0.628915,103,0,236
2026/02/05/00:29:48,1690.598425,0.835938,0.628915,0.835938,0.628915,103,0,236
2026/02/05/00:29:49,1691.599285,0.835938,0.628915,0.835938,0.628915,103,0,236
2026/02/05/00:29:50,1692.600098,0.835938,0.628915,0.835938,0.628915,103,0,236
2026/02/05/00:29:51,1693.601088,0.835938,0.628915,0.835938,0.628915,103,0,236
2026/02/05/00:29:52,1694.601897,0.835938,0.628915,0.835938,0.628915,103,0,236
2026/02/05/00:29:53,1695.602886,0.835938,0.628915,0.835938,0.628915,103,0,236
2026/02/05/00:29:54,1696.603713,0.835938,0.628915,0.835938,0.628915,103,0,236
2026/02/05/00:29:55,1697.604563,0.835938,0.628915,0.835938,0.628915,103,0,236
2026/02/05/00:29:56,1698.605301,0.835938,0.628915,0.835938,0.628915,103,0,236
2026/02/05/00:29:57,1699.606143,0.835938,0.628915,0.835938,0.628915,103,0,236
2026/02/05/00:29:58,1700.606973,0.835938,0.628915,0.835938,0.628915,103,0,236
2026/02/05/00:29:59,1701.607828,0.835938,0.628915,0.835938,0.628915,103,0,236
2026/02/05/00:30:00,1702.608972,0.835938,0.628915,0.835938,0.628915,103,0,236
2026/02/05/00:30:01,1703.609916,0.835938,0.628915,0.835938,0.628915,103,0,236
2026/02/05/00:30:02,1704.610869,0.835938,0.628915,0.835938,0.628915,103,0,236
2026/02/05/00:30:03,1705.611800,0.835938,0.628915,0.835938,0.628915,103,0,236
2026/02/05/00:30:04,1706.612684,0.835938,0.628915,0.835938,0.628915,103,0,236
2026/02/05/00:30:05,1707.613610,0.835938,0.628915,0.835938,0.628915,103,0,236
2026/02/05/00:30:06,1708.614367,0.835938,0.628915,0.835938,0.628915,103,0,236
2026/02/05/00:30:07,1709.615192,0.835938,0.628915,0.835938,0.628915,103,0,236
2026/02/05/00:30:08,1710.615949,0.823438,0.622659,0.823438,0.622659,101,0,238
2026/02/05/00:30:09,1711.616798,0.823438,0.622659,0.823438,0.622659,101,0,238
2026/02/05/00:30:10,1712.617640,0.823438,0.622659,0.823438,0.622659,101,0,238
2026/02/05/00:30:11,1713.618488,0.823438,0.622659,0.823438,0.622659,101,0,238
2026/02/05/00:30:12,1714.619482,0.823438,0.622659,0.823438,0.622659,101,0,238
2026/02/05/00:30:13,1715.620409,0.823438,0.622659,0.823438,0.622659,101,0,238
2026/02/05/00:30:14,1716.621295,0.823438,0.622659,0.823438,0.622659,101,0,238
2026/02/05/00:30:15,1717.622051,0.823438,0.622659,0.823438,0.622659,101,0,238
2026/02/05/00:30:16,1718.622915,0.823438,0.622659,0.823438,0.622659,101,0,238
2026/02/05/00:30:17,1719.623726,0.823438,0.622659,0.823438,0.622659,101,0,238
2026/02/05/00:30:18,1720.624687,0.823438,0.622659,0.823438,0.622659,101,0,238
2026/02/05/00:30:19,1721.625564,0.823438,0.622659,0.823438,0.622659,101,0,238
2026/02/05/00:30:20,1722.626535,0.823438,0.622659,0.823438,0.622659,101,0,238
2026/02/05/00:30:21,1723.627358,0.823438,0.622659,0.823438,0.622659,101,0,238
2026/02/05/00:30:22,1724.628430,0.823438,0.622659,0.823438,0.622659,101,0,238
2026/02/05/00:30:23,1725.629489,0.823438,0.622659,0.823438,0.622659,101,0,238
2026/02/05/00:30:24,1726.630346,0.823438,0.622659,0.823438,0.622659,101,0,238
2026/02/05/00:30:25,1727.631406,0.823438,0.622659,0.823438,0.622659,101,0,238
2026/02/05/00:30:26,1728.632309,0.823438,0.622659,0.823438,0.622659,101,0,238
2026/02/05/00:30:27,1729.633186,0.823438,0.622659,0.823438,0.622659,101,0,238
2026/02/05/00:30:28,1730.634130,0.823438,0.622659,0.823438,0.622659,101,0,238
2026/02/05/00:30:29,1731.635827,0.818937,0.619071,0.818937,0.619071,100,0,239
2026/02/05/00:30:30,1732.636711,0.818937,0.619071,0.818937,0.619071,100,0,239
2026/02/05/00:30:31,1733.637716,0.818937,0.619071,0.818937,0.619071,100,0,239
2026/02/05/00:30:32,1734.638574,0.818937,0.619071,0.818937,0.619071,100,0,239
2026/02/05/00:30:33,1735.639489,0.818937,0.619071,0.818937,0.619071,100,0,239
2026/02/05/00:30:34,1736.640317,0.818937,0.619071,0.818937,0.619071,100,0,239
2026/02/05/00:30:35,1737.641208,0.818937,0.619071,0.818937,0.619071,100,0,239
2026/02/05/00:30:36,1738.642094,0.818937,0.619071,0.818937,0.619071,100,0,239
2026/02/05/00:30:37,1739.643193,0.818937,0.619071,0.818937,0.619071,100,0,239
2026/02/05/00:30:38,1740.644283,0.818937,0.619071,0.818937,0.619071,100,0,239
2026/02/05/00:30:39,1741.645260,0.818937,0.619071,0.818937,0.619071,100,0,239
2026/02/05/00:30:40,1742.645970,0.818937,0.619071,0.818937,0.619071,100,0,239
2026/02/05/00:30:41,1743.646730,0.818937,0.619071,0.818937,0.619071,100,0,239
2026/02/05/00:30:42,1744.647403,0.818937,0.619071,0.818937,0.619071,100,0,239
2026/02/05/00:30:43,1745.648207,0.818937,0.619071,0.818937,0.619071,100,0,239
2026/02/05/00:30:44,1746.648930,0.818937,0.619071,0.818937,0.619071,100,0,239
2026/02/05/00:30:45,1747.649614,0.818937,0.619071,0.818937,0.619071,100,0,239
2026/02/05/00:30:46,1748.650505,0.818937,0.619071,0.818937,0.619071,100,0,239
2026/02/05/00:30:47,1749.651440,0.818937,0.619071,0.818937,0.619071,100,0,239
2026/02/05/00:30:48,1750.652334,0.818937,0.619071,0.818937,0.619071,100,0,239
2026/02/05/00:30:49,1751.653168,0.818937,0.619071,0.818937,0.619071,100,0,239
2026/02/05/00:30:50,1752.654099,0.818937,0.619071,0.818937,0.619071,100,0,239
2026/02/05/00:30:51,1753.654911,0.818937,0.619071,0.818937,0.619071,100,0,239
2026/02/05/00:30:52,1754.655625,0.818937,0.619071,0.818937,0.619071,100,0,239
2026/02/05/00:30:53,1755.656368,0.818937,0.619071,0.818937,0.619071,100,0,239
2026/02/05/00:30:54,1756.657357,0.818937,0.619071,0.818937,0.619071,100,0,239
2026/02/05/00:30:55,1757.658322,0.818937,0.619071,0.818937,0.619071,100,0,239
2026/02/05/00:30:56,1758.659270,0.818937,0.619071,0.818937,0.619071,100,0,239
2026/02/05/00:30:57,1759.660117,0.818937,0.619071,0.818937,0.619071,100,0,239
2026/02/05/00:30:58,1760.660833,0.818937,0.619071,0.818937,0.619071,100,0,239
2026/02/05/00:30:59,1761.661705,0.818937,0.619071,0.818937,0.619071,100,0,239
2026/02/05/00:31:00,1762.662622,0.818937,0.619071,0.818937,0.619071,100,0,239
2026/02/05/00:31:01,1763.663538,0.818937,0.619071,0.818937,0.619071,100,0,239
2026/02/05/00:31:02,1764.664312,0.818937,0.619071,0.818937,0.619071,100,0,239
2026/02/05/00:31:03,1765.665206,0.818937,0.619071,0.818937,0.619071,100,0,239
2026/02/05/00:31:04,1766.666309,0.818937,0.619071,0.818937,0.619071,100,0,239
2026/02/05/00:31:05,1767.667165,0.818937,0.619071,0.818937,0.619071,100,0,239
2026/02/05/00:31:06,1768.668074,0.818937,0.619071,0.818937,0.619071,100,0,239
2026/02/05/00:31:07,1769.668997,0.818937,0.619071,0.818937,0.619071,100,0,239
2026/02/05/00:31:08,1770.669924,0.818937,0.619071,0.818937,0.619071,100,0,239
2026/02/05/00:31:09,1771.670639,0.818937,0.619071,0.818937,0.619071,100,0,239
2026/02/05/00:31:10,1772.671365,0.818937,0.619071,0.818937,0.619071,100,0,239
2026/02/05/00:31:11,1773.672156,0.818937,0.619071,0.818937,0.619071,100,0,239
2026/02/05/00:31:12,1774.673061,0.818937,0.619071,0.818937,0.619071,100,0,239
2026/02/05/00:31:13,1775.673860,0.818937,0.619071,0.818937,0.619071,100,0,239
2026/02/05/00:31:14,1776.674853,0.818937,0.619071,0.818937,0.619071,100,0,239
2026/02/05/00:31:15,1777.675625,0.818937,0.619071,0.818937,0.619071,100,0,239
2026/02/05/00:31:16,1778.676522,0.818937,0.619071,0.818937,0.619071,100,0,239
2026/02/05/00:31:17,1779.677613,0.818937,0.619071,0.818937,0.619071,100,0,239
2026/02/05/00:31:18,1780.678522,0.818937,0.619071,0.818937,0.619071,100,0,239
2026/02/05/00:31:19,1781.679457,0.818937,0.619071,0.818937,0.619071,100,0,239
2026/02/05/00:31:20,1782.680474,0.818937,0.619071,0.818937,0.619071,100,0,239
2026/02/05/00:31:21,1783.681432,0.818937,0.619071,0.818937,0.619071,100,0,239
2026/02/05/00:31:22,1784.682376,0.818937,0.619071,0.818937,0.619071,100,0,239
2026/02/05/00:31:23,1785.683259,0.818937,0.619071,0.818937,0.619071,100,0,239
2026/02/05/00:31:24,1786.684142,0.818937,0.619071,0.818937,0.619071,100,0,239
2026/02/05/00:31:25,1787.685079,0.818937,0.619071,0.818937,0.619071,100,0,239
2026/02/05/00:31:26,1788.685927,0.818937,0.619071,0.818937,0.619071,100,0,239
2026/02/05/00:31:27,1789.686645,0.818937,0.619071,0.818937,0.619071,100,0,239
2026/02/05/00:31:28,1790.687675,0.818937,0.619071,0.818937,0.619071,100,0,239
2026/02/05/00:31:29,1791.688399,0.818937,0.619071,0.818937,0.619071,100,0,239
2026/02/05/00:31:30,1792.689233,0.818937,0.619071,0.818937,0.619071,100,0,239
2026/02/05/00:31:31,1793.690021,0.818937,0.619071,0.818937,0.619071,100,0,239
2026/02/05/00:31:32,1794.690758,0.818937,0.619071,0.818937,0.619071,100,0,239
2026/02/05/00:31:33,1795.691604,0.818937,0.619071,0.818937,0.619071,100,0,239
2026/02/05/00:31:34,1796.692387,0.818937,0.619071,0.818937,0.619071,100,0,239
2026/02/05/00:31:35,1797.693233,0.818937,0.619071,0.818937,0.619071,100,0,239
2026/02/05/00:31:36,1798.693979,0.818937,0.619071,0.818937,0.619071,100,0,239
2026/02/05/00:31:37,1799.694922,0.818937,0.619071,0.818937,0.619071,100,0,239
2026/02/05/00:31:38,1800.695947,0.818937,0.619071,0.818937,0.619071,100,0,239
2026/02/05/00:31:39,1801.696692,0.867250,0.640396,0.867250,0.640396,105,0,239
2026/02/05/00:31:40,1802.697611,0.873625,0.651162,0.873625,0.651162,107,0,239
2026/02/05/00:31:41,1803.698911,0.873625,0.651162,0.873625,0.651162,107,0,239
2026/02/05/00:31:42,1804.699631,0.834812,0.637956,0.834812,0.637956,104,0,242
2026/02/05/00:31:43,1805.700322,0.834812,0.637956,0.834812,0.637956,104,0,242
2026/02/05/00:31:44,1806.701445,0.834812,0.637956,0.834812,0.637956,104,0,242
2026/02/05/00:31:45,1807.702562,0.834812,0.637956,0.834812,0.637956,104,0,242
2026/02/05/00:31:46,1808.703479,0.834812,0.637956,0.834812,0.637956,104,0,242
2026/02/05/00:31:47,1809.704343,0.834812,0.637956,0.834812,0.637956,104,0,242
2026/02/05/00:31:48,1810.705097,0.834812,0.637956,0.834812,0.637956,104,0,242
2026/02/05/00:31:49,1811.706056,0.834812,0.637956,0.834812,0.637956,104,0,242
2026/02/05/00:31:50,1812.706791,0.834812,0.637956,0.834812,0.637956,104,0,242
2026/02/05/00:31:51,1813.707567,0.834812,0.637956,0.834812,0.637956,104,0,242
2026/02/05/00:31:52,1814.708380,0.834812,0.637956,0.834812,0.637956,104,0,242
2026/02/05/00:31:53,1815.709210,0.825313,0.629837,0.825313,0.629837,102,0,244
2026/02/05/00:31:54,1816.710209,0.825313,0.629837,0.825313,0.629837,102,0,244
2026/02/05/00:31:55,1817.711035,0.825313,0.629837,0.825313,0.629837,102,0,244
2026/02/05/00:31:56,1818.711895,0.825313,0.629837,0.825313,0.629837,102,0,244
2026/02/05/00:31:57,1819.712642,0.825313,0.629837,0.825313,0.629837,102,0,244
2026/02/05/00:31:58,1820.713485,0.825313,0.629837,0.825313,0.629837,102,0,244
2026/02/05/00:31:59,1821.714186,0.825313,0.629837,0.825313,0.629837,102,0,244
2026/02/05/00:32:00,1822.714981,0.825313,0.629837,0.825313,0.629837,102,0,244
2026/02/05/00:32:01,1823.715870,0.825313,0.629837,0.825313,0.629837,102,0,244
2026/02/05/00:32:02,1824.716686,0.825313,0.629837,0.825313,0.629837,102,0,244
2026/02/05/00:32:03,1825.724580,0.825313,0.629837,0.825313,0.629837,102,0,244
2026/02/05/00:32:04,1826.725552,0.825313,0.629837,0.825313,0.629837,102,0,244
2026/02/05/00:32:05,1827.726503,0.825313,0.629837,0.825313,0.629837,102,0,244
2026/02/05/00:32:06,1828.727480,0.825313,0.629837,0.825313,0.629837,102,0,244
2026/02/05/00:32:07,1829.734119,0.825313,0.629837,0.825313,0.629837,102,0,244
2026/02/05/00:32:08,1830.735035,0.825313,0.629837,0.825313,0.629837,102,0,244
2026/02/05/00:32:09,1831.735896,0.825313,0.629837,0.825313,0.629837,102,0,244
2026/02/05/00:32:10,1832.736729,0.825313,0.629837,0.825313,0.629837,102,0,244
2026/02/05/00:32:11,1833.737712,0.825313,0.629837,0.825313,0.629837,102,0,244
2026/02/05/00:32:12,1834.738764,0.825313,0.629837,0.825313,0.629837,102,0,244
2026/02/05/00:32:13,1835.739621,0.825313,0.629837,0.825313,0.629837,102,0,244
2026/02/05/00:32:14,1836.740297,0.825313,0.629837,0.825313,0.629837,102,0,244
2026/02/05/00:32:15,1837.741052,0.825313,0.629837,0.825313,0.629837,102,0,244
2026/02/05/00:32:16,1838.741817,0.825313,0.629837,0.825313,0.629837,102,0,244
2026/02/05/00:32:17,1839.742733,0.825313,0.629837,0.825313,0.629837,102,0,244
2026/02/05/00:32:18,1840.743751,0.825313,0.629837,0.825313,0.629837,102,0,244
2026/02/05/00:32:19,1841.744518,0.825313,0.629837,0.825313,0.629837,102,0,244
2026/02/05/00:32:20,1842.745318,0.825313,0.629837,0.825313,0.629837,102,0,244
2026/02/05/00:32:21,1843.746091,0.825313,0.629837,0.825313,0.629837,102,0,244
2026/02/05/00:32:22,1844.747016,0.825313,0.629837,0.825313,0.629837,102,0,244
2026/02/05/00:32:23,1845.747922,0.825313,0.629837,0.825313,0.629837,102,0,244
2026/02/05/00:32:24,1846.748749,0.825313,0.629837,0.825313,0.629837,102,0,244
2026/02/05/00:32:25,1847.749622,0.825313,0.629837,0.825313,0.629837,102,0,244
2026/02/05/00:32:26,1848.750335,0.825313,0.629837,0.825313,0.629837,102,0,244
2026/02/05/00:32:27,1849.752192,0.825313,0.629837,0.825313,0.629837,102,0,244
2026/02/05/00:32:28,1850.753157,0.825313,0.629837,0.825313,0.629837,102,0,244
2026/02/05/00:32:29,1851.754286,0.825313,0.629837,0.825313,0.629837,102,0,244
2026/02/05/00:32:30,1852.755268,0.825313,0.629837,0.825313,0.629837,102,0,244
2026/02/05/00:32:31,1853.756282,0.825313,0.629837,0.825313,0.629837,102,0,244
2026/02/05/00:32:32,1854.757160,0.825313,0.629837,0.825313,0.629837,102,0,244
2026/02/05/00:32:33,1855.758013,0.825313,0.629837,0.825313,0.629837,102,0,244
2026/02/05/00:32:34,1856.758902,0.825313,0.629837,0.825313,0.629837,102,0,244
2026/02/05/00:32:35,1857.759810,0.825313,0.629837,0.825313,0.629837,102,0,244
2026/02/05/00:32:36,1858.760732,0.825313,0.629837,0.825313,0.629837,102,0,244
2026/02/05/00:32:37,1859.761466,0.825313,0.629837,0.825313,0.629837,102,0,244
2026/02/05/00:32:38,1860.762207,0.825313,0.629837,0.825313,0.629837,102,0,244
2026/02/05/00:32:39,1861.763073,0.825313,0.629837,0.825313,0.629837,102,0,244
2026/02/05/00:32:40,1862.763991,0.825313,0.629837,0.825313,0.629837,102,0,244
2026/02/05/00:32:41,1863.764995,0.825313,0.629837,0.825313,0.629837,102,0,244
2026/02/05/00:32:42,1864.765707,0.825313,0.629837,0.825313,0.629837,102,0,244
2026/02/05/00:32:43,1865.766518,0.825313,0.629837,0.825313,0.629837,102,0,244
2026/02/05/00:32:44,1866.767392,0.825313,0.629837,0.825313,0.629837,102,0,244
2026/02/05/00:32:45,1867.768455,0.825313,0.629837,0.825313,0.629837,102,0,244
2026/02/05/00:32:46,1868.769414,0.825313,0.629837,0.825313,0.629837,102,0,244
2026/02/05/00:32:47,1869.770548,0.825313,0.629837,0.825313,0.629837,102,0,244
2026/02/05/00:32:48,1870.771564,0.825313,0.629837,0.825313,0.629837,102,0,244
2026/02/05/00:32:49,1871.772453,0.825313,0.629837,0.825313,0.629837,102,0,244
2026/02/05/00:32:50,1872.773215,0.825313,0.629837,0.825313,0.629837,102,0,244
2026/02/05/00:32:51,1873.773907,0.825313,0.629837,0.825313,0.629837,102,0,244
2026/02/05/00:32:52,1874.774818,0.825313,0.629837,0.825313,0.629837,102,0,244
2026/02/05/00:32:53,1875.775558,0.825313,0.629837,0.825313,0.629837,102,0,244
2026/02/05/00:32:54,1876.776524,0.825313,0.629837,0.825313,0.629837,102,0,244
2026/02/05/00:32:55,1877.777745,0.825313,0.629837,0.825313,0.629837,102,0,244
2026/02/05/00:32:56,1878.778668,0.825313,0.629837,0.825313,0.629837,102,0,244
2026/02/05/00:32:57,1879.779508,0.825313,0.629837,0.825313,0.629837,102,0,244
2026/02/05/00:32:58,1880.780409,0.825313,0.629837,0.825313,0.629837,102,0,244
2026/02/05/00:32:59,1881.781445,0.825313,0.629837,0.825313,0.629837,102,0,244
2026/02/05/00:33:00,1882.782218,0.825313,0.629837,0.825313,0.629837,102,0,244
2026/02/05/00:33:01,1883.783026,0.825313,0.629837,0.825313,0.629837,102,0,244
2026/02/05/00:33:02,1884.783884,0.825313,0.629837,0.825313,0.629837,102,0,244
2026/02/05/00:33:03,1885.784818,0.825313,0.629837,0.825313,0.629837,102,0,244
2026/02/05/00:33:04,1886.786039,0.825313,0.629837,0.825313,0.629837,102,0,244
2026/02/05/00:33:05,1887.786854,0.825313,0.629837,0.825313,0.629837,102,0,244
2026/02/05/00:33:06,1888.787812,0.825313,0.629837,0.825313,0.629837,102,0,244
2026/02/05/00:33:07,1889.788871,0.825313,0.629837,0.825313,0.629837,102,0,244
2026/02/05/00:33:08,1890.789689,0.825313,0.629837,0.825313,0.629837,102,0,244
2026/02/05/00:33:09,1891.790442,0.825313,0.629837,0.825313,0.629837,102,0,244
2026/02/05/00:33:10,1892.791199,0.825313,0.629837,0.825313,0.629837,102,0,244
2026/02/05/00:33:11,1893.792255,0.825313,0.629837,0.825313,0.629837,102,0,244
2026/02/05/00:33:12,1894.793170,0.825313,0.629837,0.825313,0.629837,102,0,244
2026/02/05/00:33:13,1895.793900,0.825313,0.629837,0.825313,0.629837,102,0,244
2026/02/05/00:33:14,1896.794841,0.825313,0.629837,0.825313,0.629837,102,0,244
2026/02/05/00:33:15,1897.795724,0.825313,0.629837,0.825313,0.629837,102,0,244
2026/02/05/00:33:16,1898.796646,0.825313,0.629837,0.825313,0.629837,102,0,244
2026/02/05/00:33:17,1899.797491,0.825313,0.629837,0.825313,0.629837,102,0,244
2026/02/05/00:33:18,1900.798433,0.825313,0.629837,0.825313,0.629837,102,0,244
2026/02/05/00:33:19,1901.799361,0.825313,0.629837,0.825313,0.629837,102,0,244
2026/02/05/00:33:20,1902.800110,0.825313,0.629837,0.825313,0.629837,102,0,244
2026/02/05/00:33:21,1903.800828,0.825313,0.629837,0.825313,0.629837,102,0,244
2026/02/05/00:33:22,1904.801655,0.825313,0.629837,0.825313,0.629837,102,0,244
2026/02/05/00:33:23,1905.802547,0.825313,0.629837,0.825313,0.629837,102,0,244
2026/02/05/00:33:24,1906.803332,0.825313,0.629837,0.825313,0.629837,102,0,244
2026/02/05/00:33:25,1907.804271,0.825313,0.629837,0.825313,0.629837,102,0,244
2026/02/05/00:33:26,1908.805169,0.825313,0.629837,0.825313,0.629837,102,0,244
2026/02/05/00:33:27,1909.806207,0.825313,0.629837,0.825313,0.629837,102,0,244
2026/02/05/00:33:28,1910.807086,0.825313,0.629837,0.825313,0.629837,102,0,244
2026/02/05/00:33:29,1911.807891,0.825313,0.629837,0.825313,0.629837,102,0,244
2026/02/05/00:33:30,1912.808844,0.825313,0.629837,0.825313,0.629837,102,0,244
2026/02/05/00:33:31,1913.809717,0.825313,0.629837,0.825313,0.629837,102,0,244
2026/02/05/00:33:32,1914.810607,0.825313,0.629837,0.825313,0.629837,102,0,244
2026/02/05/00:33:33,1915.811521,0.825313,0.629837,0.825313,0.629837,102,0,244
2026/02/05/00:33:34,1916.812360,0.825313,0.629837,0.825313,0.629837,102,0,244
2026/02/05/00:33:35,1917.813139,0.825313,0.629837,0.825313,0.629837,102,0,244
2026/02/05/00:33:36,1918.814014,0.825313,0.629837,0.825313,0.629837,102,0,244
2026/02/05/00:33:37,1919.815058,0.825313,0.629837,0.825313,0.629837,102,0,244
2026/02/05/00:33:38,1920.816068,0.825313,0.629837,0.825313,0.629837,102,0,244
2026/02/05/00:33:39,1921.816928,0.825313,0.629837,0.825313,0.629837,102,0,244
2026/02/05/00:33:40,1922.817820,0.825313,0.629837,0.825313,0.629837,102,0,244
2026/02/05/00:33:41,1923.819057,0.825313,0.629837,0.825313,0.629837,102,0,244
2026/02/05/00:33:42,1924.819955,0.828500,0.634016,0.828500,0.634016,103,0,244
2026/02/05/00:33:43,1925.820885,0.843500,0.671433,0.843500,0.671433,106,0,244
2026/02/05/00:33:44,1926.821830,0.843500,0.671433,0.843500,0.671433,106,0,244
2026/02/05/00:33:45,1927.822674,0.843500,0.671433,0.843500,0.671433,106,0,244
2026/02/05/00:33:46,1928.823809,0.843500,0.671433,0.843500,0.671433,106,0,244
2026/02/05/00:33:47,1929.824655,0.843500,0.671433,0.843500,0.671433,106,0,244
2026/02/05/00:33:48,1930.825612,0.843500,0.671433,0.843500,0.671433,106,0,244
2026/02/05/00:33:49,1931.826273,0.843500,0.671433,0.843500,0.671433,106,0,244
2026/02/05/00:33:50,1932.827158,0.843500,0.671433,0.843500,0.671433,106,0,244
2026/02/05/00:33:51,1933.828050,0.843500,0.671433,0.843500,0.671433,106,0,244
2026/02/05/00:33:52,1934.828938,0.843500,0.671433,0.843500,0.671433,106,0,244
2026/02/05/00:33:53,1935.829727,0.828500,0.634016,0.828500,0.634016,103,0,247
2026/02/05/00:33:54,1936.830701,0.833313,0.638133,0.833313,0.638133,104,0,247
2026/02/05/00:33:55,1937.831558,0.833313,0.638133,0.833313,0.638133,104,0,247
2026/02/05/00:33:56,1938.832343,0.833313,0.638133,0.833313,0.638133,104,0,247
2026/02/05/00:33:57,1939.833153,0.833313,0.638133,0.833313,0.638133,104,0,247
2026/02/05/00:33:58,1940.834159,0.833313,0.638133,0.833313,0.638133,104,0,247
2026/02/05/00:33:59,1941.834938,0.833313,0.638133,0.833313,0.638133,104,0,247
2026/02/05/00:34:00,1942.835732,0.833313,0.638133,0.833313,0.638133,104,0,247
2026/02/05/00:34:01,1943.836619,0.833313,0.638133,0.833313,0.638133,104,0,247
2026/02/05/00:34:02,1944.837645,0.833313,0.638133,0.833313,0.638133,104,0,247
2026/02/05/00:34:03,1945.838384,0.833313,0.638133,0.833313,0.638133,104,0,247
2026/02/05/00:34:04,1946.839283,0.833313,0.638133,0.833313,0.638133,104,0,247
2026/02/05/00:34:05,1947.840111,0.833313,0.638133,0.833313,0.638133,104,0,247
2026/02/05/00:34:06,1948.840816,0.833313,0.638133,0.833313,0.638133,104,0,247
2026/02/05/00:34:07,1949.841635,0.833313,0.638133,0.833313,0.638133,104,0,247
2026/02/05/00:34:08,1950.842541,0.833313,0.638133,0.833313,0.638133,104,0,247
2026/02/05/00:34:09,1951.843308,0.833313,0.638133,0.833313,0.638133,104,0,247
2026/02/05/00:34:10,1952.843954,0.833313,0.638133,0.833313,0.638133,104,0,247
2026/02/05/00:34:11,1953.844804,0.833313,0.638133,0.833313,0.638133,104,0,247
2026/02/05/00:34:12,1954.845471,0.833313,0.638133,0.833313,0.638133,104,0,247
2026/02/05/00:34:13,1955.846215,0.833313,0.638133,0.833313,0.638133,104,0,247
2026/02/05/00:34:14,1956.847651,0.833313,0.638133,0.833313,0.638133,104,0,247
2026/02/05/00:34:15,1957.848683,0.833313,0.638133,0.833313,0.638133,104,0,247
2026/02/05/00:34:16,1958.849666,0.833313,0.638133,0.833313,0.638133,104,0,247
2026/02/05/00:34:17,1959.850671,0.833313,0.638133,0.833313,0.638133,104,0,247
2026/02/05/00:34:18,1960.851493,0.833313,0.638133,0.833313,0.638133,104,0,247
2026/02/05/00:34:19,1961.852336,0.833313,0.638133,0.833313,0.638133,104,0,247
2026/02/05/00:34:20,1962.853499,0.833313,0.638133,0.833313,0.638133,104,0,247
2026/02/05/00:34:21,1963.854353,0.833313,0.638133,0.833313,0.638133,104,0,247
2026/02/05/00:34:22,1964.855342,0.811750,0.580600,0.811750,0.580600,101,0,250
2026/02/05/00:34:23,1965.856231,0.806937,0.576483,0.806937,0.576483,100,0,251
2026/02/05/00:34:24,1966.857285,0.806937,0.576483,0.806937,0.576483,100,0,251
2026/02/05/00:34:25,1967.858167,0.806937,0.576483,0.806937,0.576483,100,0,251
2026/02/05/00:34:26,1968.858967,0.806937,0.576483,0.806937,0.576483,100,0,251
2026/02/05/00:34:27,1969.859853,0.806937,0.576483,0.806937,0.576483,100,0,251
2026/02/05/00:34:28,1970.860714,0.806937,0.576483,0.806937,0.576483,100,0,251
2026/02/05/00:34:29,1971.861727,0.806937,0.576483,0.806937,0.576483,100,0,251
2026/02/05/00:34:30,1972.862672,0.806937,0.576483,0.806937,0.576483,100,0,251
2026/02/05/00:34:31,1973.863564,0.806937,0.576483,0.806937,0.576483,100,0,251
2026/02/05/00:34:32,1974.864364,0.806937,0.576483,0.806937,0.576483,100,0,251
2026/02/05/00:34:33,1975.865161,0.806937,0.576483,0.806937,0.576483,100,0,251
2026/02/05/00:34:34,1976.865910,0.806937,0.576483,0.806937,0.576483,100,0,251
2026/02/05/00:34:35,1977.866844,0.806937,0.576483,0.806937,0.576483,100,0,251
2026/02/05/00:34:36,1978.867613,0.806937,0.576483,0.806937,0.576483,100,0,251
2026/02/05/00:34:37,1979.868302,0.806937,0.576483,0.806937,0.576483,100,0,251
2026/02/05/00:34:38,1980.869157,0.806937,0.576483,0.806937,0.576483,100,0,251
2026/02/05/00:34:39,1981.870171,0.806937,0.576483,0.806937,0.576483,100,0,251
2026/02/05/00:34:40,1982.871027,0.806937,0.576483,0.806937,0.576483,100,0,251
2026/02/05/00:34:41,1983.871823,0.806937,0.576483,0.806937,0.576483,100,0,251
2026/02/05/00:34:42,1984.872859,0.806937,0.576483,0.806937,0.576483,100,0,251
2026/02/05/00:34:43,1985.873529,0.806937,0.576483,0.806937,0.576483,100,0,251
2026/02/05/00:34:44,1986.874443,0.806937,0.576483,0.806937,0.576483,100,0,251
2026/02/05/00:34:45,1987.875239,0.806937,0.576483,0.806937,0.576483,100,0,251
2026/02/05/00:34:46,1988.876075,0.806937,0.576483,0.806937,0.576483,100,0,251
2026/02/05/00:34:47,1989.876880,0.806937,0.576483,0.806937,0.576483,100,0,251
2026/02/05/00:34:48,1990.877833,0.806937,0.576483,0.806937,0.576483,100,0,251
2026/02/05/00:34:49,1991.878753,0.806937,0.576483,0.806937,0.576483,100,0,251
2026/02/05/00:34:50,1992.879550,0.806937,0.576483,0.806937,0.576483,100,0,251
2026/02/05/00:34:51,1993.880544,0.806937,0.576483,0.806937,0.576483,100,0,251
2026/02/05/00:34:52,1994.881364,0.806937,0.576483,0.806937,0.576483,100,0,251
2026/02/05/00:34:53,1995.882250,0.806937,0.576483,0.806937,0.576483,100,0,251
2026/02/05/00:34:54,1996.882981,0.806937,0.576483,0.806937,0.576483,100,0,251
2026/02/05/00:34:55,1997.883702,0.806937,0.576483,0.806937,0.576483,100,0,251
2026/02/05/00:34:56,1998.884610,0.806937,0.576483,0.806937,0.576483,100,0,251
2026/02/05/00:34:57,1999.885399,0.806937,0.576483,0.806937,0.576483,100,0,251
2026/02/05/00:34:58,2000.886240,0.806937,0.576483,0.806937,0.576483,100,0,251
2026/02/05/00:34:59,2001.887130,0.806937,0.576483,0.806937,0.576483,100,0,251
2026/02/05/00:35:00,2002.888004,0.806937,0.576483,0.806937,0.576483,100,0,251
2026/02/05/00:35:01,2003.888852,0.806937,0.576483,0.806937,0.576483,100,0,251
2026/02/05/00:35:02,2004.889811,0.806937,0.576483,0.806937,0.576483,100,0,251
2026/02/05/00:35:03,2005.890740,0.806937,0.576483,0.806937,0.576483,100,0,251
2026/02/05/00:35:04,2006.891674,0.806937,0.576483,0.806937,0.576483,100,0,251
2026/02/05/00:35:05,2007.892625,0.806937,0.576483,0.806937,0.576483,100,0,251
2026/02/05/00:35:06,2008.893464,0.806937,0.576483,0.806937,0.576483,100,0,251
2026/02/05/00:35:07,2009.894279,0.806937,0.576483,0.806937,0.576483,100,0,251
2026/02/05/00:35:08,2010.895120,0.806937,0.576483,0.806937,0.576483,100,0,251
2026/02/05/00:35:09,2011.895873,0.803750,0.572304,0.803750,0.572304,99,0,252
2026/02/05/00:35:10,2012.896613,0.803750,0.572304,0.803750,0.572304,99,0,252
2026/02/05/00:35:11,2013.897636,0.803750,0.572304,0.803750,0.572304,99,0,252
2026/02/05/00:35:12,2014.898537,0.803750,0.572304,0.803750,0.572304,99,0,252
2026/02/05/00:35:13,2015.899304,0.803750,0.572304,0.803750,0.572304,99,0,252
2026/02/05/00:35:14,2016.900145,0.803750,0.572304,0.803750,0.572304,99,0,252
2026/02/05/00:35:15,2017.900819,0.803750,0.572304,0.803750,0.572304,99,0,252
2026/02/05/00:35:16,2018.901755,0.803750,0.572304,0.803750,0.572304,99,0,252
2026/02/05/00:35:17,2019.902750,0.803750,0.572304,0.803750,0.572304,99,0,252
2026/02/05/00:35:18,2020.903798,0.803750,0.572304,0.803750,0.572304,99,0,252
2026/02/05/00:35:19,2021.904629,0.803750,0.572304,0.803750,0.572304,99,0,252
2026/02/05/00:35:20,2022.905546,0.803750,0.572304,0.803750,0.572304,99,0,252
2026/02/05/00:35:21,2023.906334,0.803750,0.572304,0.803750,0.572304,99,0,252
2026/02/05/00:35:22,2024.907145,0.803750,0.572304,0.803750,0.572304,99,0,252
2026/02/05/00:35:23,2025.907880,0.803750,0.572304,0.803750,0.572304,99,0,252
2026/02/05/00:35:24,2026.908739,0.803750,0.572304,0.803750,0.572304,99,0,252
2026/02/05/00:35:25,2027.909631,0.803750,0.572304,0.803750,0.572304,99,0,252
2026/02/05/00:35:26,2028.910537,0.803750,0.572304,0.803750,0.572304,99,0,252
2026/02/05/00:35:27,2029.911357,0.803750,0.572304,0.803750,0.572304,99,0,252
2026/02/05/00:35:28,2030.912185,0.803750,0.572304,0.803750,0.572304,99,0,252
2026/02/05/00:35:29,2031.913134,0.803750,0.572304,0.803750,0.572304,99,0,252
2026/02/05/00:35:30,2032.914137,0.803750,0.572304,0.803750,0.572304,99,0,252
2026/02/05/00:35:31,2033.914984,0.803750,0.572304,0.803750,0.572304,99,0,252
2026/02/05/00:35:32,2034.915789,0.803750,0.572304,0.803750,0.572304,99,0,252
2026/02/05/00:35:33,2035.916700,0.803750,0.572304,0.803750,0.572304,99,0,252
2026/02/05/00:35:34,2036.917621,0.803750,0.572304,0.803750,0.572304,99,0,252
2026/02/05/00:35:35,2037.918710,0.803750,0.572304,0.803750,0.572304,99,0,252
2026/02/05/00:35:36,2038.919573,0.803750,0.572304,0.803750,0.572304,99,0,252
2026/02/05/00:35:37,2039.920529,0.803750,0.572304,0.803750,0.572304,99,0,252
2026/02/05/00:35:38,2040.921480,0.803750,0.572304,0.803750,0.572304,99,0,252
2026/02/05/00:35:39,2041.922462,0.803750,0.572304,0.803750,0.572304,99,0,252
2026/02/05/00:35:40,2042.923321,0.803750,0.572304,0.803750,0.572304,99,0,252
2026/02/05/00:35:41,2043.924319,0.803750,0.572304,0.803750,0.572304,99,0,252
2026/02/05/00:35:42,2044.925266,0.803750,0.572304,0.803750,0.572304,99,0,252
2026/02/05/00:35:43,2045.925982,0.803750,0.572304,0.803750,0.572304,99,0,252
2026/02/05/00:35:44,2046.926841,0.803750,0.572304,0.803750,0.572304,99,0,252
2026/02/05/00:35:45,2047.927864,0.803750,0.572304,0.803750,0.572304,99,0,252
2026/02/05/00:35:46,2048.928669,0.803750,0.572304,0.803750,0.572304,99,0,252
2026/02/05/00:35:47,2049.929516,0.803750,0.572304,0.803750,0.572304,99,0,252
2026/02/05/00:35:48,2050.930363,0.803750,0.572304,0.803750,0.572304,99,0,252
2026/02/05/00:35:49,2051.931407,0.803750,0.572304,0.803750,0.572304,99,0,252
2026/02/05/00:35:50,2052.932283,0.803750,0.572304,0.803750,0.572304,99,0,252
2026/02/05/00:35:51,2053.933396,0.803750,0.572304,0.803750,0.572304,99,0,252
2026/02/05/00:35:52,2054.934265,0.803750,0.572304,0.803750,0.572304,99,0,252
2026/02/05/00:35:53,2055.935282,0.803750,0.572304,0.803750,0.572304,99,0,252
2026/02/05/00:35:54,2056.936241,0.803750,0.572304,0.803750,0.572304,99,0,252
2026/02/05/00:35:55,2057.937384,0.803750,0.572304,0.803750,0.572304,99,0,252
2026/02/05/00:35:56,2058.938147,0.803750,0.572304,0.803750,0.572304,99,0,252
2026/02/05/00:35:57,2059.939110,0.803750,0.572304,0.803750,0.572304,99,0,252
2026/02/05/00:35:58,2060.939973,0.803750,0.572304,0.803750,0.572304,99,0,252
2026/02/05/00:35:59,2061.941133,0.803750,0.572304,0.803750,0.572304,99,0,252
2026/02/05/00:36:00,2062.941993,0.803750,0.572304,0.803750,0.572304,99,0,252
2026/02/05/00:36:01,2063.942855,0.803750,0.572304,0.803750,0.572304,99,0,252
2026/02/05/00:36:02,2064.943860,0.803750,0.572304,0.803750,0.572304,99,0,252
2026/02/05/00:36:03,2065.944754,0.803750,0.572304,0.803750,0.572304,99,0,252
2026/02/05/00:36:04,2066.945496,0.803750,0.572304,0.803750,0.572304,99,0,252
2026/02/05/00:36:05,2067.946327,0.803750,0.572304,0.803750,0.572304,99,0,252
2026/02/05/00:36:06,2068.947328,0.803750,0.572304,0.803750,0.572304,99,0,252
2026/02/05/00:36:07,2069.948349,0.803750,0.572304,0.803750,0.572304,99,0,252
2026/02/05/00:36:08,2070.949462,0.803750,0.572304,0.803750,0.572304,99,0,252
2026/02/05/00:36:09,2071.950491,0.803750,0.572304,0.803750,0.572304,99,0,252
2026/02/05/00:36:10,2072.951458,0.803750,0.572304,0.803750,0.572304,99,0,252
2026/02/05/00:36:11,2073.952502,0.803750,0.572304,0.803750,0.572304,99,0,252
2026/02/05/00:36:12,2074.953247,0.803750,0.572304,0.803750,0.572304,99,0,252
2026/02/05/00:36:13,2075.954107,0.803750,0.572304,0.803750,0.572304,99,0,252
2026/02/05/00:36:14,2076.954942,0.803750,0.572304,0.803750,0.572304,99,0,252
2026/02/05/00:36:15,2077.955727,0.803750,0.572304,0.803750,0.572304,99,0,252
2026/02/05/00:36:16,2078.956539,0.803750,0.572304,0.803750,0.572304,99,0,252
2026/02/05/00:36:17,2079.957401,0.803750,0.572304,0.803750,0.572304,99,0,252
2026/02/05/00:36:18,2080.958086,0.803750,0.572304,0.803750,0.572304,99,0,252
2026/02/05/00:36:19,2081.959142,0.803750,0.572304,0.803750,0.572304,99,0,252
2026/02/05/00:36:20,2082.959997,0.803750,0.572304,0.803750,0.572304,99,0,252
2026/02/05/00:36:21,2083.961020,0.803750,0.572304,0.803750,0.572304,99,0,252
2026/02/05/00:36:22,2084.961923,0.803750,0.572304,0.803750,0.572304,99,0,252
2026/02/05/00:36:23,2085.962733,0.803750,0.572304,0.803750,0.572304,99,0,252
2026/02/05/00:36:24,2086.963745,0.803750,0.572304,0.803750,0.572304,99,0,252
2026/02/05/00:36:25,2087.964505,0.803750,0.572304,0.803750,0.572304,99,0,252
2026/02/05/00:36:26,2088.965444,0.803750,0.572304,0.803750,0.572304,99,0,252
2026/02/05/00:36:27,2089.966497,0.803750,0.572304,0.803750,0.572304,99,0,252
2026/02/05/00:36:28,2090.967301,0.803750,0.572304,0.803750,0.572304,99,0,252
2026/02/05/00:36:29,2091.968357,0.803750,0.572304,0.803750,0.572304,99,0,252
2026/02/05/00:36:30,2092.969266,0.803750,0.572304,0.803750,0.572304,99,0,252
2026/02/05/00:36:31,2093.970132,0.803750,0.572304,0.803750,0.572304,99,0,252
2026/02/05/00:36:32,2094.971051,0.803750,0.572304,0.803750,0.572304,99,0,252
2026/02/05/00:36:33,2095.971828,0.803750,0.572304,0.803750,0.572304,99,0,252
2026/02/05/00:36:34,2096.972838,0.803750,0.572304,0.803750,0.572304,99,0,252
2026/02/05/00:36:35,2097.974020,0.803750,0.572304,0.803750,0.572304,99,0,252
2026/02/05/00:36:36,2098.974830,0.803750,0.572304,0.803750,0.572304,99,0,252
2026/02/05/00:36:37,2099.975736,0.803750,0.572304,0.803750,0.572304,99,0,252
2026/02/05/00:36:38,2100.976660,0.803750,0.572304,0.803750,0.572304,99,0,252
2026/02/05/00:36:39,2101.977549,0.803750,0.572304,0.803750,0.572304,99,0,252
2026/02/05/00:36:40,2102.978234,0.803750,0.572304,0.803750,0.572304,99,0,252
2026/02/05/00:36:41,2103.979122,0.803750,0.572304,0.803750,0.572304,99,0,252
2026/02/05/00:36:42,2104.980100,0.803750,0.572304,0.803750,0.572304,99,0,252
2026/02/05/00:36:43,2105.980874,0.803750,0.572304,0.803750,0.572304,99,0,252
2026/02/05/00:36:44,2106.981991,0.803750,0.572304,0.803750,0.572304,99,0,252
2026/02/05/00:36:45,2107.983023,0.803750,0.572304,0.803750,0.572304,99,0,252
2026/02/05/00:36:46,2108.984066,0.803750,0.572304,0.803750,0.572304,99,0,252
2026/02/05/00:36:47,2109.984989,0.803750,0.572304,0.803750,0.572304,99,0,252
2026/02/05/00:36:48,2110.985954,0.803750,0.572304,0.803750,0.572304,99,0,252
2026/02/05/00:36:49,2111.986871,0.803750,0.572304,0.803750,0.572304,99,0,252
2026/02/05/00:36:50,2112.987869,0.803750,0.572304,0.803750,0.572304,99,0,252
2026/02/05/00:36:51,2113.988621,0.803750,0.572304,0.803750,0.572304,99,0,252
2026/02/05/00:36:52,2114.989545,0.803750,0.572304,0.803750,0.572304,99,0,252
2026/02/05/00:36:53,2115.990350,0.803750,0.572304,0.803750,0.572304,99,0,252
2026/02/05/00:36:54,2116.991204,0.803750,0.572304,0.803750,0.572304,99,0,252
2026/02/05/00:36:55,2117.992203,0.803750,0.572304,0.803750,0.572304,99,0,252
2026/02/05/00:36:56,2118.993034,0.803750,0.572304,0.803750,0.572304,99,0,252
2026/02/05/00:36:57,2119.993955,0.803750,0.572304,0.803750,0.572304,99,0,252
2026/02/05/00:36:58,2120.994879,0.803750,0.572304,0.803750,0.572304,99,0,252
2026/02/05/00:36:59,2121.995533,0.803750,0.572304,0.803750,0.572304,99,0,252
2026/02/05/00:37:00,2122.996452,0.803750,0.572304,0.803750,0.572304,99,0,252
2026/02/05/00:37:01,2123.997199,0.803750,0.572304,0.803750,0.572304,99,0,252
2026/02/05/00:37:02,2124.998202,0.803750,0.572304,0.803750,0.572304,99,0,252
2026/02/05/00:37:03,2125.999088,0.803750,0.572304,0.803750,0.572304,99,0,252
2026/02/05/00:37:04,2127.000120,0.803750,0.572304,0.803750,0.572304,99,0,252
2026/02/05/00:37:05,2128.000989,0.803750,0.572304,0.803750,0.572304,99,0,252
2026/02/05/00:37:06,2129.001990,0.803750,0.572304,0.803750,0.572304,99,0,252
2026/02/05/00:37:07,2130.002782,0.803750,0.572304,0.803750,0.572304,99,0,252
2026/02/05/00:37:08,2131.003422,0.803750,0.572304,0.803750,0.572304,99,0,252
2026/02/05/00:37:09,2132.004451,0.803750,0.572304,0.803750,0.572304,99,0,252
2026/02/05/00:37:10,2133.005498,0.803750,0.572304,0.803750,0.572304,99,0,252
2026/02/05/00:37:11,2134.006482,0.803750,0.572304,0.803750,0.572304,99,0,252
2026/02/05/00:37:12,2135.007336,0.803750,0.572304,0.803750,0.572304,99,0,252
2026/02/05/00:37:13,2136.008241,0.803750,0.572304,0.803750,0.572304,99,0,252
2026/02/05/00:37:14,2137.009048,0.803750,0.572304,0.803750,0.572304,99,0,252
2026/02/05/00:37:15,2138.009908,0.803750,0.572304,0.803750,0.572304,99,0,252
2026/02/05/00:37:16,2139.010806,0.803750,0.572304,0.803750,0.572304,99,0,252
2026/02/05/00:37:17,2140.011723,0.803750,0.572304,0.803750,0.572304,99,0,252
2026/02/05/00:37:18,2141.013148,0.803750,0.572304,0.803750,0.572304,99,0,252
2026/02/05/00:37:19,2142.014016,0.803750,0.572304,0.803750,0.572304,99,0,252
2026/02/05/00:37:20,2143.014984,0.803750,0.572304,0.803750,0.572304,99,0,252
2026/02/05/00:37:21,2144.015749,0.803750,0.572304,0.803750,0.572304,99,0,252
2026/02/05/00:37:22,2145.016681,0.803750,0.572304,0.803750,0.572304,99,0,252
2026/02/05/00:37:23,2146.017663,0.803750,0.572304,0.803750,0.572304,99,0,252
2026/02/05/00:37:24,2147.018609,0.803750,0.572304,0.803750,0.572304,99,0,252
2026/02/05/00:37:25,2148.019622,0.803750,0.572304,0.803750,0.572304,99,0,252
2026/02/05/00:37:26,2149.020555,0.803750,0.572304,0.803750,0.572304,99,0,252
2026/02/05/00:37:27,2150.021448,0.803750,0.572304,0.803750,0.572304,99,0,252
2026/02/05/00:37:28,2151.022313,0.803750,0.572304,0.803750,0.572304,99,0,252
2026/02/05/00:37:29,2152.023380,0.803750,0.572304,0.803750,0.572304,99,0,252
2026/02/05/00:37:30,2153.024014,0.848000,0.583235,0.848000,0.583235,102,0,252
2026/02/05/00:37:31,2154.024951,0.898062,0.614384,0.898062,0.614384,107,0,252
2026/02/05/00:37:32,2155.025762,0.898062,0.614384,0.898062,0.614384,107,0,252
2026/02/05/00:37:33,2156.026582,0.898062,0.614384,0.898062,0.614384,107,0,252
2026/02/05/00:37:34,2157.027288,0.898062,0.614384,0.898062,0.614384,107,0,252
2026/02/05/00:37:35,2158.028059,0.898062,0.614384,0.898062,0.614384,107,0,252
2026/02/05/00:37:36,2159.028844,0.898062,0.614384,0.898062,0.614384,107,0,252
2026/02/05/00:37:37,2160.029804,0.898062,0.614384,0.898062,0.614384,107,0,252
2026/02/05/00:37:38,2161.030692,0.898062,0.614384,0.898062,0.614384,107,0,252
2026/02/05/00:37:39,2162.031523,0.898062,0.614384,0.898062,0.614384,107,0,252
2026/02/05/00:37:40,2163.032428,0.898062,0.614384,0.898062,0.614384,107,0,252
2026/02/05/00:37:41,2164.033322,0.898062,0.614384,0.898062,0.614384,107,0,252
2026/02/05/00:37:42,2165.034262,0.898062,0.614384,0.898062,0.614384,107,0,252
2026/02/05/00:37:43,2166.034960,0.898062,0.614384,0.898062,0.614384,107,0,252
2026/02/05/00:37:44,2167.035834,0.898062,0.614384,0.898062,0.614384,107,0,252
2026/02/05/00:37:45,2168.036829,0.891687,0.610166,0.891687,0.610166,106,0,253
2026/02/05/00:37:46,2169.037658,0.891687,0.610166,0.891687,0.610166,106,0,253
2026/02/05/00:37:47,2170.038495,0.891687,0.610166,0.891687,0.610166,106,0,253
2026/02/05/00:37:48,2171.039200,0.891687,0.610166,0.891687,0.610166,106,0,253
2026/02/05/00:37:49,2172.039982,0.891687,0.610166,0.891687,0.610166,106,0,253
2026/02/05/00:37:50,2173.040672,0.891687,0.610166,0.891687,0.610166,106,0,253
2026/02/05/00:37:51,2174.041346,0.891687,0.610166,0.891687,0.610166,106,0,253
2026/02/05/00:37:52,2175.042054,0.891687,0.610166,0.891687,0.610166,106,0,253
2026/02/05/00:37:53,2176.042799,0.891687,0.610166,0.891687,0.610166,106,0,253
2026/02/05/00:37:54,2177.043457,0.891687,0.610166,0.891687,0.610166,106,0,253
2026/02/05/00:37:55,2178.044264,0.891687,0.610166,0.891687,0.610166,106,0,253
2026/02/05/00:37:56,2179.045030,0.849125,0.590709,0.849125,0.590709,103,0,256
2026/02/05/00:37:57,2180.045916,0.849125,0.590709,0.849125,0.590709,103,0,256
2026/02/05/00:37:58,2181.046676,0.849125,0.590709,0.849125,0.590709,103,0,256
2026/02/05/00:37:59,2182.047384,0.849125,0.590709,0.849125,0.590709,103,0,256
2026/02/05/00:38:00,2183.048044,0.849125,0.590709,0.849125,0.590709,103,0,256
2026/02/05/00:38:01,2184.048735,0.849125,0.590709,0.849125,0.590709,103,0,256
2026/02/05/00:38:02,2185.049377,0.849125,0.590709,0.849125,0.590709,103,0,256
2026/02/05/00:38:03,2186.050197,0.849125,0.590709,0.849125,0.590709,103,0,256
2026/02/05/00:38:04,2187.051003,0.849125,0.590709,0.849125,0.590709,103,0,256
2026/02/05/00:38:05,2188.051684,0.849125,0.590709,0.849125,0.590709,103,0,256
2026/02/05/00:38:06,2189.052594,0.849125,0.590709,0.849125,0.590709,103,0,256
2026/02/05/00:38:07,2190.055669,0.849125,0.590709,0.849125,0.590709,103,0,256
2026/02/05/00:38:08,2191.056510,0.849125,0.590709,0.849125,0.590709,103,0,256
2026/02/05/00:38:09,2192.057266,0.849125,0.590709,0.849125,0.590709,103,0,256
2026/02/05/00:38:10,2193.057970,0.845313,0.583372,0.845313,0.583372,102,0,257
2026/02/05/00:38:11,2194.058763,0.845313,0.583372,0.845313,0.583372,102,0,257
2026/02/05/00:38:12,2195.059580,0.845313,0.583372,0.845313,0.583372,102,0,257
2026/02/05/00:38:14,2196.060231,0.845313,0.583372,0.845313,0.583372,102,0,257
2026/02/05/00:38:15,2197.061109,0.845313,0.583372,0.845313,0.583372,102,0,257
2026/02/05/00:38:16,2198.062058,0.845313,0.583372,0.845313,0.583372,102,0,257
2026/02/05/00:38:17,2199.063002,0.845313,0.583372,0.845313,0.583372,102,0,257
2026/02/05/00:38:18,2200.063845,0.845313,0.583372,0.845313,0.583372,102,0,257
2026/02/05/00:38:19,2201.064811,0.845313,0.583372,0.845313,0.583372,102,0,257
2026/02/05/00:38:20,2202.065517,0.845313,0.583372,0.845313,0.583372,102,0,257
2026/02/05/00:38:21,2203.066324,0.841625,0.579017,0.841625,0.579017,101,0,258
2026/02/05/00:38:22,2204.067020,0.841625,0.579017,0.841625,0.579017,101,0,258
2026/02/05/00:38:23,2205.067846,0.841625,0.579017,0.841625,0.579017,101,0,258
2026/02/05/00:38:24,2206.068694,0.841625,0.579017,0.841625,0.579017,101,0,258
2026/02/05/00:38:25,2207.069412,0.841625,0.579017,0.841625,0.579017,101,0,258
2026/02/05/00:38:26,2208.070201,0.841625,0.579017,0.841625,0.579017,101,0,258
2026/02/05/00:38:27,2209.070924,0.841625,0.579017,0.841625,0.579017,101,0,258
2026/02/05/00:38:28,2210.071822,0.841625,0.579017,0.841625,0.579017,101,0,258
2026/02/05/00:38:29,2211.072507,0.841625,0.579017,0.841625,0.579017,101,0,258
2026/02/05/00:38:30,2212.073383,0.841625,0.579017,0.841625,0.579017,101,0,258
2026/02/05/00:38:31,2213.074215,0.841625,0.579017,0.841625,0.579017,101,0,258
2026/02/05/00:38:32,2214.075121,0.841625,0.579017,0.841625,0.579017,101,0,258
2026/02/05/00:38:33,2215.075893,0.841625,0.579017,0.841625,0.579017,101,0,258
2026/02/05/00:38:34,2216.076845,0.841625,0.579017,0.841625,0.579017,101,0,258
2026/02/05/00:38:35,2217.077677,0.841625,0.579017,0.841625,0.579017,101,0,258
2026/02/05/00:38:36,2218.078371,0.841625,0.579017,0.841625,0.579017,101,0,258
2026/02/05/00:38:37,2219.079394,0.841625,0.579017,0.841625,0.579017,101,0,258
2026/02/05/00:38:38,2220.080262,0.841625,0.579017,0.841625,0.579017,101,0,258
2026/02/05/00:38:39,2221.081193,0.841625,0.579017,0.841625,0.579017,101,0,258
2026/02/05/00:38:40,2222.082062,0.841625,0.579017,0.841625,0.579017,101,0,258
2026/02/05/00:38:41,2223.082938,0.841625,0.579017,0.841625,0.579017,101,0,258
2026/02/05/00:38:42,2224.083819,0.841625,0.579017,0.841625,0.579017,101,0,258
2026/02/05/00:38:43,2225.084675,0.841625,0.579017,0.841625,0.579017,101,0,258
2026/02/05/00:38:44,2226.085402,0.841625,0.579017,0.841625,0.579017,101,0,258
2026/02/05/00:38:45,2227.086236,0.841625,0.579017,0.841625,0.579017,101,0,258
2026/02/05/00:38:46,2228.086976,0.841625,0.579017,0.841625,0.579017,101,0,258
2026/02/05/00:38:47,2229.087995,0.841625,0.579017,0.841625,0.579017,101,0,258
2026/02/05/00:38:48,2230.088844,0.841625,0.579017,0.841625,0.579017,101,0,258
2026/02/05/00:38:49,2231.089684,0.841625,0.579017,0.841625,0.579017,101,0,258
2026/02/05/00:38:50,2232.090523,0.841625,0.579017,0.841625,0.579017,101,0,258
2026/02/05/00:38:51,2233.091309,0.841625,0.579017,0.841625,0.579017,101,0,258
2026/02/05/00:38:52,2234.092196,0.841625,0.579017,0.841625,0.579017,101,0,258
2026/02/05/00:38:53,2235.093164,0.841625,0.579017,0.841625,0.579017,101,0,258
2026/02/05/00:38:54,2236.094062,0.841625,0.579017,0.841625,0.579017,101,0,258
2026/02/05/00:38:55,2237.095065,0.841625,0.579017,0.841625,0.579017,101,0,258
2026/02/05/00:38:56,2238.095842,0.841625,0.579017,0.841625,0.579017,101,0,258
2026/02/05/00:38:57,2239.096766,0.841625,0.579017,0.841625,0.579017,101,0,258
2026/02/05/00:38:58,2240.097627,0.841625,0.579017,0.841625,0.579017,101,0,258
2026/02/05/00:38:59,2241.098547,0.841625,0.579017,0.841625,0.579017,101,0,258
2026/02/05/00:39:00,2242.099317,0.803750,0.572304,0.803750,0.572304,99,0,260
2026/02/05/00:39:01,2243.100074,0.803750,0.572304,0.803750,0.572304,99,0,260
2026/02/05/00:39:02,2244.100974,0.803750,0.572304,0.803750,0.572304,99,0,260
2026/02/05/00:39:03,2245.101722,0.803750,0.572304,0.803750,0.572304,99,0,260
2026/02/05/00:39:04,2246.102460,0.803750,0.572304,0.803750,0.572304,99,0,260
2026/02/05/00:39:05,2247.103329,0.803750,0.572304,0.803750,0.572304,99,0,260
2026/02/05/00:39:06,2248.104351,0.803750,0.572304,0.803750,0.572304,99,0,260
2026/02/05/00:39:07,2249.105232,0.803750,0.572304,0.803750,0.572304,99,0,260
2026/02/05/00:39:08,2250.105989,0.803750,0.572304,0.803750,0.572304,99,0,260
2026/02/05/00:39:09,2251.106650,0.803750,0.572304,0.803750,0.572304,99,0,260
2026/02/05/00:39:10,2252.107446,0.803750,0.572304,0.803750,0.572304,99,0,260
2026/02/05/00:39:11,2253.108461,0.803750,0.572304,0.803750,0.572304,99,0,260
2026/02/05/00:39:12,2254.109415,0.803750,0.572304,0.803750,0.572304,99,0,260
2026/02/05/00:39:13,2255.110331,0.803750,0.572304,0.803750,0.572304,99,0,260
2026/02/05/00:39:14,2256.111144,0.803750,0.572304,0.803750,0.572304,99,0,260
2026/02/05/00:39:15,2257.112021,0.803750,0.572304,0.803750,0.572304,99,0,260
2026/02/05/00:39:16,2258.112902,0.803750,0.572304,0.803750,0.572304,99,0,260
2026/02/05/00:39:17,2259.113879,0.803750,0.572304,0.803750,0.572304,99,0,260
2026/02/05/00:39:18,2260.114827,0.803750,0.572304,0.803750,0.572304,99,0,260
2026/02/05/00:39:19,2261.115707,0.803750,0.572304,0.803750,0.572304,99,0,260
2026/02/05/00:39:20,2262.116561,0.803750,0.572304,0.803750,0.572304,99,0,260
2026/02/05/00:39:21,2263.117501,0.803750,0.572304,0.803750,0.572304,99,0,260
2026/02/05/00:39:22,2264.118384,0.803750,0.572304,0.803750,0.572304,99,0,260
2026/02/05/00:39:23,2265.119293,0.803750,0.572304,0.803750,0.572304,99,0,260
2026/02/05/00:39:24,2266.120310,0.803750,0.572304,0.803750,0.572304,99,0,260
2026/02/05/00:39:25,2267.121122,0.803750,0.572304,0.803750,0.572304,99,0,260
2026/02/05/00:39:26,2268.122020,0.803750,0.572304,0.803750,0.572304,99,0,260
2026/02/05/00:39:27,2269.122817,0.803750,0.572304,0.803750,0.572304,99,0,260
2026/02/05/00:39:28,2270.123570,0.803750,0.572304,0.803750,0.572304,99,0,260
2026/02/05/00:39:29,2271.124377,0.803750,0.572304,0.803750,0.572304,99,0,260
2026/02/05/00:39:30,2272.125213,0.803750,0.572304,0.803750,0.572304,99,0,260
2026/02/05/00:39:31,2273.126151,0.803750,0.572304,0.803750,0.572304,99,0,260
2026/02/05/00:39:32,2274.126819,0.803750,0.572304,0.803750,0.572304,99,0,260
2026/02/05/00:39:33,2275.127739,0.803750,0.572304,0.803750,0.572304,99,0,260
2026/02/05/00:39:34,2276.128811,0.803750,0.572304,0.803750,0.572304,99,0,260
2026/02/05/00:39:35,2277.129736,0.803750,0.572304,0.803750,0.572304,99,0,260
2026/02/05/00:39:36,2278.130692,0.803750,0.572304,0.803750,0.572304,99,0,260
2026/02/05/00:39:37,2279.131582,0.803750,0.572304,0.803750,0.572304,99,0,260
2026/02/05/00:39:38,2280.132581,0.803750,0.572304,0.803750,0.572304,99,0,260
2026/02/05/00:39:39,2281.133462,0.803750,0.572304,0.803750,0.572304,99,0,260
2026/02/05/00:39:40,2282.134430,0.803750,0.572304,0.803750,0.572304,99,0,260
2026/02/05/00:39:41,2283.135323,0.803750,0.572304,0.803750,0.572304,99,0,260
2026/02/05/00:39:42,2284.136311,0.803750,0.572304,0.803750,0.572304,99,0,260
2026/02/05/00:39:43,2285.137188,0.803750,0.572304,0.803750,0.572304,99,0,260
2026/02/05/00:39:44,2286.137948,0.803750,0.572304,0.803750,0.572304,99,0,260
2026/02/05/00:39:45,2287.138839,0.803750,0.572304,0.803750,0.572304,99,0,260
2026/02/05/00:39:46,2288.139740,0.803750,0.572304,0.803750,0.572304,99,0,260
2026/02/05/00:39:47,2289.140658,0.803750,0.572304,0.803750,0.572304,99,0,260
2026/02/05/00:39:48,2290.141465,0.803750,0.572304,0.803750,0.572304,99,0,260
2026/02/05/00:39:49,2291.142215,0.803750,0.572304,0.803750,0.572304,99,0,260
2026/02/05/00:39:50,2292.143205,0.803750,0.572304,0.803750,0.572304,99,0,260
2026/02/05/00:39:51,2293.144011,0.803750,0.572304,0.803750,0.572304,99,0,260
2026/02/05/00:39:52,2294.145241,0.803750,0.572304,0.803750,0.572304,99,0,260
2026/02/05/00:39:53,2295.146126,0.803750,0.572304,0.803750,0.572304,99,0,260
2026/02/05/00:39:54,2296.146873,0.803750,0.572304,0.803750,0.572304,99,0,260
2026/02/05/00:39:55,2297.147692,0.803750,0.572304,0.803750,0.572304,99,0,260
2026/02/05/00:39:56,2298.148699,0.803750,0.572304,0.803750,0.572304,99,0,260
2026/02/05/00:39:57,2299.149531,0.803750,0.572304,0.803750,0.572304,99,0,260
2026/02/05/00:39:58,2300.150496,0.803750,0.572304,0.803750,0.572304,99,0,260
2026/02/05/00:39:59,2301.151555,0.803750,0.572304,0.803750,0.572304,99,0,260
2026/02/05/00:40:00,2302.152465,0.803750,0.572304,0.803750,0.572304,99,0,260
2026/02/05/00:40:01,2303.153278,0.803750,0.572304,0.803750,0.572304,99,0,260
2026/02/05/00:40:02,2304.154160,0.803750,0.572304,0.803750,0.572304,99,0,260
2026/02/05/00:40:03,2305.155038,0.803750,0.572304,0.803750,0.572304,99,0,260
2026/02/05/00:40:04,2306.155996,0.803750,0.572304,0.803750,0.572304,99,0,260
2026/02/05/00:40:05,2307.156820,0.803750,0.572304,0.803750,0.572304,99,0,260
2026/02/05/00:40:06,2308.157747,0.803750,0.572304,0.803750,0.572304,99,0,260
2026/02/05/00:40:07,2309.158659,0.803750,0.572304,0.803750,0.572304,99,0,260
2026/02/05/00:40:08,2310.159510,0.803750,0.572304,0.803750,0.572304,99,0,260
2026/02/05/00:40:09,2311.160459,0.803750,0.572304,0.803750,0.572304,99,0,260
2026/02/05/00:40:10,2312.161325,0.803750,0.572304,0.803750,0.572304,99,0,260
2026/02/05/00:40:11,2313.162264,0.803750,0.572304,0.803750,0.572304,99,0,260
2026/02/05/00:40:12,2314.163172,0.803750,0.572304,0.803750,0.572304,99,0,260
2026/02/05/00:40:13,2315.164056,0.803750,0.572304,0.803750,0.572304,99,0,260
2026/02/05/00:40:14,2316.164833,0.803750,0.572304,0.803750,0.572304,99,0,260
2026/02/05/00:40:15,2317.165599,0.803750,0.572304,0.803750,0.572304,99,0,260
2026/02/05/00:40:16,2318.166486,0.803750,0.572304,0.803750,0.572304,99,0,260
2026/02/05/00:40:17,2319.167321,0.803750,0.572304,0.803750,0.572304,99,0,260
2026/02/05/00:40:18,2320.168159,0.803750,0.572304,0.803750,0.572304,99,0,260
2026/02/05/00:40:19,2321.169073,0.803750,0.572304,0.803750,0.572304,99,0,260
2026/02/05/00:40:20,2322.170055,0.803750,0.572304,0.803750,0.572304,99,0,260
2026/02/05/00:40:21,2323.171158,0.803750,0.572304,0.803750,0.572304,99,0,260
2026/02/05/00:40:22,2324.172039,0.803750,0.572304,0.803750,0.572304,99,0,260
2026/02/05/00:40:23,2325.172959,0.803750,0.572304,0.803750,0.572304,99,0,260
2026/02/05/00:40:24,2326.174072,0.803750,0.572304,0.803750,0.572304,99,0,260
2026/02/05/00:40:25,2327.175216,0.803750,0.572304,0.803750,0.572304,99,0,260
2026/02/05/00:40:26,2328.176151,0.803750,0.572304,0.803750,0.572304,99,0,260
2026/02/05/00:40:27,2329.176984,0.803750,0.572304,0.803750,0.572304,99,0,260
2026/02/05/00:40:28,2330.178040,0.803750,0.572304,0.803750,0.572304,99,0,260
2026/02/05/00:40:29,2331.178909,0.803750,0.572304,0.803750,0.572304,99,0,260
2026/02/05/00:40:30,2332.179900,0.803750,0.572304,0.803750,0.572304,99,0,260
2026/02/05/00:40:31,2333.180856,0.803750,0.572304,0.803750,0.572304,99,0,260
2026/02/05/00:40:32,2334.181841,0.803750,0.572304,0.803750,0.572304,99,0,260
2026/02/05/00:40:33,2335.182626,0.803750,0.572304,0.803750,0.572304,99,0,260
2026/02/05/00:40:34,2336.183683,0.803750,0.572304,0.803750,0.572304,99,0,260
2026/02/05/00:40:35,2337.184417,0.803750,0.572304,0.803750,0.572304,99,0,260
2026/02/05/00:40:36,2338.185219,0.803750,0.572304,0.803750,0.572304,99,0,260
2026/02/05/00:40:37,2339.186028,0.803750,0.572304,0.803750,0.572304,99,0,260
2026/02/05/00:40:38,2340.186844,0.803750,0.572304,0.803750,0.572304,99,0,260
2026/02/05/00:40:39,2341.187635,0.803750,0.572304,0.803750,0.572304,99,0,260
2026/02/05/00:40:40,2342.188622,0.803750,0.572304,0.803750,0.572304,99,0,260
2026/02/05/00:40:41,2343.189367,0.803750,0.572304,0.803750,0.572304,99,0,260
2026/02/05/00:40:42,2344.190182,0.803750,0.572304,0.803750,0.572304,99,0,260
2026/02/05/00:40:43,2345.190855,0.803750,0.572304,0.803750,0.572304,99,0,260
2026/02/05/00:40:44,2346.191725,0.803750,0.572304,0.803750,0.572304,99,0,260
2026/02/05/00:40:45,2347.192674,0.803750,0.572304,0.803750,0.572304,99,0,260
2026/02/05/00:40:46,2348.193466,0.803750,0.572304,0.803750,0.572304,99,0,260
2026/02/05/00:40:47,2349.194293,0.803750,0.572304,0.803750,0.572304,99,0,260
2026/02/05/00:40:48,2350.195130,0.803750,0.572304,0.803750,0.572304,99,0,260
2026/02/05/00:40:49,2351.196131,0.803750,0.572304,0.803750,0.572304,99,0,260
2026/02/05/00:40:50,2352.196966,0.803750,0.572304,0.803750,0.572304,99,0,260
2026/02/05/00:40:51,2353.197863,0.803750,0.572304,0.803750,0.572304,99,0,260
2026/02/05/00:40:52,2354.198856,0.803750,0.572304,0.803750,0.572304,99,0,260
2026/02/05/00:40:53,2355.199723,0.803750,0.572304,0.803750,0.572304,99,0,260
2026/02/05/00:40:54,2356.200535,0.803750,0.572304,0.803750,0.572304,99,0,260
2026/02/05/00:40:55,2357.201544,0.803750,0.572304,0.803750,0.572304,99,0,260
2026/02/05/00:40:56,2358.202225,0.803750,0.572304,0.803750,0.572304,99,0,260
2026/02/05/00:40:57,2359.203108,0.803750,0.572304,0.803750,0.572304,99,0,260
2026/02/05/00:40:58,2360.204015,0.803750,0.572304,0.803750,0.572304,99,0,260
2026/02/05/00:40:59,2361.204837,0.803750,0.572304,0.803750,0.572304,99,0,260
2026/02/05/00:41:00,2362.205811,0.803750,0.572304,0.803750,0.572304,99,0,260
2026/02/05/00:41:01,2363.206562,0.803750,0.572304,0.803750,0.572304,99,0,260
2026/02/05/00:41:02,2364.207484,0.803750,0.572304,0.803750,0.572304,99,0,260
2026/02/05/00:41:03,2365.208383,0.803750,0.572304,0.803750,0.572304,99,0,260
2026/02/05/00:41:04,2366.209255,0.803750,0.572304,0.803750,0.572304,99,0,260
2026/02/05/00:41:05,2367.210099,0.803750,0.572304,0.803750,0.572304,99,0,260
2026/02/05/00:41:06,2368.210998,0.803750,0.572304,0.803750,0.572304,99,0,260
2026/02/05/00:41:07,2369.211819,0.803750,0.572304,0.803750,0.572304,99,0,260
2026/02/05/00:41:08,2370.212796,0.803750,0.572304,0.803750,0.572304,99,0,260
2026/02/05/00:41:09,2371.213706,0.803750,0.572304,0.803750,0.572304,99,0,260
2026/02/05/00:41:10,2372.214545,0.803750,0.572304,0.803750,0.572304,99,0,260
2026/02/05/00:41:11,2373.215616,0.803750,0.572304,0.803750,0.572304,99,0,260
2026/02/05/00:41:12,2374.216640,0.803750,0.572304,0.803750,0.572304,99,0,260
2026/02/05/00:41:13,2375.217602,0.803750,0.572304,0.803750,0.572304,99,0,260
2026/02/05/00:41:14,2376.218399,0.803750,0.572304,0.803750,0.572304,99,0,260
2026/02/05/00:41:15,2377.219131,0.803750,0.572304,0.803750,0.572304,99,0,260
2026/02/05/00:41:16,2378.219991,0.803750,0.572304,0.803750,0.572304,99,0,260
2026/02/05/00:41:17,2379.220755,0.803750,0.572304,0.803750,0.572304,99,0,260
2026/02/05/00:41:18,2380.221530,0.803750,0.572304,0.803750,0.572304,99,0,260
2026/02/05/00:41:19,2381.222459,0.803750,0.572304,0.803750,0.572304,99,0,260
2026/02/05/00:41:20,2382.223317,0.803750,0.572304,0.803750,0.572304,99,0,260
2026/02/05/00:41:21,2383.224312,0.803750,0.572304,0.803750,0.572304,99,0,260
2026/02/05/00:41:22,2384.225158,0.803750,0.572304,0.803750,0.572304,99,0,260
2026/02/05/00:41:23,2385.226086,0.803750,0.572304,0.803750,0.572304,99,0,260
2026/02/05/00:41:24,2386.227062,0.803750,0.572304,0.803750,0.572304,99,0,260
2026/02/05/00:41:25,2387.227898,0.803750,0.572304,0.803750,0.572304,99,0,260
2026/02/05/00:41:26,2388.228810,0.803750,0.572304,0.803750,0.572304,99,0,260
2026/02/05/00:41:27,2389.229646,0.824125,0.620299,0.824125,0.620299,103,0,260
2026/02/05/00:41:28,2390.230467,0.856000,0.633906,0.856000,0.633906,106,0,260
2026/02/05/00:41:29,2391.231202,0.856000,0.633906,0.856000,0.633906,106,0,260
2026/02/05/00:41:30,2392.231973,0.824125,0.620299,0.824125,0.620299,103,0,263
2026/02/05/00:41:31,2393.232824,0.824125,0.620299,0.824125,0.620299,103,0,263
2026/02/05/00:41:32,2394.233701,0.824125,0.620299,0.824125,0.620299,103,0,263
2026/02/05/00:41:33,2395.234581,0.834625,0.627350,0.834625,0.627350,105,0,263
2026/02/05/00:41:34,2396.235536,0.834625,0.627350,0.834625,0.627350,105,0,263
2026/02/05/00:41:35,2397.236963,0.871188,0.670714,0.871188,0.670714,111,0,263
2026/02/05/00:41:36,2398.238012,0.871188,0.670714,0.871188,0.670714,111,0,263
2026/02/05/00:41:37,2399.238665,0.871188,0.670714,0.871188,0.670714,111,0,263
2026/02/05/00:41:38,2400.239743,0.857125,0.628459,0.857125,0.628459,108,0,266
2026/02/05/00:41:39,2401.240554,0.857125,0.628459,0.857125,0.628459,108,0,266
2026/02/05/00:41:40,2402.241289,0.857125,0.628459,0.857125,0.628459,108,0,266
2026/02/05/00:41:41,2403.242055,0.857125,0.628459,0.857125,0.628459,108,0,266
2026/02/05/00:41:42,2404.242978,0.871188,0.644542,0.871188,0.644542,111,0,266
2026/02/05/00:41:43,2405.243907,0.888625,0.664818,0.893687,0.668061,115,1,266
2026/02/05/00:41:44,2406.244462,0.884813,0.660026,0.884813,0.660026,114,0,268
2026/02/05/00:41:45,2407.245293,0.884813,0.660026,0.884813,0.660026,114,0,268
2026/02/05/00:41:46,2408.246260,0.884813,0.660026,0.884813,0.660026,114,0,268
2026/02/05/00:41:47,2409.247128,0.884813,0.660026,0.884813,0.660026,114,0,268
2026/02/05/00:41:48,2410.248042,0.872437,0.642993,0.872437,0.642993,111,0,271
2026/02/05/00:41:49,2411.248983,0.872437,0.642993,0.872437,0.642993,111,0,271
2026/02/05/00:41:50,2412.249746,0.862313,0.636506,0.862313,0.636506,109,0,273
2026/02/05/00:41:51,2413.250477,0.862313,0.636506,0.862313,0.636506,109,0,273
2026/02/05/00:41:52,2414.251312,0.862313,0.636506,0.862313,0.636506,109,0,273
2026/02/05/00:41:53,2415.252353,0.862313,0.636506,0.862313,0.636506,109,0,273
2026/02/05/00:41:54,2416.253269,0.862313,0.636506,0.862313,0.636506,109,0,273
2026/02/05/00:41:55,2417.254318,0.862313,0.636506,0.862313,0.636506,109,0,273
2026/02/05/00:41:56,2418.255088,0.862313,0.636506,0.862313,0.636506,109,0,273
2026/02/05/00:41:57,2419.255878,0.862313,0.636506,0.862313,0.636506,109,0,273
2026/02/05/00:41:58,2420.256620,0.862313,0.636506,0.862313,0.636506,109,0,273
2026/02/05/00:41:59,2421.258378,0.862313,0.636506,0.862313,0.636506,109,0,273
2026/02/05/00:42:00,2422.259286,0.862313,0.636506,0.862313,0.636506,109,0,273
2026/02/05/00:42:01,2423.260368,0.862313,0.636506,0.862313,0.636506,109,0,273
2026/02/05/00:42:02,2424.261296,0.862313,0.636506,0.862313,0.636506,109,0,273
2026/02/05/00:42:03,2425.262091,0.862313,0.636506,0.862313,0.636506,109,0,273
2026/02/05/00:42:04,2426.263009,0.862313,0.636506,0.862313,0.636506,109,0,273
2026/02/05/00:42:05,2427.263796,0.862313,0.636506,0.862313,0.636506,109,0,273
2026/02/05/00:42:06,2428.264573,0.862313,0.636506,0.862313,0.636506,109,0,273
2026/02/05/00:42:07,2429.265451,0.862313,0.636506,0.862313,0.636506,109,0,273
2026/02/05/00:42:08,2430.266321,0.862313,0.636506,0.862313,0.636506,109,0,273
2026/02/05/00:42:09,2431.267159,0.862313,0.636506,0.862313,0.636506,109,0,273
2026/02/05/00:42:10,2432.267976,0.862313,0.636506,0.862313,0.636506,109,0,273
2026/02/05/00:42:11,2433.268843,0.862313,0.636506,0.862313,0.636506,109,0,273
2026/02/05/00:42:12,2434.269725,0.862313,0.636506,0.862313,0.636506,109,0,273
2026/02/05/00:42:13,2435.270522,0.862313,0.636506,0.862313,0.636506,109,0,273
2026/02/05/00:42:14,2436.271204,0.862313,0.636506,0.862313,0.636506,109,0,273
2026/02/05/00:42:15,2437.272071,0.874313,0.649342,0.874313,0.649342,112,0,273
2026/02/05/00:42:16,2438.272966,0.874313,0.649342,0.874313,0.649342,112,0,273
2026/02/05/00:42:17,2439.273942,0.874313,0.649342,0.874313,0.649342,112,0,273
2026/02/05/00:42:18,2440.274936,0.874313,0.649342,0.874313,0.649342,112,0,273
2026/02/05/00:42:19,2441.275608,0.874313,0.649342,0.874313,0.649342,112,0,273
2026/02/05/00:42:20,2442.276495,0.874313,0.649342,0.874313,0.649342,112,0,273
2026/02/05/00:42:21,2443.277193,0.874313,0.649342,0.874313,0.649342,112,0,273
2026/02/05/00:42:22,2444.277948,0.874313,0.649342,0.874313,0.649342,112,0,273
2026/02/05/00:42:23,2445.278613,0.874313,0.649342,0.874313,0.649342,112,0,273
2026/02/05/00:42:24,2446.279326,0.874313,0.649342,0.874313,0.649342,112,0,273
2026/02/05/00:42:25,2447.280164,0.874313,0.649342,0.874313,0.649342,112,0,273
2026/02/05/00:42:26,2448.280971,0.874313,0.649342,0.874313,0.649342,112,0,273
2026/02/05/00:42:27,2449.281741,0.874313,0.649342,0.874313,0.649342,112,0,273
2026/02/05/00:42:28,2450.282448,0.874313,0.649342,0.874313,0.649342,112,0,273
2026/02/05/00:42:29,2451.283234,0.874313,0.649342,0.874313,0.649342,112,0,273
2026/02/05/00:42:30,2452.284096,0.874313,0.649342,0.874313,0.649342,112,0,273
2026/02/05/00:42:31,2453.284843,0.874313,0.649342,0.874313,0.649342,112,0,273
2026/02/05/00:42:32,2454.285913,0.874313,0.649342,0.874313,0.649342,112,0,273
2026/02/05/00:42:33,2455.286883,0.862313,0.636506,0.862313,0.636506,109,0,276
2026/02/05/00:42:34,2456.287803,0.862313,0.636506,0.862313,0.636506,109,0,276
2026/02/05/00:42:35,2457.288652,0.862313,0.636506,0.862313,0.636506,109,0,276
2026/02/05/00:42:36,2458.289429,0.862313,0.636506,0.862313,0.636506,109,0,276
2026/02/05/00:42:37,2459.290446,0.862313,0.636506,0.862313,0.636506,109,0,276
2026/02/05/00:42:38,2460.291230,0.862313,0.636506,0.862313,0.636506,109,0,276
2026/02/05/00:42:39,2461.292097,0.862313,0.636506,0.862313,0.636506,109,0,276
2026/02/05/00:42:40,2462.292807,0.862313,0.636506,0.862313,0.636506,109,0,276
2026/02/05/00:42:41,2463.293829,0.862313,0.636506,0.862313,0.636506,109,0,276
2026/02/05/00:42:42,2464.294683,0.862313,0.636506,0.862313,0.636506,109,0,276
2026/02/05/00:42:43,2465.295598,0.862313,0.636506,0.862313,0.636506,109,0,276
2026/02/05/00:42:44,2466.296469,0.862313,0.636506,0.862313,0.636506,109,0,276
2026/02/05/00:42:45,2467.297324,0.862313,0.636506,0.862313,0.636506,109,0,276
2026/02/05/00:42:46,2468.298148,0.862313,0.636506,0.862313,0.636506,109,0,276
2026/02/05/00:42:47,2469.299153,0.862313,0.636506,0.862313,0.636506,109,0,276
2026/02/05/00:42:48,2470.300728,0.862313,0.636506,0.862313,0.636506,109,0,276
2026/02/05/00:42:49,2471.301571,0.862313,0.636506,0.862313,0.636506,109,0,276
2026/02/05/00:42:50,2472.302506,0.862313,0.636506,0.862313,0.636506,109,0,276
2026/02/05/00:42:51,2473.303527,0.862313,0.636506,0.862313,0.636506,109,0,276
2026/02/05/00:42:52,2474.304433,0.849812,0.625166,0.849812,0.625166,107,0,278
2026/02/05/00:42:53,2475.305223,0.849812,0.625166,0.849812,0.625166,107,0,278
2026/02/05/00:42:54,2476.306312,0.849812,0.625166,0.849812,0.625166,107,0,278
2026/02/05/00:42:55,2477.307103,0.849812,0.625166,0.849812,0.625166,107,0,278
2026/02/05/00:42:56,2478.308070,0.849812,0.625166,0.849812,0.625166,107,0,278
2026/02/05/00:42:57,2479.308985,0.849812,0.625166,0.849812,0.625166,107,0,278
2026/02/05/00:42:58,2480.310055,0.849812,0.625166,0.849812,0.625166,107,0,278
2026/02/05/00:42:59,2481.311032,0.849812,0.625166,0.849812,0.625166,107,0,278
2026/02/05/00:43:00,2482.311928,0.849812,0.625166,0.849812,0.625166,107,0,278
2026/02/05/00:43:01,2483.312813,0.849812,0.625166,0.849812,0.625166,107,0,278
2026/02/05/00:43:02,2484.313839,0.849812,0.625166,0.849812,0.625166,107,0,278
2026/02/05/00:43:03,2485.314574,0.849812,0.625166,0.849812,0.625166,107,0,278
2026/02/05/00:43:04,2486.315347,0.849812,0.625166,0.849812,0.625166,107,0,278
2026/02/05/00:43:05,2487.316218,0.849812,0.625166,0.849812,0.625166,107,0,278
2026/02/05/00:43:06,2488.317096,0.849812,0.625166,0.849812,0.625166,107,0,278
2026/02/05/00:43:07,2489.317902,0.849812,0.625166,0.849812,0.625166,107,0,278
2026/02/05/00:43:08,2490.318818,0.849812,0.625166,0.849812,0.625166,107,0,278
2026/02/05/00:43:09,2491.319611,0.849812,0.625166,0.849812,0.625166,107,0,278
2026/02/05/00:43:10,2492.320402,0.849812,0.625166,0.849812,0.625166,107,0,278
2026/02/05/00:43:11,2493.321228,0.849812,0.625166,0.849812,0.625166,107,0,278
2026/02/05/00:43:12,2494.322130,0.849812,0.625166,0.849812,0.625166,107,0,278
2026/02/05/00:43:13,2495.322911,0.849812,0.625166,0.849812,0.625166,107,0,278
2026/02/05/00:43:14,2496.323685,0.849812,0.625166,0.849812,0.625166,107,0,278
2026/02/05/00:43:15,2497.324657,0.849812,0.625166,0.849812,0.625166,107,0,278
2026/02/05/00:43:16,2498.325364,0.849812,0.625166,0.849812,0.625166,107,0,278
2026/02/05/00:43:17,2499.326359,0.849812,0.625166,0.849812,0.625166,107,0,278
2026/02/05/00:43:18,2500.327338,0.849812,0.625166,0.849812,0.625166,107,0,278
2026/02/05/00:43:19,2501.328284,0.849812,0.625166,0.849812,0.625166,107,0,278
2026/02/05/00:43:20,2502.329260,0.849812,0.625166,0.849812,0.625166,107,0,278
2026/02/05/00:43:21,2503.330035,0.849812,0.625166,0.849812,0.625166,107,0,278
2026/02/05/00:43:22,2504.330685,0.849812,0.625166,0.849812,0.625166,107,0,278
2026/02/05/00:43:23,2505.331743,0.849812,0.625166,0.849812,0.625166,107,0,278
2026/02/05/00:43:24,2506.332654,0.849812,0.625166,0.849812,0.625166,107,0,278
2026/02/05/00:43:25,2507.333692,0.849812,0.625166,0.849812,0.625166,107,0,278
2026/02/05/00:43:26,2508.334548,0.849812,0.625166,0.849812,0.625166,107,0,278
2026/02/05/00:43:27,2509.335449,0.849812,0.625166,0.849812,0.625166,107,0,278
2026/02/05/00:43:28,2510.336410,0.849812,0.625166,0.849812,0.625166,107,0,278
2026/02/05/00:43:29,2511.337382,0.849812,0.625166,0.849812,0.625166,107,0,278
2026/02/05/00:43:30,2512.338330,0.849812,0.625166,0.849812,0.625166,107,0,278
2026/02/05/00:43:31,2513.339322,0.849812,0.625166,0.849812,0.625166,107,0,278
2026/02/05/00:43:32,2514.340278,0.849812,0.625166,0.849812,0.625166,107,0,278
2026/02/05/00:43:33,2515.341054,0.849812,0.625166,0.849812,0.625166,107,0,278
2026/02/05/00:43:34,2516.342128,0.849812,0.625166,0.849812,0.625166,107,0,278
2026/02/05/00:43:35,2517.343099,0.849812,0.625166,0.849812,0.625166,107,0,278
2026/02/05/00:43:36,2518.344004,0.849812,0.625166,0.849812,0.625166,107,0,278
2026/02/05/00:43:37,2519.345053,0.849812,0.625166,0.849812,0.625166,107,0,278
2026/02/05/00:43:38,2520.345863,0.849812,0.625166,0.849812,0.625166,107,0,278
2026/02/05/00:43:39,2521.346652,0.849812,0.625166,0.849812,0.625166,107,0,278
2026/02/05/00:43:40,2522.347620,0.846625,0.621962,0.846625,0.621962,106,0,279
2026/02/05/00:43:41,2523.348440,0.846625,0.621962,0.846625,0.621962,106,0,279
2026/02/05/00:43:42,2524.349427,0.846625,0.621962,0.846625,0.621962,106,0,279
2026/02/05/00:43:43,2525.350281,0.846625,0.621962,0.846625,0.621962,106,0,279
2026/02/05/00:43:44,2526.351065,0.846625,0.621962,0.846625,0.621962,106,0,279
2026/02/05/00:43:45,2527.352117,0.846625,0.621962,0.846625,0.621962,106,0,279
2026/02/05/00:43:46,2528.353174,0.846625,0.621962,0.846625,0.621962,106,0,279
2026/02/05/00:43:47,2529.354067,0.846625,0.621962,0.846625,0.621962,106,0,279
2026/02/05/00:43:48,2530.355156,0.846625,0.621962,0.846625,0.621962,106,0,279
2026/02/05/00:43:49,2531.356012,0.846625,0.621962,0.846625,0.621962,106,0,279
2026/02/05/00:43:50,2532.356839,0.846625,0.621962,0.846625,0.621962,106,0,279
2026/02/05/00:43:51,2533.357696,0.846625,0.621962,0.846625,0.621962,106,0,279
2026/02/05/00:43:52,2534.358593,0.846625,0.621962,0.846625,0.621962,106,0,279
2026/02/05/00:43:53,2535.359418,0.846625,0.621962,0.846625,0.621962,106,0,279
2026/02/05/00:43:54,2536.360235,0.846625,0.621962,0.846625,0.621962,106,0,279
2026/02/05/00:43:55,2537.361263,0.846625,0.621962,0.846625,0.621962,106,0,279
2026/02/05/00:43:56,2538.362145,0.846625,0.621962,0.846625,0.621962,106,0,279
2026/02/05/00:43:57,2539.363009,0.846625,0.621962,0.846625,0.621962,106,0,279
2026/02/05/00:43:58,2540.363734,0.846625,0.621962,0.846625,0.621962,106,0,279
2026/02/05/00:43:59,2541.364675,0.846625,0.621962,0.846625,0.621962,106,0,279
2026/02/05/00:44:00,2542.365443,0.846625,0.621962,0.846625,0.621962,106,0,279
2026/02/05/00:44:01,2543.366314,0.846625,0.621962,0.846625,0.621962,106,0,279
2026/02/05/00:44:02,2544.367292,0.846625,0.621962,0.846625,0.621962,106,0,279
2026/02/05/00:44:03,2545.368254,0.846625,0.621962,0.846625,0.621962,106,0,279
2026/02/05/00:44:04,2546.368966,0.846625,0.621962,0.846625,0.621962,106,0,279
2026/02/05/00:44:05,2547.369989,0.846625,0.621962,0.846625,0.621962,106,0,279
2026/02/05/00:44:06,2548.370877,0.846625,0.621962,0.846625,0.621962,106,0,279
2026/02/05/00:44:07,2549.371845,0.846625,0.621962,0.846625,0.621962,106,0,279
2026/02/05/00:44:08,2550.372844,0.846625,0.621962,0.846625,0.621962,106,0,279
2026/02/05/00:44:09,2551.373597,0.846625,0.621962,0.846625,0.621962,106,0,279
2026/02/05/00:44:10,2552.374395,0.846625,0.621962,0.846625,0.621962,106,0,279
2026/02/05/00:44:11,2553.375273,0.846625,0.621962,0.846625,0.621962,106,0,279
2026/02/05/00:44:12,2554.376096,0.846625,0.621962,0.846625,0.621962,106,0,279
2026/02/05/00:44:13,2555.376902,0.846625,0.621962,0.846625,0.621962,106,0,279
2026/02/05/00:44:14,2556.377613,0.846625,0.621962,0.846625,0.621962,106,0,279
2026/02/05/00:44:15,2557.378577,0.846625,0.621962,0.846625,0.621962,106,0,279
2026/02/05/00:44:16,2558.379595,0.846625,0.621962,0.846625,0.621962,106,0,279
2026/02/05/00:44:17,2559.380477,0.846625,0.621962,0.846625,0.621962,106,0,279
2026/02/05/00:44:18,2560.381373,0.846625,0.621962,0.846625,0.621962,106,0,279
2026/02/05/00:44:19,2561.382320,0.846625,0.621962,0.846625,0.621962,106,0,279
2026/02/05/00:44:20,2562.383291,0.846625,0.621962,0.846625,0.621962,106,0,279
2026/02/05/00:44:21,2563.383990,0.846625,0.621962,0.846625,0.621962,106,0,279
2026/02/05/00:44:22,2564.384941,0.846625,0.621962,0.846625,0.621962,106,0,279
2026/02/05/00:44:23,2565.385830,0.846625,0.621962,0.846625,0.621962,106,0,279
2026/02/05/00:44:24,2566.386808,0.846625,0.621962,0.846625,0.621962,106,0,279
2026/02/05/00:44:25,2567.387683,0.846625,0.621962,0.846625,0.621962,106,0,279
2026/02/05/00:44:26,2568.388627,0.846625,0.621962,0.846625,0.621962,106,0,279
2026/02/05/00:44:27,2569.389228,0.846625,0.621962,0.846625,0.621962,106,0,279
2026/02/05/00:44:28,2570.390175,0.846625,0.621962,0.846625,0.621962,106,0,279
2026/02/05/00:44:29,2571.391152,0.846625,0.621962,0.846625,0.621962,106,0,279
2026/02/05/00:44:30,2572.392100,0.846625,0.621962,0.846625,0.621962,106,0,279
2026/02/05/00:44:31,2573.392847,0.846625,0.621962,0.846625,0.621962,106,0,279
2026/02/05/00:44:32,2574.393715,0.846625,0.621962,0.846625,0.621962,106,0,279
2026/02/05/00:44:33,2575.394725,0.846625,0.621962,0.846625,0.621962,106,0,279
2026/02/05/00:44:34,2576.395814,0.846625,0.621962,0.846625,0.621962,106,0,279
2026/02/05/00:44:35,2577.396680,0.846625,0.621962,0.846625,0.621962,106,0,279
2026/02/05/00:44:36,2578.397594,0.846625,0.621962,0.846625,0.621962,106,0,279
2026/02/05/00:44:37,2579.398457,0.846625,0.621962,0.846625,0.621962,106,0,279
2026/02/05/00:44:38,2580.399212,0.846625,0.621962,0.846625,0.621962,106,0,279
2026/02/05/00:44:39,2581.400104,0.846625,0.621962,0.846625,0.621962,106,0,279
2026/02/05/00:44:40,2582.400848,0.846625,0.621962,0.846625,0.621962,106,0,279
2026/02/05/00:44:41,2583.401615,0.846625,0.621962,0.846625,0.621962,106,0,279
2026/02/05/00:44:42,2584.402461,0.846625,0.621962,0.846625,0.621962,106,0,279
2026/02/05/00:44:43,2585.403324,0.846625,0.621962,0.846625,0.621962,106,0,279
2026/02/05/00:44:44,2586.404155,0.846625,0.621962,0.846625,0.621962,106,0,279
2026/02/05/00:44:45,2587.405200,0.846625,0.621962,0.846625,0.621962,106,0,279
2026/02/05/00:44:46,2588.406038,0.846625,0.621962,0.846625,0.621962,106,0,279
2026/02/05/00:44:47,2589.406971,0.846625,0.621962,0.846625,0.621962,106,0,279
2026/02/05/00:44:48,2590.407823,0.846625,0.621962,0.846625,0.621962,106,0,279
2026/02/05/00:44:49,2591.408549,0.846625,0.621962,0.846625,0.621962,106,0,279
2026/02/05/00:44:50,2592.409394,0.846625,0.621962,0.846625,0.621962,106,0,279
2026/02/05/00:44:51,2593.410281,0.846625,0.621962,0.846625,0.621962,106,0,279
2026/02/05/00:44:52,2594.411162,0.846625,0.621962,0.846625,0.621962,106,0,279
2026/02/05/00:44:53,2595.412118,0.846625,0.621962,0.846625,0.621962,106,0,279
2026/02/05/00:44:54,2596.413086,0.846625,0.621962,0.846625,0.621962,106,0,279
2026/02/05/00:44:55,2597.414037,0.846625,0.621962,0.846625,0.621962,106,0,279
2026/02/05/00:44:56,2598.414978,0.846625,0.621962,0.846625,0.621962,106,0,279
2026/02/05/00:44:57,2599.415787,0.846625,0.621962,0.846625,0.621962,106,0,279
2026/02/05/00:44:58,2600.416498,0.846625,0.621962,0.846625,0.621962,106,0,279
2026/02/05/00:44:59,2601.417316,0.846625,0.621962,0.846625,0.621962,106,0,279
2026/02/05/00:45:00,2602.418189,0.846625,0.621962,0.846625,0.621962,106,0,279
2026/02/05/00:45:01,2603.418923,0.846625,0.621962,0.846625,0.621962,106,0,279
2026/02/05/00:45:02,2604.419752,0.846625,0.621962,0.846625,0.621962,106,0,279
2026/02/05/00:45:03,2605.420667,0.846625,0.621962,0.846625,0.621962,106,0,279
2026/02/05/00:45:04,2606.421599,0.846625,0.621962,0.846625,0.621962,106,0,279
2026/02/05/00:45:05,2607.422446,0.846625,0.621962,0.846625,0.621962,106,0,279
2026/02/05/00:45:06,2608.423294,0.846625,0.621962,0.846625,0.621962,106,0,279
2026/02/05/00:45:07,2609.424212,0.846625,0.621962,0.846625,0.621962,106,0,279
2026/02/05/00:45:08,2610.425152,0.846625,0.621962,0.846625,0.621962,106,0,279
2026/02/05/00:45:09,2611.425909,0.846625,0.621962,0.846625,0.621962,106,0,279
2026/02/05/00:45:10,2612.426857,0.846625,0.621962,0.846625,0.621962,106,0,279
2026/02/05/00:45:11,2613.427920,0.846625,0.621962,0.846625,0.621962,106,0,279
2026/02/05/00:45:12,2614.428762,0.846625,0.621962,0.846625,0.621962,106,0,279
2026/02/05/00:45:13,2615.429826,0.846625,0.621962,0.846625,0.621962,106,0,279
2026/02/05/00:45:14,2616.430616,0.846625,0.621962,0.846625,0.621962,106,0,279
2026/02/05/00:45:15,2617.431639,0.846625,0.621962,0.846625,0.621962,106,0,279
2026/02/05/00:45:16,2618.432501,0.846625,0.621962,0.846625,0.621962,106,0,279
2026/02/05/00:45:17,2619.433557,0.846625,0.621962,0.846625,0.621962,106,0,279
2026/02/05/00:45:18,2620.434408,0.846625,0.621962,0.846625,0.621962,106,0,279
2026/02/05/00:45:19,2621.435246,0.846625,0.621962,0.846625,0.621962,106,0,279
2026/02/05/00:45:20,2622.436317,0.846625,0.621962,0.846625,0.621962,106,0,279
2026/02/05/00:45:21,2623.437248,0.846625,0.621962,0.846625,0.621962,106,0,279
2026/02/05/00:45:22,2624.438051,0.846625,0.621962,0.846625,0.621962,106,0,279
2026/02/05/00:45:23,2625.438855,0.846625,0.621962,0.846625,0.621962,106,0,279
2026/02/05/00:45:24,2626.439675,0.846625,0.621962,0.846625,0.621962,106,0,279
2026/02/05/00:45:25,2627.440571,0.846625,0.621962,0.846625,0.621962,106,0,279
2026/02/05/00:45:26,2628.441553,0.846625,0.621962,0.846625,0.621962,106,0,279
2026/02/05/00:45:27,2629.442301,0.846625,0.621962,0.846625,0.621962,106,0,279
2026/02/05/00:45:28,2630.443429,0.846625,0.621962,0.846625,0.621962,106,0,279
2026/02/05/00:45:29,2631.444152,0.846625,0.621962,0.846625,0.621962,106,0,279
2026/02/05/00:45:30,2632.444963,0.846625,0.621962,0.846625,0.621962,106,0,279
2026/02/05/00:45:31,2633.445725,0.846625,0.621962,0.846625,0.621962,106,0,279
2026/02/05/00:45:32,2634.446608,0.846625,0.621962,0.846625,0.621962,106,0,279
2026/02/05/00:45:33,2635.447378,0.846625,0.621962,0.846625,0.621962,106,0,279
2026/02/05/00:45:34,2636.448225,0.846625,0.621962,0.846625,0.621962,106,0,279
2026/02/05/00:45:35,2637.449119,0.846625,0.621962,0.846625,0.621962,106,0,279
2026/02/05/00:45:36,2638.449994,0.846625,0.621962,0.846625,0.621962,106,0,279
2026/02/05/00:45:37,2639.451052,0.846625,0.621962,0.846625,0.621962,106,0,279
2026/02/05/00:45:38,2640.452149,0.846625,0.621962,0.846625,0.621962,106,0,279
2026/02/05/00:45:39,2641.452984,0.846625,0.621962,0.846625,0.621962,106,0,279
2026/02/05/00:45:40,2642.453756,0.846625,0.621962,0.846625,0.621962,106,0,279
2026/02/05/00:45:41,2643.454521,0.846625,0.621962,0.846625,0.621962,106,0,279
2026/02/05/00:45:42,2644.455514,0.846625,0.621962,0.846625,0.621962,106,0,279
2026/02/05/00:45:43,2645.456298,0.846625,0.621962,0.846625,0.621962,106,0,279
2026/02/05/00:45:44,2646.457020,0.846625,0.621962,0.846625,0.621962,106,0,279
2026/02/05/00:45:45,2647.457857,0.846625,0.621962,0.846625,0.621962,106,0,279
2026/02/05/00:45:46,2648.458567,0.846625,0.621962,0.846625,0.621962,106,0,279
2026/02/05/00:45:47,2649.459340,0.846625,0.621962,0.846625,0.621962,106,0,279
2026/02/05/00:45:48,2650.460262,0.846625,0.621962,0.846625,0.621962,106,0,279
2026/02/05/00:45:49,2651.461085,0.846625,0.621962,0.846625,0.621962,106,0,279
2026/02/05/00:45:50,2652.461768,0.846625,0.621962,0.846625,0.621962,106,0,279
2026/02/05/00:45:51,2653.462507,0.846625,0.621962,0.846625,0.621962,106,0,279
2026/02/05/00:45:52,2654.463327,0.846625,0.621962,0.846625,0.621962,106,0,279
2026/02/05/00:45:53,2655.464108,0.846625,0.621962,0.846625,0.621962,106,0,279
2026/02/05/00:45:54,2656.465002,0.846625,0.621962,0.846625,0.621962,106,0,279
2026/02/05/00:45:55,2657.465836,0.879625,0.710365,0.901438,0.737307,110,1,279
2026/02/05/00:45:56,2658.466540,0.894625,0.724805,0.916438,0.751746,113,1,279
2026/02/05/00:45:57,2659.467293,0.894625,0.724805,0.959937,0.765374,113,4,279
2026/02/05/00:45:58,2660.468091,0.879625,0.710365,0.944937,0.750934,110,4,282
2026/02/05/00:45:59,2661.468849,0.879625,0.710365,0.944937,0.750934,110,4,282
2026/02/05/00:46:00,2662.469422,0.879625,0.710365,0.944937,0.750934,110,4,282
2026/02/05/00:46:01,2663.470265,0.879625,0.710365,0.944937,0.750934,110,4,282
2026/02/05/00:46:02,2664.471058,0.879625,0.710365,0.901438,0.737307,110,1,282
2026/02/05/00:46:03,2665.471767,0.879625,0.710365,0.901438,0.737307,110,1,282
2026/02/05/00:46:04,2666.472547,0.879625,0.710365,0.901438,0.737307,110,1,282
2026/02/05/00:46:05,2667.473337,0.879625,0.710365,0.901438,0.737307,110,1,282
2026/02/05/00:46:06,2668.474130,0.879625,0.710365,0.901438,0.737307,110,1,282
2026/02/05/00:46:07,2669.475156,0.879625,0.710365,0.901438,0.737307,110,1,282
2026/02/05/00:46:08,2670.475943,0.879625,0.710365,0.901438,0.737307,110,1,282
2026/02/05/00:46:09,2671.476825,0.879625,0.710365,0.901438,0.737307,110,1,282
2026/02/05/00:46:10,2672.477563,0.879625,0.710365,0.901438,0.737307,110,1,282
2026/02/05/00:46:11,2673.478484,0.879625,0.710365,0.901438,0.737307,110,1,282
2026/02/05/00:46:12,2674.496070,0.879625,0.710365,0.901438,0.737307,110,1,282
2026/02/05/00:46:13,2675.496788,0.901438,0.737307,0.901438,0.737307,111,0,283
2026/02/05/00:46:14,2676.497597,0.901438,0.737307,0.901438,0.737307,111,0,283
2026/02/05/00:46:15,2677.498420,0.879313,0.667564,0.879313,0.667564,108,0,286
2026/02/05/00:46:16,2678.499409,0.879313,0.667564,0.879313,0.667564,108,0,286
2026/02/05/00:46:17,2679.500235,0.879313,0.667564,0.879313,0.667564,108,0,286
2026/02/05/00:46:18,2680.501008,0.879313,0.667564,0.879313,0.667564,108,0,286
2026/02/05/00:46:19,2681.501930,0.879313,0.667564,0.879313,0.667564,108,0,286
2026/02/05/00:46:20,2682.502840,0.879313,0.667564,0.879313,0.667564,108,0,286
2026/02/05/00:46:21,2683.503825,0.879313,0.667564,0.879313,0.667564,108,0,286
2026/02/05/00:46:22,2684.504805,0.879313,0.667564,0.879313,0.667564,108,0,286
2026/02/05/00:46:23,2685.505588,0.879313,0.667564,0.879313,0.667564,108,0,286
2026/02/05/00:46:24,2686.506517,0.879313,0.667564,0.879313,0.667564,108,0,286
2026/02/05/00:46:25,2687.507251,0.879313,0.667564,0.879313,0.667564,108,0,286
2026/02/05/00:46:26,2688.508205,0.879313,0.667564,0.879313,0.667564,108,0,286
2026/02/05/00:46:27,2689.508916,0.879313,0.667564,0.879313,0.667564,108,0,286
2026/02/05/00:46:28,2690.510035,0.879313,0.667564,0.879313,0.667564,108,0,286
2026/02/05/00:46:29,2691.510768,0.879313,0.667564,0.879313,0.667564,108,0,286
2026/02/05/00:46:30,2692.511688,0.879313,0.667564,0.879313,0.667564,108,0,286
2026/02/05/00:46:31,2693.512373,0.879313,0.667564,0.879313,0.667564,108,0,286
2026/02/05/00:46:32,2694.513298,0.879313,0.667564,0.879313,0.667564,108,0,286
2026/02/05/00:46:33,2695.514261,0.879313,0.667564,0.879313,0.667564,108,0,286
2026/02/05/00:46:34,2696.515139,0.879313,0.667564,0.879313,0.667564,108,0,286
2026/02/05/00:46:35,2697.516061,0.879313,0.667564,0.879313,0.667564,108,0,286
2026/02/05/00:46:36,2698.516855,0.879313,0.667564,0.879313,0.667564,108,0,286
2026/02/05/00:46:37,2699.517725,0.879313,0.667564,0.879313,0.667564,108,0,286
2026/02/05/00:46:38,2700.518442,0.879313,0.667564,0.879313,0.667564,108,0,286
2026/02/05/00:46:39,2701.519257,0.879313,0.667564,0.879313,0.667564,108,0,286
2026/02/05/00:46:40,2702.520111,0.879313,0.667564,0.879313,0.667564,108,0,286
2026/02/05/00:46:41,2703.521009,0.879313,0.667564,0.879313,0.667564,108,0,286
2026/02/05/00:46:42,2704.522054,0.879313,0.667564,0.879313,0.667564,108,0,286
2026/02/05/00:46:43,2705.522901,0.857500,0.640622,0.857500,0.640622,107,0,287
2026/02/05/00:46:44,2706.523736,0.857500,0.640622,0.857500,0.640622,107,0,287
2026/02/05/00:46:45,2707.524637,0.857500,0.640622,0.857500,0.640622,107,0,287
2026/02/05/00:46:46,2708.525453,0.857500,0.640622,0.857500,0.640622,107,0,287
2026/02/05/00:46:47,2709.526304,0.857500,0.640622,0.857500,0.640622,107,0,287
2026/02/05/00:46:48,2710.527138,0.857500,0.640622,0.857500,0.640622,107,0,287
2026/02/05/00:46:49,2711.527868,0.857500,0.640622,0.857500,0.640622,107,0,287
2026/02/05/00:46:50,2712.528707,0.857500,0.640622,0.857500,0.640622,107,0,287
2026/02/05/00:46:51,2713.529498,0.851187,0.634881,0.851187,0.634881,106,0,288
2026/02/05/00:46:52,2714.530370,0.851187,0.634881,0.851187,0.634881,106,0,288
2026/02/05/00:46:53,2715.531369,0.851187,0.634881,0.851187,0.634881,106,0,288
2026/02/05/00:46:54,2716.532229,0.851187,0.634881,0.851187,0.634881,106,0,288
2026/02/05/00:46:55,2717.533025,0.851187,0.634881,0.851187,0.634881,106,0,288
2026/02/05/00:46:56,2718.533969,0.851187,0.634881,0.851187,0.634881,106,0,288
2026/02/05/00:46:57,2719.534689,0.851187,0.634881,0.851187,0.634881,106,0,288
2026/02/05/00:46:58,2720.535643,0.851187,0.634881,0.851187,0.634881,106,0,288
2026/02/05/00:46:59,2721.536502,0.851187,0.634881,0.851187,0.634881,106,0,288
2026/02/05/00:47:00,2722.537343,0.851187,0.634881,0.851187,0.634881,106,0,288
2026/02/05/00:47:01,2723.538343,0.851187,0.634881,0.851187,0.634881,106,0,288
2026/02/05/00:47:02,2724.539174,0.851187,0.634881,0.851187,0.634881,106,0,288
2026/02/05/00:47:03,2725.539931,0.851187,0.634881,0.851187,0.634881,106,0,288
2026/02/05/00:47:04,2726.540908,0.851187,0.634881,0.851187,0.634881,106,0,288
2026/02/05/00:47:05,2727.541802,0.851187,0.634881,0.851187,0.634881,106,0,288
2026/02/05/00:47:06,2728.542756,0.869563,0.676662,0.869563,0.676662,111,0,288
2026/02/05/00:47:07,2729.543642,0.869563,0.676662,0.869563,0.676662,111,0,288
2026/02/05/00:47:08,2730.544429,0.869563,0.676662,0.869563,0.676662,111,0,288
2026/02/05/00:47:09,2731.545443,0.864375,0.668615,0.864375,0.668615,110,0,289
2026/02/05/00:47:10,2732.546256,0.864375,0.668615,0.904250,0.677449,110,2,289
2026/02/05/00:47:11,2733.549462,0.853875,0.639866,0.893750,0.648699,107,2,292
2026/02/05/00:47:12,2734.550123,0.853875,0.639866,0.893750,0.648699,107,2,292
2026/02/05/00:47:13,2735.550989,0.853875,0.639866,0.893750,0.648699,107,2,292
2026/02/05/00:47:14,2736.551852,0.853875,0.639866,0.893750,0.648699,107,2,292
2026/02/05/00:47:15,2737.552623,0.853875,0.639866,0.893750,0.648699,107,2,292
2026/02/05/00:47:16,2738.553389,0.885875,0.635668,0.885875,0.635668,107,0,294
2026/02/05/00:47:17,2739.554303,0.885875,0.635668,0.885875,0.635668,107,0,294
2026/02/05/00:47:18,2740.555166,0.885875,0.635668,0.885875,0.635668,107,0,294
2026/02/05/00:47:19,2741.555855,0.885875,0.635668,0.885875,0.635668,107,0,294
2026/02/05/00:47:20,2742.556609,0.885875,0.635668,0.885875,0.635668,107,0,294
2026/02/05/00:47:21,2743.557508,0.885875,0.635668,0.885875,0.635668,107,0,294
2026/02/05/00:47:22,2744.558228,0.885875,0.635668,0.885875,0.635668,107,0,294
2026/02/05/00:47:23,2745.559181,0.885875,0.635668,0.885875,0.635668,107,0,294
2026/02/05/00:47:24,2746.559993,0.885875,0.635668,0.885875,0.635668,107,0,294
2026/02/05/00:47:25,2747.560755,0.885875,0.635668,0.885875,0.635668,107,0,294
2026/02/05/00:47:26,2748.561483,0.885875,0.635668,0.885875,0.635668,107,0,294
2026/02/05/00:47:27,2749.562564,0.885875,0.635668,0.885875,0.635668,107,0,294
2026/02/05/00:47:28,2750.563350,0.885875,0.635668,0.885875,0.635668,107,0,294
2026/02/05/00:47:29,2751.563973,0.885875,0.635668,0.885875,0.635668,107,0,294
2026/02/05/00:47:30,2752.564872,0.885875,0.635668,0.885875,0.635668,107,0,294
2026/02/05/00:47:31,2753.565558,0.885875,0.635668,0.885875,0.635668,107,0,294
2026/02/05/00:47:32,2754.566368,0.885875,0.635668,0.885875,0.635668,107,0,294
2026/02/05/00:47:33,2755.567272,0.885875,0.635668,0.885875,0.635668,107,0,294
2026/02/05/00:47:34,2756.567972,0.885875,0.635668,0.885875,0.635668,107,0,294
2026/02/05/00:47:35,2757.568875,0.885875,0.635668,0.885875,0.635668,107,0,294
2026/02/05/00:47:36,2758.569661,0.885875,0.635668,0.885875,0.635668,107,0,294
2026/02/05/00:47:37,2759.570517,0.885875,0.635668,0.885875,0.635668,107,0,294
2026/02/05/00:47:38,2760.572758,0.885875,0.635668,0.885875,0.635668,107,0,294
2026/02/05/00:47:39,2761.573617,0.885875,0.635668,0.885875,0.635668,107,0,294
2026/02/05/00:47:40,2762.574315,0.885875,0.635668,0.885875,0.635668,107,0,294
2026/02/05/00:47:41,2763.574995,0.885875,0.635668,0.885875,0.635668,107,0,294
2026/02/05/00:47:42,2764.575929,0.885875,0.635668,0.885875,0.635668,107,0,294
2026/02/05/00:47:43,2765.576813,0.885875,0.635668,0.885875,0.635668,107,0,294
2026/02/05/00:47:44,2766.577664,0.885875,0.635668,0.885875,0.635668,107,0,294
2026/02/05/00:47:45,2767.578590,0.885875,0.635668,0.885875,0.635668,107,0,294
2026/02/05/00:47:46,2768.579466,0.885875,0.635668,0.885875,0.635668,107,0,294
2026/02/05/00:47:47,2769.580239,0.885875,0.635668,0.885875,0.635668,107,0,294
2026/02/05/00:47:48,2770.580926,0.885875,0.635668,0.885875,0.635668,107,0,294
2026/02/05/00:47:49,2771.581730,0.885875,0.635668,0.885875,0.635668,107,0,294
2026/02/05/00:47:50,2772.582597,0.885875,0.635668,0.885875,0.635668,107,0,294
2026/02/05/00:47:51,2773.583284,0.885875,0.635668,0.885875,0.635668,107,0,294
2026/02/05/00:47:52,2774.584099,0.885875,0.635668,0.885875,0.635668,107,0,294
2026/02/05/00:47:53,2775.585107,0.885875,0.635668,0.885875,0.635668,107,0,294
2026/02/05/00:47:54,2776.585885,0.885875,0.635668,0.885875,0.635668,107,0,294
2026/02/05/00:47:55,2777.586716,0.885875,0.635668,0.885875,0.635668,107,0,294
2026/02/05/00:47:56,2778.587575,0.885875,0.635668,0.885875,0.635668,107,0,294
2026/02/05/00:47:57,2779.588604,0.885875,0.635668,0.885875,0.635668,107,0,294
2026/02/05/00:47:58,2780.589580,0.876750,0.629300,0.876750,0.629300,106,0,295
2026/02/05/00:47:59,2781.590396,0.866437,0.597267,0.866437,0.597267,103,0,298
2026/02/05/00:48:00,2782.591171,0.866437,0.597267,0.866437,0.597267,103,0,298
2026/02/05/00:48:01,2783.591940,0.866437,0.597267,0.866437,0.597267,103,0,298
2026/02/05/00:48:02,2784.592725,0.866437,0.597267,0.866437,0.597267,103,0,298
2026/02/05/00:48:03,2785.593558,0.866437,0.597267,0.866437,0.597267,103,0,298
2026/02/05/00:48:04,2786.594289,0.866437,0.597267,0.866437,0.597267,103,0,298
2026/02/05/00:48:05,2787.595084,0.866437,0.597267,0.866437,0.597267,103,0,298
2026/02/05/00:48:06,2788.596125,0.866437,0.597267,0.866437,0.597267,103,0,298
2026/02/05/00:48:07,2789.596891,0.866437,0.597267,0.866437,0.597267,103,0,298
2026/02/05/00:48:08,2790.597561,0.866437,0.597267,0.866437,0.597267,103,0,298
2026/02/05/00:48:09,2791.598412,0.866437,0.597267,0.866437,0.597267,103,0,298
2026/02/05/00:48:10,2792.599440,0.866437,0.597267,0.866437,0.597267,103,0,298
2026/02/05/00:48:11,2793.600251,0.866437,0.597267,0.866437,0.597267,103,0,298
2026/02/05/00:48:12,2794.601120,0.866437,0.597267,0.866437,0.597267,103,0,298
2026/02/05/00:48:13,2795.601954,0.870313,0.605338,0.870313,0.605338,104,0,298
2026/02/05/00:48:14,2796.602674,0.870313,0.605338,0.870313,0.605338,104,0,298
2026/02/05/00:48:15,2797.603599,0.920750,0.717904,0.920750,0.717904,115,0,298
2026/02/05/00:48:16,2798.604428,0.933000,0.735087,0.981563,0.763465,116,4,299
2026/02/05/00:48:17,2799.605289,0.933000,0.735087,0.981563,0.763465,116,4,299
2026/02/05/00:48:18,2800.606081,0.933000,0.735087,0.981563,0.763465,116,4,299
2026/02/05/00:48:19,2801.606760,0.916875,0.709833,0.957375,0.725584,114,3,301
2026/02/05/00:48:20,2802.607841,0.916875,0.709833,0.957375,0.725584,114,3,301
2026/02/05/00:48:21,2803.608855,0.918500,0.710594,0.959000,0.726345,114,3,302
2026/02/05/00:48:22,2804.609727,0.904000,0.702868,0.944500,0.718619,112,3,304
2026/02/05/00:48:23,2805.610549,0.900500,0.698594,0.900500,0.698594,111,0,305
2026/02/05/00:48:24,2806.611463,0.900500,0.698594,0.900500,0.698594,111,0,305
2026/02/05/00:48:25,2807.613712,0.900500,0.698594,0.900500,0.698594,111,0,305
2026/02/05/00:48:26,2808.614518,0.900500,0.698594,0.900500,0.698594,111,0,305
2026/02/05/00:48:27,2809.615658,0.888125,0.665765,0.888125,0.665765,109,0,307
2026/02/05/00:48:28,2810.616524,0.888125,0.665765,0.888125,0.665765,109,0,307
2026/02/05/00:48:29,2811.617323,0.888125,0.665765,0.888125,0.665765,109,0,307
2026/02/05/00:48:30,2812.618885,0.888125,0.665765,0.888125,0.665765,109,0,307
2026/02/05/00:48:31,2813.619756,0.888125,0.665765,0.888125,0.665765,109,0,307
2026/02/05/00:48:32,2814.620595,0.888125,0.665765,0.888125,0.665765,109,0,307
2026/02/05/00:48:33,2815.621295,0.888125,0.665765,0.888125,0.665765,109,0,307
2026/02/05/00:48:34,2816.622109,0.888125,0.665765,0.888125,0.665765,109,0,307
2026/02/05/00:48:35,2817.622921,0.893125,0.670494,0.893125,0.670494,110,0,307
2026/02/05/00:48:36,2818.623813,0.893125,0.670494,0.893125,0.670494,110,0,307
2026/02/05/00:48:37,2819.624747,0.893125,0.670494,0.893125,0.670494,110,0,307
2026/02/05/00:48:38,2820.625452,0.893125,0.670494,0.893125,0.670494,110,0,307
2026/02/05/00:48:39,2821.626240,0.893125,0.670494,0.893125,0.670494,110,0,307
2026/02/05/00:48:40,2822.627213,0.893125,0.670494,0.893125,0.670494,110,0,307
2026/02/05/00:48:41,2823.628097,0.893125,0.670494,0.893125,0.670494,110,0,307
2026/02/05/00:48:42,2824.628864,0.893125,0.670494,0.893125,0.670494,110,0,307
2026/02/05/00:48:43,2825.629745,0.893125,0.670494,0.893125,0.670494,110,0,307
2026/02/05/00:48:44,2826.630496,0.893125,0.670494,0.893125,0.670494,110,0,307
2026/02/05/00:48:45,2827.631351,0.893125,0.670494,0.893125,0.670494,110,0,307
2026/02/05/00:48:46,2828.632248,0.893125,0.670494,0.893125,0.670494,110,0,307
2026/02/05/00:48:47,2829.633125,0.893125,0.670494,0.893125,0.670494,110,0,307
2026/02/05/00:48:48,2830.633868,0.893125,0.670494,0.893125,0.670494,110,0,307
2026/02/05/00:48:49,2831.634914,0.893125,0.670494,0.893125,0.670494,110,0,307
2026/02/05/00:48:50,2832.635813,0.893125,0.670494,0.893125,0.670494,110,0,307
2026/02/05/00:48:51,2833.636585,0.888125,0.665765,0.888125,0.665765,109,0,308
2026/02/05/00:48:52,2834.637576,0.888125,0.665765,0.888125,0.665765,109,0,308
2026/02/05/00:48:53,2835.638489,0.888125,0.665765,0.888125,0.665765,109,0,308
2026/02/05/00:48:54,2836.639508,0.888125,0.665765,0.888125,0.665765,109,0,308
2026/02/05/00:48:55,2837.640495,0.888125,0.665765,0.888125,0.665765,109,0,308
2026/02/05/00:48:56,2838.641464,0.888125,0.665765,0.888125,0.665765,109,0,308
2026/02/05/00:48:57,2839.642393,0.888125,0.665765,0.888125,0.665765,109,0,308
2026/02/05/00:48:58,2840.643117,0.888125,0.665765,0.888125,0.665765,109,0,308
2026/02/05/00:48:59,2841.644009,0.888125,0.665765,0.888125,0.665765,109,0,308
2026/02/05/00:49:00,2842.644949,0.888125,0.665765,0.888125,0.665765,109,0,308
2026/02/05/00:49:01,2843.645665,0.888125,0.665765,0.888125,0.665765,109,0,308
2026/02/05/00:49:02,2844.646521,0.888125,0.665765,0.888125,0.665765,109,0,308
2026/02/05/00:49:03,2845.647423,0.888125,0.665765,0.888125,0.665765,109,0,308
2026/02/05/00:49:04,2846.648187,0.888125,0.665765,0.888125,0.665765,109,0,308
2026/02/05/00:49:05,2847.649027,0.888125,0.665765,0.888125,0.665765,109,0,308
2026/02/05/00:49:06,2848.649904,0.888125,0.665765,0.888125,0.665765,109,0,308
2026/02/05/00:49:07,2849.650923,0.888125,0.665765,0.888125,0.665765,109,0,308
2026/02/05/00:49:08,2850.651806,0.888125,0.665765,0.888125,0.665765,109,0,308
2026/02/05/00:49:09,2851.652642,0.888125,0.665765,0.888125,0.665765,109,0,308
2026/02/05/00:49:10,2852.653524,0.888125,0.665765,0.888125,0.665765,109,0,308
2026/02/05/00:49:11,2853.654321,0.888125,0.665765,0.888125,0.665765,109,0,308
2026/02/05/00:49:12,2854.655380,0.888125,0.665765,0.888125,0.665765,109,0,308
2026/02/05/00:49:13,2855.656903,0.888125,0.665765,0.888125,0.665765,109,0,308
2026/02/05/00:49:14,2856.657755,0.888125,0.665765,0.888125,0.665765,109,0,308
2026/02/05/00:49:15,2857.658612,0.888125,0.665765,0.888125,0.665765,109,0,308
2026/02/05/00:49:16,2858.659558,0.888125,0.665765,0.888125,0.665765,109,0,308
2026/02/05/00:49:17,2859.660362,0.900312,0.676569,0.900312,0.676569,112,0,308
2026/02/05/00:49:18,2860.661139,0.900312,0.676569,0.900312,0.676569,112,0,308
2026/02/05/00:49:19,2861.661974,0.888125,0.665765,0.888125,0.665765,109,0,311
2026/02/05/00:49:20,2862.662912,0.888125,0.665765,0.888125,0.665765,109,0,311
2026/02/05/00:49:21,2863.663928,0.888125,0.665765,0.888125,0.665765,109,0,311
2026/02/05/00:49:22,2864.664833,0.888125,0.665765,0.888125,0.665765,109,0,311
2026/02/05/00:49:23,2865.665659,0.883188,0.661644,0.883188,0.661644,108,0,312
2026/02/05/00:49:24,2866.666580,0.883188,0.661644,0.883188,0.661644,108,0,312
2026/02/05/00:49:25,2867.667311,0.883188,0.661644,0.883188,0.661644,108,0,312
2026/02/05/00:49:26,2868.668243,0.883188,0.661644,0.883188,0.661644,108,0,312
2026/02/05/00:49:27,2869.668862,0.883188,0.661644,0.883188,0.661644,108,0,312
2026/02/05/00:49:28,2870.669825,0.883188,0.661644,0.883188,0.661644,108,0,312
2026/02/05/00:49:29,2871.670681,0.883188,0.661644,0.883188,0.661644,108,0,312
2026/02/05/00:49:30,2872.671678,0.883188,0.661644,0.883188,0.661644,108,0,312
2026/02/05/00:49:31,2873.672374,0.883188,0.661644,0.883188,0.661644,108,0,312
2026/02/05/00:49:32,2874.673362,0.883188,0.661644,0.883188,0.661644,108,0,312
2026/02/05/00:49:33,2875.674387,0.883188,0.661644,0.883188,0.661644,108,0,312
2026/02/05/00:49:34,2876.675307,0.889687,0.667934,0.889687,0.667934,109,0,312
2026/02/05/00:49:35,2877.676205,0.889687,0.667934,0.889687,0.667934,109,0,312
2026/02/05/00:49:36,2878.676949,0.889687,0.667934,0.889687,0.667934,109,0,312
2026/02/05/00:49:37,2879.677805,0.889687,0.667934,0.889687,0.667934,109,0,312
2026/02/05/00:49:38,2880.678659,0.889687,0.667934,0.889687,0.667934,109,0,312
2026/02/05/00:49:39,2881.698526,0.914875,0.689083,0.926250,0.697620,113,1,312
2026/02/05/00:49:40,2882.699533,0.926562,0.728767,0.937937,0.737305,116,1,312
2026/02/05/00:49:41,2883.700397,0.926562,0.728767,0.937937,0.737305,116,1,312
2026/02/05/00:49:42,2884.701253,0.926562,0.728767,0.937937,0.737305,116,1,312
2026/02/05/00:49:43,2885.702101,0.926562,0.728767,0.937937,0.737305,116,1,312
2026/02/05/00:49:44,2886.703003,0.926562,0.728767,0.937937,0.737305,116,1,312
2026/02/05/00:49:45,2887.704045,0.922188,0.722842,0.933562,0.731380,115,1,313
2026/02/05/00:49:46,2888.704817,0.922188,0.722842,0.933562,0.731380,115,1,313
2026/02/05/00:49:47,2889.705603,0.922188,0.722842,0.933562,0.731380,115,1,313
2026/02/05/00:49:48,2890.706531,0.927063,0.725089,0.927063,0.725089,115,0,314
2026/02/05/00:49:49,2891.707435,0.927063,0.725089,0.927063,0.725089,115,0,314
2026/02/05/00:49:50,2892.709336,0.927063,0.725089,0.927063,0.725089,115,0,314
2026/02/05/00:49:51,2893.710182,0.927063,0.725089,0.927063,0.725089,115,0,314
2026/02/05/00:49:52,2894.711080,0.906250,0.709866,0.906250,0.709866,112,0,317
2026/02/05/00:49:53,2895.711938,0.910125,0.727139,0.910125,0.727139,113,0,317
2026/02/05/00:49:54,2896.712807,0.910125,0.727139,0.910125,0.727139,113,0,317
2026/02/05/00:49:55,2897.713651,0.902750,0.719500,0.902750,0.719500,111,0,319
2026/02/05/00:49:56,2898.714498,0.898875,0.702227,0.898875,0.702227,110,0,320
2026/02/05/00:49:57,2899.715452,0.898875,0.702227,0.898875,0.702227,110,0,320
2026/02/05/00:49:58,2900.716435,0.898875,0.702227,0.898875,0.702227,110,0,320
2026/02/05/00:49:59,2901.717337,0.898875,0.702227,0.898875,0.702227,110,0,320
2026/02/05/00:50:00,2902.718422,0.898875,0.702227,0.898875,0.702227,110,0,320
2026/02/05/00:50:01,2903.719231,0.898875,0.702227,0.898875,0.702227,110,0,320
2026/02/05/00:50:02,2904.720005,0.898875,0.702227,0.898875,0.702227,110,0,320
2026/02/05/00:50:03,2905.720742,0.898875,0.702227,0.898875,0.702227,110,0,320
2026/02/05/00:50:04,2906.721726,0.898875,0.702227,0.898875,0.702227,110,0,320
2026/02/05/00:50:05,2907.722505,0.898875,0.702227,0.898875,0.702227,110,0,320
2026/02/05/00:50:06,2908.723411,0.898875,0.702227,0.898875,0.702227,110,0,320
2026/02/05/00:50:07,2909.724136,0.892500,0.691461,0.892500,0.691461,108,0,322
2026/02/05/00:50:08,2910.724865,0.892500,0.691461,0.892500,0.691461,108,0,322
2026/02/05/00:50:09,2911.725687,0.892500,0.691461,0.892500,0.691461,108,0,322
2026/02/05/00:50:10,2912.726369,0.892500,0.691461,0.892500,0.691461,108,0,322
2026/02/05/00:50:11,2913.727074,0.892500,0.691461,0.892500,0.691461,108,0,322
2026/02/05/00:50:12,2914.727798,0.892500,0.691461,0.892500,0.691461,108,0,322
2026/02/05/00:50:13,2915.728559,0.892500,0.691461,0.892500,0.691461,108,0,322
2026/02/05/00:50:14,2916.729130,0.892500,0.691461,0.892500,0.691461,108,0,322
2026/02/05/00:50:15,2917.729782,0.892500,0.691461,0.892500,0.691461,108,0,322
2026/02/05/00:50:16,2918.730734,0.892500,0.691461,0.892500,0.691461,108,0,322
2026/02/05/00:50:17,2919.731625,0.892500,0.691461,0.892500,0.691461,108,0,322
2026/02/05/00:50:18,2920.732526,0.892500,0.691461,0.892500,0.691461,108,0,322
2026/02/05/00:50:19,2921.733193,0.892500,0.691461,0.892500,0.691461,108,0,322
2026/02/05/00:50:20,2922.733956,0.892500,0.691461,0.892500,0.691461,108,0,322
2026/02/05/00:50:21,2923.734694,0.892500,0.691461,0.892500,0.691461,108,0,322
2026/02/05/00:50:22,2924.735490,0.892500,0.691461,0.892500,0.691461,108,0,322
2026/02/05/00:50:23,2925.736168,0.892500,0.691461,0.892500,0.691461,108,0,322
2026/02/05/00:50:24,2926.736933,0.892500,0.691461,0.892500,0.691461,108,0,322
2026/02/05/00:50:25,2927.737708,0.892500,0.691461,0.892500,0.691461,108,0,322
2026/02/05/00:50:26,2928.738349,0.892500,0.691461,0.892500,0.691461,108,0,322
2026/02/05/00:50:27,2929.739160,0.892500,0.691461,0.892500,0.691461,108,0,322
2026/02/05/00:50:28,2930.739817,0.892500,0.691461,0.892500,0.691461,108,0,322
2026/02/05/00:50:29,2931.740883,0.892500,0.691461,0.892500,0.691461,108,0,322
2026/02/05/00:50:30,2932.741471,0.892500,0.691461,0.892500,0.691461,108,0,322
2026/02/05/00:50:31,2933.742258,0.892500,0.691461,0.892500,0.691461,108,0,322
2026/02/05/00:50:32,2934.742992,0.892500,0.691461,0.892500,0.691461,108,0,322
2026/02/05/00:50:33,2935.743853,0.892500,0.691461,0.892500,0.691461,108,0,322
2026/02/05/00:50:34,2936.744626,0.892500,0.691461,0.892500,0.691461,108,0,322
2026/02/05/00:50:35,2937.745521,0.892500,0.691461,0.892500,0.691461,108,0,322
2026/02/05/00:50:36,2938.746372,0.892500,0.691461,0.892500,0.691461,108,0,322
2026/02/05/00:50:37,2939.747261,0.892500,0.691461,0.892500,0.691461,108,0,322
2026/02/05/00:50:38,2940.747958,0.892500,0.691461,0.892500,0.691461,108,0,322
2026/02/05/00:50:39,2941.748809,0.892500,0.691461,0.892500,0.691461,108,0,322
2026/02/05/00:50:40,2942.749434,0.892500,0.691461,0.892500,0.691461,108,0,322
2026/02/05/00:50:41,2943.750152,0.892500,0.691461,0.892500,0.691461,108,0,322
2026/02/05/00:50:42,2944.750860,0.892500,0.691461,0.892500,0.691461,108,0,322
2026/02/05/00:50:43,2945.751707,0.892500,0.691461,0.892500,0.691461,108,0,322
2026/02/05/00:50:44,2946.752316,0.903875,0.707107,0.903875,0.707107,109,0,322
2026/02/05/00:50:45,2947.753160,0.903875,0.707107,0.903875,0.707107,109,0,322
2026/02/05/00:50:46,2948.753860,0.892500,0.691461,0.892500,0.691461,108,0,323
2026/02/05/00:50:47,2949.754662,0.892500,0.691461,0.892500,0.691461,108,0,323
2026/02/05/00:50:48,2950.755580,0.892500,0.691461,0.892500,0.691461,108,0,323
2026/02/05/00:50:49,2951.756265,0.892500,0.691461,0.892500,0.691461,108,0,323
2026/02/05/00:50:50,2952.756994,0.892500,0.691461,0.892500,0.691461,108,0,323
2026/02/05/00:50:51,2953.757783,0.892500,0.691461,0.892500,0.691461,108,0,323
2026/02/05/00:50:52,2954.758449,0.892500,0.691461,0.892500,0.691461,108,0,323
2026/02/05/00:50:53,2955.759111,0.892500,0.691461,0.892500,0.691461,108,0,323
2026/02/05/00:50:54,2956.759791,0.892500,0.691461,0.892500,0.691461,108,0,323
2026/02/05/00:50:55,2957.760485,0.892500,0.691461,0.892500,0.691461,108,0,323
2026/02/05/00:50:56,2958.761340,0.892500,0.691461,0.892500,0.691461,108,0,323
2026/02/05/00:50:57,2959.762200,0.892500,0.691461,0.892500,0.691461,108,0,323
2026/02/05/00:50:58,2960.762953,0.892500,0.691461,0.892500,0.691461,108,0,323
2026/02/05/00:50:59,2961.763870,0.892500,0.691461,0.892500,0.691461,108,0,323
2026/02/05/00:51:00,2962.764641,0.892500,0.691461,0.892500,0.691461,108,0,323
2026/02/05/00:51:01,2963.765347,0.892500,0.691461,0.892500,0.691461,108,0,323
2026/02/05/00:51:02,2964.766000,0.892500,0.691461,0.892500,0.691461,108,0,323
2026/02/05/00:51:03,2965.766672,0.892500,0.691461,0.892500,0.691461,108,0,323
2026/02/05/00:51:04,2966.767419,0.892500,0.691461,0.892500,0.691461,108,0,323
2026/02/05/00:51:05,2967.768094,0.905062,0.701327,0.987000,0.713504,110,3,323
2026/02/05/00:51:06,2968.768731,0.905062,0.701327,0.987000,0.713504,110,3,323
2026/02/05/00:51:07,2969.769413,0.905062,0.701327,0.987000,0.713504,110,3,323
2026/02/05/00:51:08,2970.770078,0.904062,0.700859,0.986000,0.713036,110,3,324
2026/02/05/00:51:09,2971.770810,0.904062,0.700859,0.986000,0.713036,110,3,324
2026/02/05/00:51:10,2972.771374,0.919687,0.723234,1.001625,0.735411,112,3,324
2026/02/05/00:51:11,2973.772035,0.923063,0.741653,1.005000,0.753830,113,3,324
2026/02/05/00:51:12,2974.772683,0.923063,0.741653,1.005000,0.753830,113,3,324
2026/02/05/00:51:13,2975.773592,0.923063,0.741653,1.005000,0.753830,113,3,324
2026/02/05/00:51:14,2976.774245,0.923063,0.741653,1.005000,0.753830,113,3,324
2026/02/05/00:51:15,2977.774991,0.923063,0.741653,1.005000,0.753830,113,3,324
2026/02/05/00:51:16,2978.775818,0.907438,0.719279,0.989375,0.731455,111,3,326
2026/02/05/00:51:17,2979.776647,0.907438,0.719279,0.989375,0.731455,111,3,326
2026/02/05/00:51:18,2980.777328,0.907438,0.719279,0.989375,0.731455,111,3,326
2026/02/05/00:51:19,2981.778192,0.902563,0.715498,0.984500,0.727675,110,3,327
2026/02/05/00:51:20,2982.779077,0.902563,0.715498,0.984500,0.727675,110,3,327
2026/02/05/00:51:21,2983.779803,0.902563,0.715498,0.984500,0.727675,110,3,327
2026/02/05/00:51:22,2984.780659,0.902563,0.715498,0.984500,0.727675,110,3,327
2026/02/05/00:51:23,2985.781377,0.902563,0.715498,0.984500,0.727675,110,3,327
2026/02/05/00:51:24,2986.782531,0.902563,0.715498,0.984500,0.727675,110,3,327
2026/02/05/00:51:25,2987.784224,0.902563,0.715498,0.984500,0.727675,110,3,327
2026/02/05/00:51:26,2988.784915,0.902563,0.715498,0.984500,0.727675,110,3,327
2026/02/05/00:51:27,2989.785729,0.902563,0.715498,0.984500,0.727675,110,3,327
2026/02/05/00:51:28,2990.786416,0.902563,0.715498,0.984500,0.727675,110,3,327
2026/02/05/00:51:29,2991.787404,0.902563,0.715498,0.984500,0.727675,110,3,327
2026/02/05/00:51:30,2992.788109,0.902563,0.715498,0.984500,0.727675,110,3,327
2026/02/05/00:51:31,2993.788933,0.902563,0.715498,0.984500,0.727675,110,3,327
2026/02/05/00:51:32,2994.829857,0.902563,0.715498,0.984500,0.727675,110,3,327
2026/02/05/00:51:33,2995.917407,0.902563,0.715498,0.984500,0.727675,110,3,327
2026/02/05/00:51:35,2997.479264,0.896813,0.732055,0.995812,0.756927,110,4,329
2026/02/05/00:51:36,2999.034475,0.896813,0.732055,0.995812,0.756927,110,4,329
2026/02/05/00:51:38,3000.653383,0.859313,0.688245,0.941250,0.700422,107,3,332
2026/02/05/00:51:40,3002.155971,0.859313,0.688245,0.941250,0.700422,107,3,332
2026/02/05/00:51:41,3003.745316,0.852625,0.682628,0.934562,0.694805,106,3,333
2026/02/05/00:51:43,3005.955832,0.843250,0.625890,0.925188,0.638067,103,3,336
2026/02/05/00:51:47,3009.142846,0.843250,0.625890,0.925188,0.638067,103,3,336
2026/02/05/00:51:49,3011.379775,0.843250,0.625890,0.925188,0.638067,103,3,336
2026/02/05/00:51:50,3012.380427,0.843250,0.625890,0.925188,0.638067,103,3,336
2026/02/05/00:51:51,3013.381103,0.843250,0.625890,0.925188,0.638067,103,3,336
2026/02/05/00:51:52,3014.381888,0.843250,0.625890,0.925188,0.638067,103,3,336
2026/02/05/00:51:53,3015.382711,0.843250,0.625890,0.925188,0.638067,103,3,336
2026/02/05/00:51:54,3016.383606,0.843250,0.625890,0.925188,0.638067,103,3,336
2026/02/05/00:51:55,3017.384360,0.843250,0.625890,0.925188,0.638067,103,3,336
2026/02/05/00:51:56,3018.385172,0.843250,0.625890,0.925188,0.638067,103,3,336
2026/02/05/00:51:57,3019.385866,0.843250,0.625890,0.925188,0.638067,103,3,336
2026/02/05/00:51:58,3020.386619,0.843250,0.625890,0.925188,0.638067,103,3,336
2026/02/05/00:51:59,3021.387359,0.843250,0.625890,0.925188,0.638067,103,3,336
2026/02/05/00:52:00,3022.388124,0.843250,0.625890,0.925188,0.638067,103,3,336
2026/02/05/00:52:01,3023.388875,0.843250,0.625890,0.925188,0.638067,103,3,336
2026/02/05/00:52:02,3024.389631,0.843250,0.625890,0.925188,0.638067,103,3,336
2026/02/05/00:52:03,3025.390426,0.843250,0.625890,0.925188,0.638067,103,3,336
2026/02/05/00:52:04,3026.391133,0.843250,0.625890,0.925188,0.638067,103,3,336
2026/02/05/00:52:05,3027.391686,0.843250,0.625890,0.925188,0.638067,103,3,336
2026/02/05/00:52:06,3028.653560,0.843250,0.625890,0.925188,0.638067,103,3,336
2026/02/05/00:52:07,3029.654352,0.925188,0.638067,0.925188,0.638067,106,0,340
2026/02/05/00:52:08,3030.655144,0.925188,0.638067,0.925188,0.638067,106,0,340
2026/02/05/00:52:09,3031.655864,0.925188,0.638067,0.925188,0.638067,106,0,340
2026/02/05/00:52:10,3032.656585,0.925188,0.638067,0.925188,0.638067,106,0,340
2026/02/05/00:52:11,3033.657412,0.925188,0.638067,0.925188,0.638067,106,0,340
2026/02/05/00:52:12,3034.658042,0.925188,0.638067,0.925188,0.638067,106,0,340
2026/02/05/00:52:13,3035.658830,0.925188,0.638067,0.925188,0.638067,106,0,340
2026/02/05/00:52:14,3036.659607,0.925188,0.638067,0.925188,0.638067,106,0,340
2026/02/05/00:52:15,3037.660264,0.925188,0.638067,0.925188,0.638067,106,0,340
2026/02/05/00:52:16,3038.661735,0.925188,0.638067,0.925188,0.638067,106,0,340
2026/02/05/00:52:17,3039.662492,0.925188,0.638067,0.925188,0.638067,106,0,340
2026/02/05/00:52:18,3040.663356,0.925188,0.638067,0.925188,0.638067,106,0,340
2026/02/05/00:52:19,3041.664093,0.925188,0.638067,0.925188,0.638067,106,0,340
2026/02/05/00:52:20,3042.664787,0.925188,0.638067,0.925188,0.638067,106,0,340
2026/02/05/00:52:21,3043.665708,0.925188,0.638067,0.925188,0.638067,106,0,340
2026/02/05/00:52:22,3044.666390,0.925188,0.638067,0.925188,0.638067,106,0,340
2026/02/05/00:52:23,3045.667204,0.925188,0.638067,0.925188,0.638067,106,0,340
2026/02/05/00:52:24,3046.668166,0.925188,0.638067,0.925188,0.638067,106,0,340
2026/02/05/00:52:25,3047.669078,0.940813,0.663365,0.967562,0.667276,110,1,340
2026/02/05/00:52:26,3048.670075,0.940813,0.663365,0.967562,0.667276,110,1,340
2026/02/05/00:52:27,3049.670991,0.940813,0.663365,0.967562,0.667276,110,1,340
2026/02/05/00:52:28,3050.671793,0.931688,0.646907,0.958438,0.650818,108,1,342
2026/02/05/00:52:29,3051.672530,0.931688,0.646907,0.958438,0.650818,108,1,342
2026/02/05/00:52:30,3052.673282,0.931688,0.646907,0.958438,0.650818,108,1,342
2026/02/05/00:52:31,3053.674163,0.925188,0.638067,0.951937,0.641978,106,1,344
2026/02/05/00:52:32,3054.674991,0.925188,0.638067,0.951937,0.641978,106,1,344
2026/02/05/00:52:33,3055.675760,0.925188,0.638067,0.951937,0.641978,106,1,344
2026/02/05/00:52:34,3056.676768,0.925188,0.638067,0.951937,0.641978,106,1,344
2026/02/05/00:52:35,3057.677591,0.925188,0.638067,0.951937,0.641978,106,1,344
2026/02/05/00:52:36,3058.678309,0.925188,0.638067,0.951937,0.641978,106,1,344
2026/02/05/00:52:37,3059.679102,0.925188,0.638067,0.951937,0.641978,106,1,344
2026/02/05/00:52:38,3060.679765,0.925188,0.638067,0.951937,0.641978,106,1,344
2026/02/05/00:52:39,3061.680602,0.925188,0.638067,0.951937,0.641978,106,1,344
2026/02/05/00:52:40,3062.681427,0.925188,0.638067,0.951937,0.641978,106,1,344
2026/02/05/00:52:41,3063.682128,0.925188,0.638067,0.951937,0.641978,106,1,344
2026/02/05/00:52:42,3064.682826,0.925188,0.638067,0.951937,0.641978,106,1,344
2026/02/05/00:52:43,3065.683694,0.925188,0.638067,0.951937,0.641978,106,1,344
2026/02/05/00:52:44,3066.684450,0.925188,0.638067,0.951937,0.641978,106,1,344
2026/02/05/00:52:45,3067.685027,0.925188,0.638067,0.951937,0.641978,106,1,344
2026/02/05/00:52:46,3068.685810,0.925188,0.638067,0.951937,0.641978,106,1,344
2026/02/05/00:52:47,3069.686594,0.925188,0.638067,0.951937,0.641978,106,1,344
2026/02/05/00:52:48,3070.687407,0.925188,0.638067,0.951937,0.641978,106,1,344
2026/02/05/00:52:49,3071.688128,0.925188,0.638067,0.951937,0.641978,106,1,344
2026/02/05/00:52:50,3072.689131,0.925188,0.638067,0.951937,0.641978,106,1,344
2026/02/05/00:52:51,3073.689847,0.925188,0.638067,0.951937,0.641978,106,1,344
2026/02/05/00:52:52,3074.750130,0.925188,0.638067,0.951937,0.641978,106,1,344
2026/02/05/00:52:53,3075.750971,0.925188,0.638067,0.951937,0.641978,106,1,344
2026/02/05/00:52:55,3077.940127,0.925188,0.638067,0.951937,0.641978,106,1,344
2026/02/05/00:52:57,3080.042737,0.925188,0.638067,0.951937,0.641978,106,1,344
2026/02/05/00:52:59,3081.653867,0.925188,0.638067,0.951937,0.641978,106,1,344
2026/02/05/00:53:00,3082.654585,0.951937,0.641978,0.951937,0.641978,107,0,348
2026/02/05/00:53:01,3083.655157,0.951937,0.641978,0.951937,0.641978,107,0,348
2026/02/05/00:53:02,3084.655930,0.951937,0.641978,0.951937,0.641978,107,0,348
2026/02/05/00:53:03,3085.656599,0.951937,0.641978,0.951937,0.641978,107,0,348
2026/02/05/00:53:04,3086.657366,0.951937,0.641978,0.951937,0.641978,107,0,348
2026/02/05/00:53:05,3087.658209,0.951937,0.641978,0.951937,0.641978,107,0,348
2026/02/05/00:53:06,3088.659023,0.951937,0.641978,0.951937,0.641978,107,0,348
2026/02/05/00:53:07,3089.659818,0.951937,0.641978,0.951937,0.641978,107,0,348
2026/02/05/00:53:08,3090.660640,0.951937,0.641978,0.951937,0.641978,107,0,348
2026/02/05/00:53:09,3091.661376,0.951937,0.641978,0.951937,0.641978,107,0,348
2026/02/05/00:53:10,3092.662201,0.951937,0.641978,0.951937,0.641978,107,0,348
2026/02/05/00:53:11,3093.662938,0.951937,0.641978,0.951937,0.641978,107,0,348
2026/02/05/00:53:12,3094.663815,0.951937,0.641978,0.951937,0.641978,107,0,348
2026/02/05/00:53:13,3095.664524,0.951937,0.641978,0.951937,0.641978,107,0,348
2026/02/05/00:53:14,3096.665473,0.951937,0.641978,0.951937,0.641978,107,0,348
2026/02/05/00:53:15,3097.666261,0.951937,0.641978,0.951937,0.641978,107,0,348
2026/02/05/00:53:16,3098.667068,0.951937,0.641978,0.951937,0.641978,107,0,348
2026/02/05/00:53:17,3099.667931,0.951937,0.641978,0.951937,0.641978,107,0,348
2026/02/05/00:53:18,3100.668840,0.951937,0.641978,0.951937,0.641978,107,0,348
2026/02/05/00:53:19,3101.669563,0.951937,0.641978,0.951937,0.641978,107,0,348
2026/02/05/00:53:20,3102.670402,0.951937,0.641978,0.951937,0.641978,107,0,348
2026/02/05/00:53:21,3103.671220,0.958250,0.655829,0.964562,0.669680,108,1,348
2026/02/05/00:53:22,3104.672084,0.958250,0.655829,0.964562,0.669680,108,1,348
2026/02/05/00:53:23,3105.673004,0.958250,0.655829,0.964562,0.669680,108,1,348
2026/02/05/00:53:24,3106.673761,0.958250,0.655829,0.964562,0.669680,108,1,348
2026/02/05/00:53:25,3107.674498,0.958250,0.655829,0.964562,0.669680,108,1,348
2026/02/05/00:53:26,3108.675454,0.958250,0.655829,0.964562,0.669680,108,1,348
2026/02/05/00:53:27,3109.676134,0.958250,0.655829,0.964562,0.669680,108,1,348
2026/02/05/00:53:28,3110.676822,0.958250,0.655829,0.964562,0.669680,108,1,348
2026/02/05/00:53:29,3111.677799,0.958250,0.655829,0.964562,0.669680,108,1,348
2026/02/05/00:53:30,3112.678622,0.958250,0.655829,0.964562,0.669680,108,1,348
2026/02/05/00:53:31,3113.679420,0.958250,0.655829,0.964562,0.669680,108,1,348
2026/02/05/00:53:32,3114.680257,0.958250,0.655829,0.964562,0.669680,108,1,348
2026/02/05/00:53:33,3115.681033,0.958250,0.655829,0.964562,0.669680,108,1,348
2026/02/05/00:53:34,3116.681956,0.958250,0.655829,0.964562,0.669680,108,1,348
2026/02/05/00:53:35,3117.682964,0.958250,0.655829,0.964562,0.669680,108,1,348
2026/02/05/00:53:36,3118.683842,0.958250,0.655829,0.964562,0.669680,108,1,348
2026/02/05/00:53:37,3119.684834,0.958250,0.655829,0.964562,0.669680,108,1,348
2026/02/05/00:53:38,3120.685678,0.958250,0.655829,0.964562,0.669680,108,1,348
2026/02/05/00:53:39,3121.686679,0.958250,0.655829,0.964562,0.669680,108,1,348
2026/02/05/00:53:40,3122.749105,0.958250,0.655829,0.964562,0.669680,108,1,348
2026/02/05/00:53:41,3123.818027,0.958250,0.655829,0.964562,0.669680,108,1,348
2026/02/05/00:53:42,3124.818759,0.964562,0.669680,0.964562,0.669680,109,0,349
2026/02/05/00:53:43,3125.819546,0.964562,0.669680,0.964562,0.669680,109,0,349
2026/02/05/00:53:44,3126.820295,0.964562,0.669680,0.964562,0.669680,109,0,349
2026/02/05/00:53:45,3127.821054,0.964562,0.669680,0.964562,0.669680,109,0,349
2026/02/05/00:53:46,3128.821620,0.964562,0.669680,0.964562,0.669680,109,0,349
2026/02/05/00:53:47,3129.822361,0.964562,0.669680,0.964562,0.669680,109,0,349
2026/02/05/00:53:48,3130.823097,0.964562,0.669680,0.964562,0.669680,109,0,349
2026/02/05/00:53:49,3131.823830,0.964562,0.669680,0.964562,0.669680,109,0,349
2026/02/05/00:53:50,3132.824593,0.964562,0.669680,0.964562,0.669680,109,0,349
2026/02/05/00:53:51,3133.825508,0.964562,0.669680,0.964562,0.669680,109,0,349
2026/02/05/00:53:52,3134.826221,0.964562,0.669680,0.964562,0.669680,109,0,349
2026/02/05/00:53:53,3135.827363,0.951937,0.641978,0.951937,0.641978,107,0,351
2026/02/05/00:53:54,3136.828103,0.951937,0.641978,0.951937,0.641978,107,0,351
2026/02/05/00:53:55,3137.829039,0.951937,0.641978,0.951937,0.641978,107,0,351
2026/02/05/00:53:56,3138.829713,0.965125,0.672338,0.965125,0.672338,110,0,351
2026/02/05/00:53:57,3139.830698,0.965125,0.672338,0.995125,0.682756,110,2,351
2026/02/05/00:53:58,3140.841923,0.965125,0.672338,0.995125,0.682756,110,2,351
2026/02/05/00:53:59,3141.842832,0.965125,0.672338,0.995125,0.682756,110,2,351
2026/02/05/00:54:00,3142.843439,0.965125,0.672338,0.995125,0.682756,110,2,351
2026/02/05/00:54:01,3143.844218,0.965125,0.672338,0.995125,0.682756,110,2,351
2026/02/05/00:54:02,3144.844938,0.965125,0.672338,0.995125,0.682756,110,2,351
2026/02/05/00:54:03,3145.846004,0.965125,0.672338,0.995125,0.682756,110,2,351
2026/02/05/00:54:04,3146.846846,0.965125,0.672338,0.995125,0.682756,110,2,351
2026/02/05/00:54:05,3147.847592,0.965125,0.672338,0.995125,0.682756,110,2,351
2026/02/05/00:54:06,3148.848391,0.965125,0.672338,0.995125,0.682756,110,2,351
2026/02/05/00:54:07,3149.849154,0.965125,0.672338,0.995125,0.682756,110,2,351
2026/02/05/00:54:08,3150.849854,0.965125,0.672338,0.995125,0.682756,110,2,351
2026/02/05/00:54:09,3151.850902,0.965125,0.672338,0.995125,0.682756,110,2,351
2026/02/05/00:54:10,3152.851730,0.965125,0.672338,0.995125,0.682756,110,2,351
2026/02/05/00:54:11,3153.852379,0.965125,0.672338,0.965125,0.672338,110,0,351
2026/02/05/00:54:12,3154.853315,0.965125,0.672338,0.965125,0.672338,110,0,351
2026/02/05/00:54:13,3155.854061,0.965125,0.672338,0.965125,0.672338,110,0,351
2026/02/05/00:54:14,3156.854811,0.965125,0.672338,0.965125,0.672338,110,0,351
2026/02/05/00:54:15,3157.855431,0.965125,0.672338,0.965125,0.672338,110,0,351
2026/02/05/00:54:16,3158.856088,0.956375,0.650957,0.956375,0.650957,108,0,353
2026/02/05/00:54:17,3159.856869,0.956375,0.650957,0.956375,0.650957,108,0,353
2026/02/05/00:54:18,3160.857610,0.956375,0.650957,0.956375,0.650957,108,0,353
2026/02/05/00:54:19,3161.858458,0.956375,0.650957,0.956375,0.650957,108,0,353
2026/02/05/00:54:20,3162.859298,0.956375,0.650957,0.956375,0.650957,108,0,353
2026/02/05/00:54:21,3163.860016,0.956375,0.650957,0.956375,0.650957,108,0,353
2026/02/05/00:54:22,3164.860913,0.956375,0.650957,0.956375,0.650957,108,0,353
2026/02/05/00:54:23,3165.861849,0.956375,0.650957,0.956375,0.650957,108,0,353
2026/02/05/00:54:24,3166.862633,0.956375,0.650957,0.956375,0.650957,108,0,353
2026/02/05/00:54:25,3167.863296,0.951937,0.641978,0.951937,0.641978,107,0,354
2026/02/05/00:54:26,3168.864096,0.951937,0.641978,0.951937,0.641978,107,0,354
2026/02/05/00:54:27,3169.864982,0.951937,0.641978,0.951937,0.641978,107,0,354
2026/02/05/00:54:28,3170.865847,0.951937,0.641978,0.951937,0.641978,107,0,354
2026/02/05/00:54:29,3171.866822,0.951937,0.641978,0.951937,0.641978,107,0,354
2026/02/05/00:54:30,3172.867701,0.951937,0.641978,0.951937,0.641978,107,0,354
2026/02/05/00:54:31,3173.868664,0.951937,0.641978,0.951937,0.641978,107,0,354
2026/02/05/00:54:32,3174.869653,0.951937,0.641978,0.951937,0.641978,107,0,354
2026/02/05/00:54:33,3175.870520,0.951937,0.641978,0.951937,0.641978,107,0,354
2026/02/05/00:54:34,3176.871397,0.951937,0.641978,0.951937,0.641978,107,0,354
2026/02/05/00:54:35,3177.872147,0.951937,0.641978,0.951937,0.641978,107,0,354
2026/02/05/00:54:36,3178.873153,0.951937,0.641978,0.951937,0.641978,107,0,354
2026/02/05/00:54:37,3179.873926,0.951937,0.641978,0.951937,0.641978,107,0,354
2026/02/05/00:54:38,3180.874809,0.951937,0.641978,0.951937,0.641978,107,0,354
2026/02/05/00:54:39,3181.875497,0.951937,0.641978,0.951937,0.641978,107,0,354
2026/02/05/00:54:40,3182.876375,0.951937,0.641978,0.951937,0.641978,107,0,354
2026/02/05/00:54:41,3183.877121,0.951937,0.641978,0.951937,0.641978,107,0,354
2026/02/05/00:54:42,3184.878027,0.951937,0.641978,0.951937,0.641978,107,0,354
2026/02/05/00:54:43,3185.878804,0.951937,0.641978,0.951937,0.641978,107,0,354
2026/02/05/00:54:44,3186.879657,0.951937,0.641978,0.951937,0.641978,107,0,354
2026/02/05/00:54:45,3187.880641,0.951937,0.641978,0.951937,0.641978,107,0,354
2026/02/05/00:54:46,3188.881512,0.951937,0.641978,0.951937,0.641978,107,0,354
2026/02/05/00:54:47,3189.882449,0.951937,0.641978,0.951937,0.641978,107,0,354
2026/02/05/00:54:48,3190.883171,0.951937,0.641978,0.951937,0.641978,107,0,354
2026/02/05/00:54:49,3191.883922,0.951937,0.641978,0.951937,0.641978,107,0,354
2026/02/05/00:54:50,3192.884856,0.951937,0.641978,0.951937,0.641978,107,0,354
2026/02/05/00:54:51,3193.885532,0.951937,0.641978,0.951937,0.641978,107,0,354
2026/02/05/00:54:52,3194.886374,0.951937,0.641978,0.951937,0.641978,107,0,354
2026/02/05/00:54:53,3195.887243,0.951937,0.641978,0.951937,0.641978,107,0,354
2026/02/05/00:54:54,3196.888070,0.951937,0.641978,0.951937,0.641978,107,0,354
2026/02/05/00:54:55,3197.888860,0.951937,0.641978,0.951937,0.641978,107,0,354
2026/02/05/00:54:56,3198.889692,0.951937,0.641978,0.951937,0.641978,107,0,354
2026/02/05/00:54:57,3199.890647,0.951937,0.641978,0.951937,0.641978,107,0,354
2026/02/05/00:54:58,3200.891465,0.951937,0.641978,0.951937,0.641978,107,0,354
2026/02/05/00:54:59,3201.892263,0.951937,0.641978,0.951937,0.641978,107,0,354
2026/02/05/00:55:00,3202.893084,0.951937,0.641978,0.951937,0.641978,107,0,354
2026/02/05/00:55:01,3203.893832,0.951937,0.641978,0.951937,0.641978,107,0,354
2026/02/05/00:55:02,3204.894852,0.951937,0.641978,0.951937,0.641978,107,0,354
2026/02/05/00:55:03,3205.895621,0.951937,0.641978,0.951937,0.641978,107,0,354
2026/02/05/00:55:04,3206.896528,0.951937,0.641978,0.951937,0.641978,107,0,354
2026/02/05/00:55:05,3207.897256,0.951937,0.641978,0.951937,0.641978,107,0,354
2026/02/05/00:55:06,3208.898080,0.951937,0.641978,0.951937,0.641978,107,0,354
2026/02/05/00:55:07,3209.899050,0.951937,0.641978,0.951937,0.641978,107,0,354
2026/02/05/00:55:08,3210.899855,0.951937,0.641978,0.951937,0.641978,107,0,354
2026/02/05/00:55:09,3211.900790,0.951937,0.641978,0.951937,0.641978,107,0,354
2026/02/05/00:55:10,3212.901658,0.951937,0.641978,0.951937,0.641978,107,0,354
2026/02/05/00:55:11,3213.902595,0.951937,0.641978,0.951937,0.641978,107,0,354
2026/02/05/00:55:12,3214.903301,0.951937,0.641978,0.951937,0.641978,107,0,354
2026/02/05/00:55:13,3215.904171,0.951937,0.641978,0.951937,0.641978,107,0,354
2026/02/05/00:55:14,3216.904963,0.951937,0.641978,0.951937,0.641978,107,0,354
2026/02/05/00:55:15,3217.906024,0.951937,0.641978,0.951937,0.641978,107,0,354
2026/02/05/00:55:16,3218.907154,0.951937,0.641978,0.951937,0.641978,107,0,354
2026/02/05/00:55:17,3219.908046,0.951937,0.641978,0.951937,0.641978,107,0,354
2026/02/05/00:55:18,3220.908870,0.951937,0.641978,0.951937,0.641978,107,0,354
2026/02/05/00:55:19,3221.909674,0.951937,0.641978,0.951937,0.641978,107,0,354
2026/02/05/00:55:20,3222.910657,0.951937,0.641978,0.951937,0.641978,107,0,354
2026/02/05/00:55:21,3223.911520,0.951937,0.641978,0.951937,0.641978,107,0,354
2026/02/05/00:55:22,3224.912520,0.951937,0.641978,0.951937,0.641978,107,0,354
2026/02/05/00:55:23,3225.913453,0.951937,0.641978,0.951937,0.641978,107,0,354
2026/02/05/00:55:24,3226.914350,0.951937,0.641978,0.951937,0.641978,107,0,354
2026/02/05/00:55:25,3227.915266,0.951937,0.641978,0.951937,0.641978,107,0,354
2026/02/05/00:55:26,3228.916078,0.951937,0.641978,0.951937,0.641978,107,0,354
2026/02/05/00:55:27,3229.916897,0.951937,0.641978,0.951937,0.641978,107,0,354
2026/02/05/00:55:28,3230.917758,0.951937,0.641978,0.951937,0.641978,107,0,354
2026/02/05/00:55:29,3231.918685,0.951937,0.641978,0.951937,0.641978,107,0,354
2026/02/05/00:55:30,3232.919612,0.951937,0.641978,0.951937,0.641978,107,0,354
2026/02/05/00:55:31,3233.920409,0.951937,0.641978,0.951937,0.641978,107,0,354
2026/02/05/00:55:32,3234.921234,0.951937,0.641978,0.951937,0.641978,107,0,354
2026/02/05/00:55:33,3235.922252,0.951937,0.641978,0.951937,0.641978,107,0,354
2026/02/05/00:55:34,3236.923125,0.951937,0.641978,0.951937,0.641978,107,0,354
2026/02/05/00:55:35,3237.923955,0.951937,0.641978,0.951937,0.641978,107,0,354
2026/02/05/00:55:36,3238.925008,0.951937,0.641978,0.951937,0.641978,107,0,354
2026/02/05/00:55:37,3239.925992,0.951937,0.641978,0.951937,0.641978,107,0,354
2026/02/05/00:55:38,3240.926877,0.951937,0.641978,0.951937,0.641978,107,0,354
2026/02/05/00:55:39,3241.927839,0.951937,0.641978,0.951937,0.641978,107,0,354
2026/02/05/00:55:40,3242.928922,0.951937,0.641978,0.951937,0.641978,107,0,354
2026/02/05/00:55:41,3243.929942,0.951937,0.641978,0.951937,0.641978,107,0,354
2026/02/05/00:55:42,3244.930860,0.951937,0.641978,0.951937,0.641978,107,0,354
2026/02/05/00:55:43,3245.931675,0.951937,0.641978,0.951937,0.641978,107,0,354
2026/02/05/00:55:44,3246.932547,0.951937,0.641978,0.951937,0.641978,107,0,354
2026/02/05/00:55:45,3247.933422,0.951937,0.641978,0.951937,0.641978,107,0,354
2026/02/05/00:55:46,3248.934261,0.951937,0.641978,0.951937,0.641978,107,0,354
2026/02/05/00:55:47,3249.935294,0.951937,0.641978,0.951937,0.641978,107,0,354
2026/02/05/00:55:48,3250.936181,0.951937,0.641978,0.951937,0.641978,107,0,354
2026/02/05/00:55:49,3251.937100,0.951937,0.641978,0.951937,0.641978,107,0,354
2026/02/05/00:55:50,3252.937857,0.951937,0.641978,0.951937,0.641978,107,0,354
2026/02/05/00:55:51,3253.938893,0.951937,0.641978,0.951937,0.641978,107,0,354
2026/02/05/00:55:52,3254.939676,0.951937,0.641978,0.951937,0.641978,107,0,354
2026/02/05/00:55:53,3255.940663,0.951937,0.641978,0.951937,0.641978,107,0,354
2026/02/05/00:55:54,3256.941513,0.951937,0.641978,0.951937,0.641978,107,0,354
2026/02/05/00:55:55,3257.942331,0.951937,0.641978,0.951937,0.641978,107,0,354
2026/02/05/00:55:56,3258.943106,0.951937,0.641978,0.951937,0.641978,107,0,354
2026/02/05/00:55:57,3259.943964,0.951937,0.641978,0.951937,0.641978,107,0,354
2026/02/05/00:55:58,3260.944858,0.951937,0.641978,0.951937,0.641978,107,0,354
2026/02/05/00:55:59,3261.945787,0.951937,0.641978,0.951937,0.641978,107,0,354
2026/02/05/00:56:00,3262.946750,0.951937,0.641978,0.951937,0.641978,107,0,354
2026/02/05/00:56:01,3263.947536,0.951937,0.641978,0.951937,0.641978,107,0,354
2026/02/05/00:56:02,3264.948457,0.951937,0.641978,0.951937,0.641978,107,0,354
2026/02/05/00:56:03,3265.949323,0.951937,0.641978,0.951937,0.641978,107,0,354
2026/02/05/00:56:04,3266.950193,0.951937,0.641978,0.951937,0.641978,107,0,354
2026/02/05/00:56:05,3267.951020,0.951937,0.641978,0.951937,0.641978,107,0,354
2026/02/05/00:56:06,3268.951723,0.951937,0.641978,0.951937,0.641978,107,0,354
2026/02/05/00:56:07,3269.952842,0.951937,0.641978,0.951937,0.641978,107,0,354
2026/02/05/00:56:08,3270.953835,0.951937,0.641978,0.951937,0.641978,107,0,354
2026/02/05/00:56:09,3271.954457,0.951937,0.641978,0.951937,0.641978,107,0,354
2026/02/05/00:56:10,3272.955202,0.951937,0.641978,0.951937,0.641978,107,0,354
2026/02/05/00:56:11,3273.956184,0.951937,0.641978,0.951937,0.641978,107,0,354
2026/02/05/00:56:12,3274.957107,0.951937,0.641978,0.951937,0.641978,107,0,354
2026/02/05/00:56:13,3275.957846,0.951937,0.641978,0.951937,0.641978,107,0,354
2026/02/05/00:56:14,3276.958875,0.951937,0.641978,0.951937,0.641978,107,0,354
2026/02/05/00:56:15,3277.959709,0.951937,0.641978,0.951937,0.641978,107,0,354
2026/02/05/00:56:16,3278.960552,0.951937,0.641978,0.951937,0.641978,107,0,354
2026/02/05/00:56:17,3279.961427,0.951937,0.641978,0.951937,0.641978,107,0,354
2026/02/05/00:56:18,3280.962247,0.951937,0.641978,0.951937,0.641978,107,0,354
2026/02/05/00:56:19,3281.963093,0.951937,0.641978,0.951937,0.641978,107,0,354
2026/02/05/00:56:20,3282.964203,0.951937,0.641978,0.951937,0.641978,107,0,354
2026/02/05/00:56:21,3283.965081,0.951937,0.641978,0.951937,0.641978,107,0,354
2026/02/05/00:56:22,3284.965954,0.951937,0.641978,0.951937,0.641978,107,0,354
2026/02/05/00:56:23,3285.966646,0.951937,0.641978,0.951937,0.641978,107,0,354
2026/02/05/00:56:24,3286.967420,0.951937,0.641978,0.951937,0.641978,107,0,354
2026/02/05/00:56:25,3287.968395,0.951937,0.641978,0.951937,0.641978,107,0,354
2026/02/05/00:56:26,3288.969266,0.951937,0.641978,0.951937,0.641978,107,0,354
2026/02/05/00:56:27,3289.970091,0.951937,0.641978,0.951937,0.641978,107,0,354
2026/02/05/00:56:28,3290.970865,0.951937,0.641978,0.951937,0.641978,107,0,354
2026/02/05/00:56:29,3291.971720,0.951937,0.641978,0.951937,0.641978,107,0,354
2026/02/05/00:56:30,3292.972507,0.951937,0.641978,0.951937,0.641978,107,0,354
2026/02/05/00:56:31,3293.973480,0.951937,0.641978,0.951937,0.641978,107,0,354
2026/02/05/00:56:32,3294.974507,0.951937,0.641978,0.951937,0.641978,107,0,354
2026/02/05/00:56:33,3295.975291,0.951937,0.641978,0.951937,0.641978,107,0,354
2026/02/05/00:56:34,3296.976167,0.951937,0.641978,0.951937,0.641978,107,0,354
2026/02/05/00:56:35,3297.977120,0.951937,0.641978,0.951937,0.641978,107,0,354
2026/02/05/00:56:36,3298.977931,0.951937,0.641978,0.951937,0.641978,107,0,354
2026/02/05/00:56:37,3299.978860,0.951937,0.641978,0.951937,0.641978,107,0,354
2026/02/05/00:56:38,3300.979853,0.951937,0.641978,0.951937,0.641978,107,0,354
2026/02/05/00:56:39,3301.980659,0.951937,0.641978,0.951937,0.641978,107,0,354
2026/02/05/00:56:40,3302.981519,0.951937,0.641978,0.951937,0.641978,107,0,354
2026/02/05/00:56:41,3303.982502,0.951937,0.641978,0.951937,0.641978,107,0,354
2026/02/05/00:56:42,3304.983427,0.951937,0.641978,0.951937,0.641978,107,0,354
2026/02/05/00:56:43,3305.984321,0.951937,0.641978,0.951937,0.641978,107,0,354
2026/02/05/00:56:44,3306.985136,0.951937,0.641978,0.951937,0.641978,107,0,354
2026/02/05/00:56:45,3307.985847,0.951937,0.641978,0.951937,0.641978,107,0,354
2026/02/05/00:56:46,3308.986626,0.951937,0.641978,0.951937,0.641978,107,0,354
2026/02/05/00:56:47,3309.987594,0.951937,0.641978,0.951937,0.641978,107,0,354
2026/02/05/00:56:48,3310.988549,0.951937,0.641978,0.951937,0.641978,107,0,354
2026/02/05/00:56:49,3311.989536,0.951937,0.641978,0.951937,0.641978,107,0,354
2026/02/05/00:56:50,3312.990350,0.951937,0.641978,0.951937,0.641978,107,0,354
2026/02/05/00:56:51,3313.991250,0.951937,0.641978,0.951937,0.641978,107,0,354
2026/02/05/00:56:52,3314.992132,0.951937,0.641978,0.951937,0.641978,107,0,354
2026/02/05/00:56:53,3315.992945,0.943562,0.621836,0.943562,0.621836,105,0,356
2026/02/05/00:56:54,3316.993818,0.943562,0.621836,0.943562,0.621836,105,0,356
2026/02/05/00:56:55,3317.994719,0.943562,0.621836,0.943562,0.621836,105,0,356
2026/02/05/00:56:56,3318.995558,0.943562,0.621836,0.943562,0.621836,105,0,356
2026/02/05/00:56:57,3319.996440,0.943562,0.621836,0.943562,0.621836,105,0,356
2026/02/05/00:56:58,3320.997287,0.943562,0.621836,0.943562,0.621836,105,0,356
2026/02/05/00:56:59,3321.998232,0.943562,0.621836,0.943562,0.621836,105,0,356
2026/02/05/00:57:00,3322.999162,0.943562,0.621836,0.943562,0.621836,105,0,356
2026/02/05/00:57:01,3323.999970,0.943562,0.621836,0.943562,0.621836,105,0,356
2026/02/05/00:57:02,3325.000873,0.943562,0.621836,0.943562,0.621836,105,0,356
2026/02/05/00:57:03,3326.001733,0.943562,0.621836,0.943562,0.621836,105,0,356
2026/02/05/00:57:04,3327.002716,0.943562,0.621836,0.943562,0.621836,105,0,356
2026/02/05/00:57:05,3328.003548,0.943562,0.621836,0.943562,0.621836,105,0,356
2026/02/05/00:57:06,3329.004582,0.943562,0.621836,0.943562,0.621836,105,0,356
2026/02/05/00:57:07,3330.005509,0.943562,0.621836,0.943562,0.621836,105,0,356
2026/02/05/00:57:08,3331.006227,0.943562,0.621836,0.943562,0.621836,105,0,356
2026/02/05/00:57:09,3332.007142,0.943562,0.621836,0.943562,0.621836,105,0,356
2026/02/05/00:57:10,3333.008080,0.943562,0.621836,0.943562,0.621836,105,0,356
2026/02/05/00:57:11,3334.009047,0.943562,0.621836,0.943562,0.621836,105,0,356
2026/02/05/00:57:12,3335.009878,0.943562,0.621836,0.943562,0.621836,105,0,356
2026/02/05/00:57:13,3336.011029,0.943562,0.621836,0.943562,0.621836,105,0,356
2026/02/05/00:57:14,3337.011985,0.943562,0.621836,0.943562,0.621836,105,0,356
2026/02/05/00:57:15,3338.012988,0.943562,0.621836,0.943562,0.621836,105,0,356
2026/02/05/00:57:16,3339.013723,0.952000,0.638579,0.984437,0.651422,106,3,356
2026/02/05/00:57:17,3340.014707,0.952000,0.638579,0.992062,0.665281,106,4,356
2026/02/05/00:57:18,3341.015581,0.971000,0.666369,1.041438,0.711733,110,7,356
2026/02/05/00:57:19,3342.016510,0.971000,0.666369,1.017937,0.705306,110,5,356
2026/02/05/00:57:20,3343.017246,0.961250,0.648501,1.008188,0.687439,108,5,358
2026/02/05/00:57:21,3344.018089,0.961250,0.648501,1.008188,0.687439,108,5,358
2026/02/05/00:57:22,3345.018831,0.961250,0.648501,1.008188,0.687439,108,5,358
2026/02/05/00:57:23,3346.019758,0.961250,0.648501,1.000563,0.673580,108,4,358
2026/02/05/00:57:24,3347.020763,0.962938,0.637979,0.992125,0.656837,108,3,359
2026/02/05/00:57:25,3348.021717,0.962938,0.637979,0.992125,0.656837,108,3,359
2026/02/05/00:57:26,3349.022544,0.962938,0.637979,0.992125,0.656837,108,3,359
2026/02/05/00:57:27,3350.023196,0.962938,0.637979,0.992125,0.656837,108,3,359
2026/02/05/00:57:28,3351.024132,0.962938,0.637979,0.992125,0.656837,108,3,359
2026/02/05/00:57:29,3352.025098,0.962938,0.637979,0.992125,0.656837,108,3,359
2026/02/05/00:57:30,3353.026106,0.953688,0.628057,0.982875,0.646915,106,3,361
2026/02/05/00:57:31,3354.027055,0.953688,0.628057,0.982875,0.646915,106,3,361
2026/02/05/00:57:32,3355.027932,0.953688,0.628057,0.982875,0.646915,106,3,361
2026/02/05/00:57:33,3356.028916,0.953688,0.628057,0.982875,0.646915,106,3,361
2026/02/05/00:57:34,3357.029973,0.953688,0.628057,0.982875,0.646915,106,3,361
2026/02/05/00:57:35,3358.030945,0.953688,0.628057,0.982875,0.646915,106,3,361
2026/02/05/00:57:36,3359.031691,0.900937,0.634738,0.900937,0.634738,106,0,364
2026/02/05/00:57:37,3360.032572,0.900937,0.634738,0.900937,0.634738,106,0,364
2026/02/05/00:57:38,3361.033379,0.900937,0.634738,0.900937,0.634738,106,0,364
2026/02/05/00:57:39,3362.034112,0.900937,0.634738,0.900937,0.634738,106,0,364
2026/02/05/00:57:40,3363.035086,0.900937,0.634738,0.900937,0.634738,106,0,364
2026/02/05/00:57:41,3364.036295,0.900937,0.634738,0.900937,0.634738,106,0,364
2026/02/05/00:57:42,3365.037277,0.900937,0.634738,0.900937,0.634738,106,0,364
2026/02/05/00:57:43,3366.038026,0.900937,0.634738,0.900937,0.634738,106,0,364
2026/02/05/00:57:44,3367.038852,0.900937,0.634738,0.900937,0.634738,106,0,364
2026/02/05/00:57:45,3368.039615,0.900937,0.634738,0.900937,0.634738,106,0,364
2026/02/05/00:57:46,3369.040313,0.900937,0.634738,0.900937,0.634738,106,0,364
2026/02/05/00:57:47,3370.041214,0.900937,0.634738,0.900937,0.634738,106,0,364
2026/02/05/00:57:48,3371.042193,0.900937,0.634738,0.900937,0.634738,106,0,364
2026/02/05/00:57:49,3372.043210,0.900937,0.634738,0.900937,0.634738,106,0,364
2026/02/05/00:57:50,3373.044007,0.900937,0.634738,0.900937,0.634738,106,0,364
2026/02/05/00:57:51,3374.044941,0.900937,0.634738,0.900937,0.634738,106,0,364
2026/02/05/00:57:52,3375.045725,0.900937,0.634738,0.900937,0.634738,106,0,364
2026/02/05/00:57:53,3376.046647,0.900937,0.634738,0.900937,0.634738,106,0,364
2026/02/05/00:57:54,3377.047399,0.900937,0.634738,0.900937,0.634738,106,0,364
2026/02/05/00:57:55,3378.048142,0.900937,0.634738,0.900937,0.634738,106,0,364
2026/02/05/00:57:56,3379.049227,0.900937,0.634738,0.900937,0.634738,106,0,364
2026/02/05/00:57:57,3380.050158,0.900937,0.634738,0.900937,0.634738,106,0,364
2026/02/05/00:57:58,3381.051121,0.892000,0.628322,0.892000,0.628322,105,0,365
2026/02/05/00:57:59,3382.051989,0.892000,0.628322,0.892000,0.628322,105,0,365
2026/02/05/00:58:00,3383.052969,0.892000,0.628322,0.892000,0.628322,105,0,365
2026/02/05/00:58:01,3384.053875,0.892000,0.628322,0.892000,0.628322,105,0,365
2026/02/05/00:58:02,3385.054894,0.892000,0.628322,0.892000,0.628322,105,0,365
2026/02/05/00:58:03,3386.055732,0.892000,0.628322,0.892000,0.628322,105,0,365
2026/02/05/00:58:04,3387.056721,0.892000,0.628322,0.892000,0.628322,105,0,365
2026/02/05/00:58:05,3388.057733,0.892000,0.628322,0.892000,0.628322,105,0,365
2026/02/05/00:58:06,3389.058616,0.892000,0.628322,0.892000,0.628322,105,0,365
2026/02/05/00:58:08,3390.059556,0.892000,0.628322,0.892000,0.628322,105,0,365
2026/02/05/00:58:09,3391.060328,0.892000,0.628322,0.892000,0.628322,105,0,365
2026/02/05/00:58:10,3392.061212,0.892000,0.628322,0.892000,0.628322,105,0,365
2026/02/05/00:58:11,3393.062183,0.892000,0.628322,0.892000,0.628322,105,0,365
2026/02/05/00:58:12,3394.063065,0.892000,0.628322,0.892000,0.628322,105,0,365
2026/02/05/00:58:13,3395.063898,0.892000,0.628322,0.892000,0.628322,105,0,365
2026/02/05/00:58:14,3396.064699,0.892000,0.628322,0.892000,0.628322,105,0,365
2026/02/05/00:58:15,3397.065344,0.892000,0.628322,0.892000,0.628322,105,0,365
2026/02/05/00:58:16,3398.066026,0.892000,0.628322,0.892000,0.628322,105,0,365
2026/02/05/00:58:17,3399.066693,0.892000,0.628322,0.892000,0.628322,105,0,365
2026/02/05/00:58:18,3400.071087,0.892000,0.628322,0.892000,0.628322,105,0,365
2026/02/05/00:58:19,3401.071760,0.892000,0.628322,0.892000,0.628322,105,0,365
2026/02/05/00:58:20,3402.072808,0.892000,0.628322,0.892000,0.628322,105,0,365
2026/02/05/00:58:21,3403.073503,0.892000,0.628322,0.892000,0.628322,105,0,365
2026/02/05/00:58:22,3404.074342,0.892000,0.628322,0.892000,0.628322,105,0,365
2026/02/05/00:58:23,3405.077381,0.861625,0.609659,0.861625,0.609659,102,0,368
2026/02/05/00:58:24,3406.078152,0.861625,0.609659,0.861625,0.609659,102,0,368
2026/02/05/00:58:25,3407.078990,0.861625,0.609659,0.861625,0.609659,102,0,368
2026/02/05/00:58:26,3408.079849,0.861625,0.609659,0.861625,0.609659,102,0,368
2026/02/05/00:58:27,3409.080751,0.861625,0.609659,0.861625,0.609659,102,0,368
2026/02/05/00:58:28,3410.081554,0.861625,0.609659,0.861625,0.609659,102,0,368
2026/02/05/00:58:29,3411.082419,0.861625,0.609659,0.861625,0.609659,102,0,368
2026/02/05/00:58:30,3412.083137,0.861625,0.609659,0.861625,0.609659,102,0,368
2026/02/05/00:58:31,3413.084089,0.861625,0.609659,0.861625,0.609659,102,0,368
2026/02/05/00:58:32,3414.084969,0.861625,0.609659,0.861625,0.609659,102,0,368
2026/02/05/00:58:33,3415.085961,0.861625,0.609659,0.861625,0.609659,102,0,368
2026/02/05/00:58:34,3416.086742,0.861625,0.609659,0.861625,0.609659,102,0,368
2026/02/05/00:58:35,3417.088486,0.861625,0.609659,0.861625,0.609659,102,0,368
2026/02/05/00:58:36,3418.089277,0.861625,0.609659,0.861625,0.609659,102,0,368
2026/02/05/00:58:37,3419.090132,0.861625,0.609659,0.861625,0.609659,102,0,368
2026/02/05/00:58:38,3420.091108,0.861625,0.609659,0.861625,0.609659,102,0,368
2026/02/05/00:58:39,3421.091987,0.861625,0.609659,0.861625,0.609659,102,0,368
2026/02/05/00:58:40,3422.092760,0.861625,0.609659,0.861625,0.609659,102,0,368
2026/02/05/00:58:41,3423.093698,0.861625,0.609659,0.861625,0.609659,102,0,368
2026/02/05/00:58:42,3424.094685,0.861625,0.609659,0.861625,0.609659,102,0,368
2026/02/05/00:58:43,3425.095558,0.861625,0.609659,0.861625,0.609659,102,0,368
2026/02/05/00:58:44,3426.096371,0.861625,0.609659,0.861625,0.609659,102,0,368
2026/02/05/00:58:45,3427.097318,0.861625,0.609659,0.861625,0.609659,102,0,368
2026/02/05/00:58:46,3428.098239,0.861625,0.609659,0.861625,0.609659,102,0,368
2026/02/05/00:58:47,3429.099060,0.861625,0.609659,0.861625,0.609659,102,0,368
2026/02/05/00:58:48,3430.099972,0.861625,0.609659,0.861625,0.609659,102,0,368
2026/02/05/00:58:49,3431.100913,0.861625,0.609659,0.861625,0.609659,102,0,368
2026/02/05/00:58:50,3432.101785,0.861625,0.609659,0.861625,0.609659,102,0,368
2026/02/05/00:58:51,3433.102807,0.861625,0.609659,0.861625,0.609659,102,0,368
2026/02/05/00:58:52,3434.103689,0.861625,0.609659,0.861625,0.609659,102,0,368
2026/02/05/00:58:53,3435.104583,0.861625,0.609659,0.861625,0.609659,102,0,368
2026/02/05/00:58:54,3436.105622,0.861625,0.609659,0.861625,0.609659,102,0,368
2026/02/05/00:58:55,3437.106531,0.861625,0.609659,0.861625,0.609659,102,0,368
2026/02/05/00:58:56,3438.107382,0.858125,0.603992,0.858125,0.603992,101,0,369
2026/02/05/00:58:57,3439.108295,0.858125,0.603992,0.858125,0.603992,101,0,369
2026/02/05/00:58:58,3440.109093,0.858125,0.603992,0.858125,0.603992,101,0,369
2026/02/05/00:58:59,3441.109952,0.858125,0.603992,0.858125,0.603992,101,0,369
2026/02/05/00:59:00,3442.110881,0.858125,0.603992,0.858125,0.603992,101,0,369
2026/02/05/00:59:01,3443.111577,0.858125,0.603992,0.858125,0.603992,101,0,369
2026/02/05/00:59:02,3444.112378,0.858125,0.603992,0.858125,0.603992,101,0,369
2026/02/05/00:59:03,3445.113357,0.858125,0.603992,0.858125,0.603992,101,0,369
2026/02/05/00:59:04,3446.114220,0.858125,0.603992,0.858125,0.603992,101,0,369
2026/02/05/00:59:05,3447.115185,0.858125,0.603992,0.858125,0.603992,101,0,369
2026/02/05/00:59:06,3448.116254,0.858125,0.603992,0.858125,0.603992,101,0,369
2026/02/05/00:59:07,3449.117099,0.858125,0.603992,0.858125,0.603992,101,0,369
2026/02/05/00:59:08,3450.117948,0.858125,0.603992,0.858125,0.603992,101,0,369
2026/02/05/00:59:09,3451.118847,0.858125,0.603992,0.858125,0.603992,101,0,369
2026/02/05/00:59:10,3452.119819,0.858125,0.603992,0.858125,0.603992,101,0,369
2026/02/05/00:59:11,3453.126193,0.858125,0.603992,0.858125,0.603992,101,0,369
2026/02/05/00:59:12,3454.127064,0.858125,0.603992,0.858125,0.603992,101,0,369
2026/02/05/00:59:13,3455.127986,0.858125,0.603992,0.858125,0.603992,101,0,369
2026/02/05/00:59:14,3456.129032,0.858125,0.603992,0.858125,0.603992,101,0,369
2026/02/05/00:59:15,3457.129842,0.858125,0.603992,0.858125,0.603992,101,0,369
2026/02/05/00:59:16,3458.131313,0.858125,0.603992,0.858125,0.603992,101,0,369
2026/02/05/00:59:17,3459.132140,0.858125,0.603992,0.858125,0.603992,101,0,369
2026/02/05/00:59:18,3460.132842,0.858125,0.603992,0.858125,0.603992,101,0,369
2026/02/05/00:59:19,3461.133739,0.858125,0.603992,0.858125,0.603992,101,0,369
2026/02/05/00:59:20,3462.134763,0.858125,0.603992,0.858125,0.603992,101,0,369
2026/02/05/00:59:21,3463.135431,0.858125,0.603992,0.858125,0.603992,101,0,369
2026/02/05/00:59:22,3464.136356,0.858125,0.603992,0.858125,0.603992,101,0,369
2026/02/05/00:59:23,3465.137197,0.858125,0.603992,0.858125,0.603992,101,0,369
2026/02/05/00:59:24,3466.138068,0.858125,0.603992,0.858125,0.603992,101,0,369
2026/02/05/00:59:25,3467.139097,0.858125,0.603992,0.858125,0.603992,101,0,369
2026/02/05/00:59:26,3468.139935,0.858125,0.603992,0.858125,0.603992,101,0,369
2026/02/05/00:59:27,3469.140738,0.858125,0.603992,0.858125,0.603992,101,0,369
2026/02/05/00:59:28,3470.141740,0.858125,0.603992,0.858125,0.603992,101,0,369
2026/02/05/00:59:29,3471.142537,0.858125,0.603992,0.858125,0.603992,101,0,369
2026/02/05/00:59:30,3472.143535,0.858125,0.603992,0.858125,0.603992,101,0,369
2026/02/05/00:59:31,3473.144503,0.858125,0.603992,0.858125,0.603992,101,0,369
2026/02/05/00:59:32,3474.145534,0.858125,0.603992,0.858125,0.603992,101,0,369
2026/02/05/00:59:33,3475.146552,0.858125,0.603992,0.858125,0.603992,101,0,369
2026/02/05/00:59:34,3476.147452,0.858125,0.603992,0.858125,0.603992,101,0,369
2026/02/05/00:59:35,3477.148404,0.858125,0.603992,0.858125,0.603992,101,0,369
2026/02/05/00:59:36,3478.149233,0.858125,0.603992,0.858125,0.603992,101,0,369
2026/02/05/00:59:37,3479.150239,0.858125,0.603992,0.858125,0.603992,101,0,369
2026/02/05/00:59:38,3480.151253,0.858125,0.603992,0.858125,0.603992,101,0,369
2026/02/05/00:59:39,3481.152173,0.858125,0.603992,0.858125,0.603992,101,0,369
2026/02/05/00:59:40,3482.153256,0.858125,0.603992,0.858125,0.603992,101,0,369
2026/02/05/00:59:41,3483.154320,0.858125,0.603992,0.858125,0.603992,101,0,369
2026/02/05/00:59:42,3484.155194,0.858125,0.603992,0.858125,0.603992,101,0,369
2026/02/05/00:59:43,3485.156214,0.858125,0.603992,0.858125,0.603992,101,0,369
2026/02/05/00:59:44,3486.156962,0.858125,0.603992,0.858125,0.603992,101,0,369
2026/02/05/00:59:45,3487.157804,0.858125,0.603992,0.858125,0.603992,101,0,369
2026/02/05/00:59:46,3488.158545,0.858125,0.603992,0.858125,0.603992,101,0,369
2026/02/05/00:59:47,3489.159266,0.858125,0.603992,0.858125,0.603992,101,0,369
2026/02/05/00:59:48,3490.160079,0.858125,0.603992,0.858125,0.603992,101,0,369
2026/02/05/00:59:49,3491.161056,0.858125,0.603992,0.858125,0.603992,101,0,369
2026/02/05/00:59:50,3492.162053,0.858125,0.603992,0.858125,0.603992,101,0,369
2026/02/05/00:59:51,3493.163112,0.858125,0.603992,0.858125,0.603992,101,0,369
2026/02/05/00:59:52,3494.163967,0.858125,0.603992,0.858125,0.603992,101,0,369
2026/02/05/00:59:53,3495.164894,0.858125,0.603992,0.858125,0.603992,101,0,369
2026/02/05/00:59:54,3496.165882,0.858125,0.603992,0.858125,0.603992,101,0,369
2026/02/05/00:59:55,3497.166663,0.858125,0.603992,0.858125,0.603992,101,0,369
2026/02/05/00:59:56,3498.167586,0.858125,0.603992,0.858125,0.603992,101,0,369
2026/02/05/00:59:57,3499.168460,0.858125,0.603992,0.858125,0.603992,101,0,369
2026/02/05/00:59:58,3500.169255,0.858125,0.603992,0.858125,0.603992,101,0,369
2026/02/05/00:59:59,3501.170156,0.858125,0.603992,0.858125,0.603992,101,0,369
2026/02/05/01:00:00,3502.170902,0.858125,0.603992,0.858125,0.603992,101,0,369
2026/02/05/01:00:01,3503.171653,0.858125,0.603992,0.858125,0.603992,101,0,369
2026/02/05/01:00:02,3504.172531,0.858125,0.603992,0.858125,0.603992,101,0,369
2026/02/05/01:00:03,3505.173454,0.858125,0.603992,0.858125,0.603992,101,0,369
2026/02/05/01:00:04,3506.174488,0.858125,0.603992,0.858125,0.603992,101,0,369
2026/02/05/01:00:05,3507.175560,0.858125,0.603992,0.858125,0.603992,101,0,369
2026/02/05/01:00:06,3508.176582,0.858125,0.603992,0.858125,0.603992,101,0,369
2026/02/05/01:00:07,3509.177439,0.858125,0.603992,0.858125,0.603992,101,0,369
2026/02/05/01:00:08,3510.178376,0.858125,0.603992,0.858125,0.603992,101,0,369
2026/02/05/01:00:09,3511.179525,0.858125,0.603992,0.858125,0.603992,101,0,369
2026/02/05/01:00:10,3512.180378,0.858125,0.603992,0.858125,0.603992,101,0,369
2026/02/05/01:00:11,3513.181215,0.858125,0.603992,0.858125,0.603992,101,0,369
2026/02/05/01:00:12,3514.182130,0.858125,0.603992,0.858125,0.603992,101,0,369
2026/02/05/01:00:13,3515.182952,0.858125,0.603992,0.858125,0.603992,101,0,369
2026/02/05/01:00:14,3516.184031,0.858125,0.603992,0.858125,0.603992,101,0,369
2026/02/05/01:00:15,3517.185008,0.858125,0.603992,0.858125,0.603992,101,0,369
2026/02/05/01:00:16,3518.185934,0.858125,0.603992,0.858125,0.603992,101,0,369
2026/02/05/01:00:17,3519.186650,0.858125,0.603992,0.858125,0.603992,101,0,369
2026/02/05/01:00:18,3520.187517,0.858125,0.603992,0.858125,0.603992,101,0,369
2026/02/05/01:00:19,3521.188486,0.858125,0.603992,0.858125,0.603992,101,0,369
2026/02/05/01:00:20,3522.189401,0.858125,0.603992,0.858125,0.603992,101,0,369
2026/02/05/01:00:21,3523.190844,0.858125,0.603992,0.858125,0.603992,101,0,369
2026/02/05/01:00:22,3524.191669,0.858125,0.603992,0.858125,0.603992,101,0,369
2026/02/05/01:00:23,3525.192409,0.858125,0.603992,0.858125,0.603992,101,0,369
2026/02/05/01:00:24,3526.193172,0.858125,0.603992,0.858125,0.603992,101,0,369
2026/02/05/01:00:25,3527.193869,0.858125,0.603992,0.858125,0.603992,101,0,369
2026/02/05/01:00:26,3528.194745,0.858125,0.603992,0.858125,0.603992,101,0,369
2026/02/05/01:00:27,3529.195599,0.858125,0.603992,0.858125,0.603992,101,0,369
2026/02/05/01:00:28,3530.196594,0.858125,0.603992,0.858125,0.603992,101,0,369
2026/02/05/01:00:29,3531.197659,0.858125,0.603992,0.858125,0.603992,101,0,369
2026/02/05/01:00:30,3532.198508,0.858125,0.603992,0.858125,0.603992,101,0,369
2026/02/05/01:00:31,3533.199469,0.858125,0.603992,0.858125,0.603992,101,0,369
2026/02/05/01:00:32,3534.200252,0.858125,0.603992,0.858125,0.603992,101,0,369
2026/02/05/01:00:33,3535.201254,0.858125,0.603992,0.858125,0.603992,101,0,369
2026/02/05/01:00:34,3536.202178,0.858125,0.603992,0.858125,0.603992,101,0,369
2026/02/05/01:00:35,3537.203282,0.858125,0.603992,0.858125,0.603992,101,0,369
2026/02/05/01:00:36,3538.204187,0.858125,0.603992,0.858125,0.603992,101,0,369
2026/02/05/01:00:37,3539.205205,0.858125,0.603992,0.858125,0.603992,101,0,369
2026/02/05/01:00:38,3540.206213,0.858125,0.603992,0.858125,0.603992,101,0,369
2026/02/05/01:00:39,3541.207109,0.858125,0.603992,0.858125,0.603992,101,0,369
2026/02/05/01:00:40,3542.208093,0.858125,0.603992,0.858125,0.603992,101,0,369
2026/02/05/01:00:41,3543.209069,0.858125,0.603992,0.858125,0.603992,101,0,369
2026/02/05/01:00:42,3544.210095,0.858125,0.603992,0.858125,0.603992,101,0,369
2026/02/05/01:00:43,3545.210862,0.858125,0.603992,0.858125,0.603992,101,0,369
2026/02/05/01:00:44,3546.211674,0.885000,0.642723,0.885000,0.642723,108,0,369
2026/02/05/01:00:45,3547.212599,0.885000,0.642723,0.885000,0.642723,108,0,369
2026/02/05/01:00:46,3548.213308,0.885000,0.642723,0.885000,0.642723,108,0,369
2026/02/05/01:00:47,3549.213866,0.885000,0.642723,0.885000,0.642723,108,0,369
2026/02/05/01:00:48,3550.214723,0.885000,0.642723,0.885000,0.642723,108,0,369
2026/02/05/01:00:49,3551.215492,0.885000,0.642723,0.885000,0.642723,108,0,369
2026/02/05/01:00:50,3552.216206,0.885000,0.642723,0.885000,0.642723,108,0,369
2026/02/05/01:00:51,3553.217109,0.885000,0.642723,0.885000,0.642723,108,0,369
2026/02/05/01:00:52,3554.217851,0.877500,0.635811,0.877500,0.635811,106,0,371
2026/02/05/01:00:53,3555.218666,0.877500,0.635811,0.877500,0.635811,106,0,371
2026/02/05/01:00:54,3556.219477,0.877500,0.635811,0.877500,0.635811,106,0,371
2026/02/05/01:00:55,3557.220294,0.877500,0.635811,0.877500,0.635811,106,0,371
2026/02/05/01:00:56,3558.221221,0.877500,0.635811,0.877500,0.635811,106,0,371
2026/02/05/01:00:57,3559.222101,0.877500,0.635811,0.877500,0.635811,106,0,371
2026/02/05/01:00:58,3560.223454,0.877500,0.635811,0.877500,0.635811,106,0,371
2026/02/05/01:00:59,3561.224210,0.877500,0.635811,0.877500,0.635811,106,0,371
2026/02/05/01:01:00,3562.225041,0.877500,0.635811,0.877500,0.635811,106,0,371
2026/02/05/01:01:01,3563.225862,0.877500,0.635811,0.877500,0.635811,106,0,371
2026/02/05/01:01:02,3564.226618,0.877500,0.635811,0.877500,0.635811,106,0,371
2026/02/05/01:01:03,3565.227435,0.877500,0.635811,0.877500,0.635811,106,0,371
2026/02/05/01:01:04,3566.228419,0.877500,0.635811,0.877500,0.635811,106,0,371
2026/02/05/01:01:05,3567.230288,0.877500,0.635811,0.877500,0.635811,106,0,371
2026/02/05/01:01:06,3568.231098,0.877500,0.635811,0.877500,0.635811,106,0,371
2026/02/05/01:01:07,3569.231954,0.877500,0.635811,0.877500,0.635811,106,0,371
2026/02/05/01:01:08,3570.232912,0.937312,0.671761,0.937312,0.671761,112,0,371
2026/02/05/01:01:09,3571.233818,0.937312,0.671761,0.937312,0.671761,112,0,371
2026/02/05/01:01:10,3572.234603,0.917625,0.661866,0.917625,0.661866,109,0,374
2026/02/05/01:01:11,3573.235575,0.917625,0.661866,0.917625,0.661866,109,0,374
2026/02/05/01:01:12,3574.236293,0.909125,0.652414,0.909125,0.652414,107,0,376
2026/02/05/01:01:13,3575.237030,0.909125,0.652414,0.909125,0.652414,107,0,376
2026/02/05/01:01:14,3576.237977,0.909125,0.652414,0.909125,0.652414,107,0,376
2026/02/05/01:01:15,3577.238868,0.909125,0.652414,0.909125,0.652414,107,0,376
2026/02/05/01:01:16,3578.239815,0.909125,0.652414,0.909125,0.652414,107,0,376
2026/02/05/01:01:17,3579.240505,0.909125,0.652414,0.909125,0.652414,107,0,376
2026/02/05/01:01:18,3580.241344,0.909125,0.652414,0.909125,0.652414,107,0,376
2026/02/05/01:01:19,3581.242152,0.909125,0.652414,0.909125,0.652414,107,0,376
2026/02/05/01:01:20,3582.242866,0.909125,0.652414,0.909125,0.652414,107,0,376
2026/02/05/01:01:21,3583.243636,0.909125,0.652414,0.909125,0.652414,107,0,376
2026/02/05/01:01:22,3584.244284,0.909125,0.652414,0.909125,0.652414,107,0,376
2026/02/05/01:01:23,3585.245244,0.909125,0.652414,0.909125,0.652414,107,0,376
2026/02/05/01:01:24,3586.245995,0.869000,0.626359,0.869000,0.626359,104,0,379
2026/02/05/01:01:25,3587.246838,0.869000,0.626359,0.869000,0.626359,104,0,379
2026/02/05/01:01:26,3588.247576,0.869000,0.626359,0.869000,0.626359,104,0,379
2026/02/05/01:01:27,3589.248321,0.869000,0.626359,0.869000,0.626359,104,0,379
2026/02/05/01:01:28,3590.249148,0.891312,0.684189,0.891312,0.684189,110,0,379
2026/02/05/01:01:29,3591.249854,0.906563,0.705153,0.906563,0.705153,112,0,379
2026/02/05/01:01:30,3592.250668,0.906563,0.705153,0.906563,0.705153,112,0,379
2026/02/05/01:01:31,3593.251660,0.906563,0.705153,0.906563,0.705153,112,0,379
2026/02/05/01:01:32,3594.252419,0.906563,0.705153,0.906563,0.705153,112,0,379
2026/02/05/01:01:33,3595.253092,0.906563,0.705153,0.906563,0.705153,112,0,379
2026/02/05/01:01:34,3596.253868,0.906563,0.705153,0.906563,0.705153,112,0,379
2026/02/05/01:01:35,3597.254645,0.906563,0.705153,0.906563,0.705153,112,0,379
2026/02/05/01:01:36,3598.255571,0.906563,0.705153,0.906563,0.705153,112,0,379
2026/02/05/01:01:37,3599.256471,0.906563,0.705153,0.906563,0.705153,112,0,379
2026/02/05/01:01:38,3600.257217,0.891312,0.684189,0.891312,0.684189,110,0,381
2026/02/05/01:01:39,3601.258094,0.891312,0.684189,0.891312,0.684189,110,0,381
2026/02/05/01:01:40,3602.258967,0.891312,0.684189,0.891312,0.684189,110,0,381
2026/02/05/01:01:41,3603.259785,0.891312,0.684189,0.891312,0.684189,110,0,381
2026/02/05/01:01:42,3604.260702,0.891312,0.684189,0.891312,0.684189,110,0,381
2026/02/05/01:01:43,3605.261614,0.891312,0.684189,0.891312,0.684189,110,0,381
2026/02/05/01:01:44,3606.262462,0.891312,0.684189,0.891312,0.684189,110,0,381
2026/02/05/01:01:45,3607.263307,0.891312,0.684189,0.891312,0.684189,110,0,381
2026/02/05/01:01:46,3608.264528,0.891312,0.684189,0.891312,0.684189,110,0,381
2026/02/05/01:01:47,3609.267181,0.891312,0.684189,0.891312,0.684189,110,0,381
2026/02/05/01:01:48,3610.268015,0.891312,0.684189,0.891312,0.684189,110,0,381
2026/02/05/01:01:49,3611.268818,0.891312,0.684189,0.891312,0.684189,110,0,381
2026/02/05/01:01:50,3612.269676,0.891312,0.684189,0.891312,0.684189,110,0,381
2026/02/05/01:01:51,3613.270573,0.891312,0.684189,0.891312,0.684189,110,0,381
2026/02/05/01:01:52,3614.271376,0.891312,0.684189,0.891312,0.684189,110,0,381
2026/02/05/01:01:53,3615.272223,0.891312,0.684189,0.891312,0.684189,110,0,381
2026/02/05/01:01:54,3616.272985,0.891312,0.684189,0.891312,0.684189,110,0,381
2026/02/05/01:01:55,3617.273834,0.891312,0.684189,0.891312,0.684189,110,0,381
2026/02/05/01:01:56,3618.274576,0.891312,0.684189,0.891312,0.684189,110,0,381
2026/02/05/01:01:57,3619.275416,0.891312,0.684189,0.891312,0.684189,110,0,381
2026/02/05/01:01:58,3620.276291,0.891312,0.684189,0.891312,0.684189,110,0,381
2026/02/05/01:01:59,3621.277058,0.880437,0.661822,0.880437,0.661822,107,0,384
2026/02/05/01:02:00,3622.277977,0.880437,0.661822,0.880437,0.661822,107,0,384
2026/02/05/01:02:01,3623.278759,0.969313,0.755659,0.979187,0.783096,121,1,384
2026/02/05/01:02:02,3624.279553,0.974875,0.759953,1.030125,0.872320,122,9,384
2026/02/05/01:02:03,3625.280323,0.974875,0.759953,1.114375,0.838177,122,14,384
2026/02/05/01:02:04,3626.281116,0.960250,0.757586,1.106313,0.859425,124,15,390
2026/02/05/01:02:05,3627.281738,0.974688,0.765244,1.046375,0.835483,127,10,391
2026/02/05/01:02:06,3628.282585,0.969250,0.755000,1.000813,0.790142,125,4,398
2026/02/05/01:02:07,3629.283412,0.969063,0.756682,0.996625,0.785977,125,3,399
2026/02/05/01:02:08,3630.284307,0.966562,0.745719,0.981313,0.771875,122,2,403
2026/02/05/01:02:09,3631.285135,0.963562,0.750578,0.970938,0.763657,122,1,404
2026/02/05/01:02:10,3632.285993,0.963562,0.750578,0.970938,0.763657,122,1,404
2026/02/05/01:02:11,3633.286831,0.963562,0.750578,0.970938,0.763657,122,1,404
2026/02/05/01:02:12,3634.287611,0.963562,0.750578,0.970938,0.763657,122,1,404
2026/02/05/01:02:13,3635.288402,0.963562,0.750578,0.970938,0.763657,122,1,404
2026/02/05/01:02:14,3636.289135,0.963562,0.750578,0.970938,0.763657,122,1,404
2026/02/05/01:02:15,3637.289873,0.963562,0.750578,0.970938,0.763657,122,1,404
2026/02/05/01:02:16,3638.290603,0.963562,0.750578,0.970938,0.763657,122,1,404
2026/02/05/01:02:17,3639.291217,0.963562,0.750578,0.970938,0.763657,122,1,404
2026/02/05/01:02:18,3640.292042,0.963562,0.750578,0.970938,0.763657,122,1,404
2026/02/05/01:02:19,3641.292698,0.963562,0.750578,0.970938,0.763657,122,1,404
2026/02/05/01:02:20,3642.293529,0.963562,0.750578,0.970938,0.763657,122,1,404
2026/02/05/01:02:21,3643.294271,0.965938,0.756285,0.965938,0.756285,122,0,405
2026/02/05/01:02:22,3644.295071,0.965938,0.756285,0.965938,0.756285,122,0,405
2026/02/05/01:02:23,3645.295846,0.965938,0.756285,0.965938,0.756285,122,0,405
2026/02/05/01:02:24,3646.296745,0.965938,0.756285,0.965938,0.756285,122,0,405
2026/02/05/01:02:25,3647.297636,0.965938,0.756285,0.965938,0.756285,122,0,405
2026/02/05/01:02:26,3648.298401,0.965938,0.756285,0.965938,0.756285,122,0,405
2026/02/05/01:02:27,3649.299207,0.965938,0.756285,0.965938,0.756285,122,0,405
2026/02/05/01:02:28,3650.299953,0.965938,0.756285,0.965938,0.756285,122,0,405
2026/02/05/01:02:29,3651.300939,0.965938,0.756285,0.965938,0.756285,122,0,405
2026/02/05/01:02:30,3652.301901,0.965938,0.756285,0.965938,0.756285,122,0,405
2026/02/05/01:02:31,3653.303736,0.965938,0.756285,0.965938,0.756285,122,0,405
2026/02/05/01:02:32,3654.304504,0.965938,0.756285,0.965938,0.756285,122,0,405
2026/02/05/01:02:33,3655.305325,0.965938,0.756285,0.965938,0.756285,122,0,405
2026/02/05/01:02:34,3656.306137,0.965938,0.756285,0.965938,0.756285,122,0,405
2026/02/05/01:02:35,3657.306979,0.961125,0.750732,0.961125,0.750732,121,0,406
2026/02/05/01:02:36,3658.307794,0.961125,0.750732,0.961125,0.750732,121,0,406
2026/02/05/01:02:37,3659.308448,0.961125,0.750732,0.961125,0.750732,121,0,406
2026/02/05/01:02:38,3660.309349,0.961125,0.750732,0.961125,0.750732,121,0,406
2026/02/05/01:02:39,3661.310230,0.961125,0.750732,0.961125,0.750732,121,0,406
2026/02/05/01:02:40,3662.310981,0.961125,0.750732,0.961125,0.750732,121,0,406
2026/02/05/01:02:41,3663.311931,0.961125,0.750732,0.961125,0.750732,121,0,406
2026/02/05/01:02:42,3664.312841,0.961125,0.750732,0.961125,0.750732,121,0,406
2026/02/05/01:02:43,3665.313797,0.961125,0.750732,0.961125,0.750732,121,0,406
2026/02/05/01:02:44,3666.314549,0.961125,0.750732,0.961125,0.750732,121,0,406
2026/02/05/01:02:45,3667.315536,0.961125,0.750732,0.961125,0.750732,121,0,406
2026/02/05/01:02:46,3668.316349,0.961125,0.750732,0.961125,0.750732,121,0,406
2026/02/05/01:02:47,3669.317042,0.961125,0.750732,0.961125,0.750732,121,0,406
2026/02/05/01:02:48,3670.317935,0.961125,0.750732,0.961125,0.750732,121,0,406
2026/02/05/01:02:49,3671.318655,0.961125,0.750732,0.961125,0.750732,121,0,406
2026/02/05/01:02:50,3672.319406,0.961125,0.750732,0.961125,0.750732,121,0,406
2026/02/05/01:02:51,3673.320217,0.961125,0.750732,0.961125,0.750732,121,0,406
2026/02/05/01:02:52,3674.320943,0.961125,0.750732,0.961125,0.750732,121,0,406
2026/02/05/01:02:53,3675.321856,0.961125,0.750732,0.961125,0.750732,121,0,406
2026/02/05/01:02:54,3676.322888,0.961125,0.750732,0.961125,0.750732,121,0,406
2026/02/05/01:02:55,3677.323836,0.961125,0.750732,0.961125,0.750732,121,0,406
2026/02/05/01:02:56,3678.324687,0.961125,0.750732,0.961125,0.750732,121,0,406
2026/02/05/01:02:57,3679.325571,0.961125,0.750732,0.961125,0.750732,121,0,406
2026/02/05/01:02:58,3680.326228,0.961125,0.750732,0.961125,0.750732,121,0,406
2026/02/05/01:02:59,3681.327010,0.961125,0.750732,0.961125,0.750732,121,0,406
2026/02/05/01:03:00,3682.327762,0.961125,0.750732,0.961125,0.750732,121,0,406
2026/02/05/01:03:01,3683.328525,0.961125,0.750732,0.961125,0.750732,121,0,406
2026/02/05/01:03:02,3684.329433,0.961125,0.750732,0.961125,0.750732,121,0,406
2026/02/05/01:03:03,3685.330203,0.961125,0.750732,0.961125,0.750732,121,0,406
2026/02/05/01:03:04,3686.331104,0.961125,0.750732,0.961125,0.750732,121,0,406
2026/02/05/01:03:05,3687.331869,0.961125,0.750732,0.961125,0.750732,121,0,406
2026/02/05/01:03:06,3688.332816,0.946375,0.724575,0.946375,0.724575,119,0,408
2026/02/05/01:03:07,3689.333543,0.946375,0.724575,0.946375,0.724575,119,0,408
2026/02/05/01:03:08,3690.334527,0.946375,0.724575,0.946375,0.724575,119,0,408
2026/02/05/01:03:09,3691.335312,0.946375,0.724575,0.946375,0.724575,119,0,408
2026/02/05/01:03:10,3692.336032,0.946375,0.724575,0.946375,0.724575,119,0,408
2026/02/05/01:03:11,3693.336847,0.946375,0.724575,0.946375,0.724575,119,0,408
2026/02/05/01:03:12,3694.337753,0.946375,0.724575,0.946375,0.724575,119,0,408
2026/02/05/01:03:13,3695.338490,0.946375,0.724575,0.946375,0.724575,119,0,408
2026/02/05/01:03:14,3696.339159,0.946375,0.724575,0.946375,0.724575,119,0,408
2026/02/05/01:03:15,3697.340131,0.946375,0.724575,0.946375,0.724575,119,0,408
2026/02/05/01:03:16,3698.341055,0.946375,0.724575,0.946375,0.724575,119,0,408
2026/02/05/01:03:17,3699.341800,0.946375,0.724575,0.946375,0.724575,119,0,408
2026/02/05/01:03:18,3700.342641,0.946375,0.724575,0.946375,0.724575,119,0,408
2026/02/05/01:03:19,3701.343491,0.946375,0.724575,0.946375,0.724575,119,0,408
2026/02/05/01:03:20,3702.344288,0.946375,0.724575,0.946375,0.724575,119,0,408
2026/02/05/01:03:21,3703.345252,0.946375,0.724575,0.946375,0.724575,119,0,408
2026/02/05/01:03:22,3704.346203,0.946375,0.724575,0.946375,0.724575,119,0,408
2026/02/05/01:03:23,3705.347427,0.930500,0.715852,0.930500,0.715852,117,0,410
2026/02/05/01:03:24,3706.348300,0.930500,0.715852,0.930500,0.715852,117,0,410
2026/02/05/01:03:25,3707.349182,0.922500,0.704159,0.922500,0.704159,115,0,412
2026/02/05/01:03:26,3708.350981,0.922500,0.704159,0.922500,0.704159,115,0,412
2026/02/05/01:03:27,3709.351897,0.922500,0.704159,0.922500,0.704159,115,0,412
2026/02/05/01:03:28,3710.352705,0.922500,0.704159,0.922500,0.704159,115,0,412
2026/02/05/01:03:29,3711.353740,0.922500,0.704159,0.922500,0.704159,115,0,412
2026/02/05/01:03:30,3712.355715,0.922500,0.704159,0.922500,0.704159,115,0,412
2026/02/05/01:03:31,3713.356474,0.922500,0.704159,0.922500,0.704159,115,0,412
2026/02/05/01:03:32,3714.357359,0.922500,0.704159,0.922500,0.704159,115,0,412
2026/02/05/01:03:33,3715.358207,0.922500,0.704159,0.922500,0.704159,115,0,412
2026/02/05/01:03:34,3716.359102,0.922500,0.704159,0.922500,0.704159,115,0,412
2026/02/05/01:03:35,3717.360043,0.922500,0.704159,0.922500,0.704159,115,0,412
2026/02/05/01:03:36,3718.360820,0.922500,0.704159,0.922500,0.704159,115,0,412
2026/02/05/01:03:37,3719.361752,0.922500,0.704159,0.922500,0.704159,115,0,412
2026/02/05/01:03:38,3720.362461,0.922500,0.704159,0.922500,0.704159,115,0,412
2026/02/05/01:03:39,3721.363386,0.922500,0.704159,0.922500,0.704159,115,0,412
2026/02/05/01:03:40,3722.364258,0.922500,0.704159,0.922500,0.704159,115,0,412
2026/02/05/01:03:41,3723.366716,0.922500,0.704159,0.922500,0.704159,115,0,412
2026/02/05/01:03:42,3724.367326,0.922500,0.704159,0.922500,0.704159,115,0,412
2026/02/05/01:03:43,3725.368231,0.922500,0.704159,0.922500,0.704159,115,0,412
2026/02/05/01:03:44,3726.369141,0.922500,0.704159,0.922500,0.704159,115,0,412
2026/02/05/01:03:45,3727.370033,0.922500,0.704159,0.922500,0.704159,115,0,412
2026/02/05/01:03:46,3728.370826,0.922500,0.704159,0.922500,0.704159,115,0,412
2026/02/05/01:03:47,3729.371583,0.922500,0.704159,0.922500,0.704159,115,0,412
2026/02/05/01:03:48,3730.372269,0.922500,0.704159,0.922500,0.704159,115,0,412
2026/02/05/01:03:49,3731.373093,0.922500,0.704159,0.922500,0.704159,115,0,412
2026/02/05/01:03:50,3732.373848,0.922500,0.704159,0.922500,0.704159,115,0,412
2026/02/05/01:03:51,3733.374668,0.909937,0.656136,0.909937,0.656136,112,0,415
2026/02/05/01:03:52,3734.375684,0.909937,0.656136,0.909937,0.656136,112,0,415
2026/02/05/01:03:53,3735.376579,0.909937,0.656136,0.909937,0.656136,112,0,415
2026/02/05/01:03:54,3736.377571,0.909937,0.656136,0.909937,0.656136,112,0,415
2026/02/05/01:03:55,3737.378402,0.909937,0.656136,0.909937,0.656136,112,0,415
2026/02/05/01:03:56,3738.379282,0.909937,0.656136,0.909937,0.656136,112,0,415
2026/02/05/01:03:57,3739.380204,0.909937,0.656136,0.909937,0.656136,112,0,415
2026/02/05/01:03:58,3740.380957,0.909937,0.656136,0.909937,0.656136,112,0,415
2026/02/05/01:03:59,3741.381924,0.909937,0.656136,0.909937,0.656136,112,0,415
2026/02/05/01:04:00,3742.382830,0.909937,0.656136,0.909937,0.656136,112,0,415
2026/02/05/01:04:01,3743.383665,0.909937,0.656136,0.909937,0.656136,112,0,415
2026/02/05/01:04:02,3744.384394,0.909937,0.656136,0.909937,0.656136,112,0,415
2026/02/05/01:04:03,3745.385271,0.909937,0.656136,0.909937,0.656136,112,0,415
2026/02/05/01:04:04,3746.386003,0.909937,0.656136,0.909937,0.656136,112,0,415
2026/02/05/01:04:05,3747.386761,0.909937,0.656136,0.909937,0.656136,112,0,415
2026/02/05/01:04:06,3748.387877,0.909937,0.656136,0.909937,0.656136,112,0,415
2026/02/05/01:04:07,3749.388794,0.909937,0.656136,0.909937,0.656136,112,0,415
2026/02/05/01:04:08,3750.389616,0.909937,0.656136,0.909937,0.656136,112,0,415
2026/02/05/01:04:09,3751.390452,0.909937,0.656136,0.909937,0.656136,112,0,415
2026/02/05/01:04:10,3752.391439,0.909937,0.656136,0.909937,0.656136,112,0,415
2026/02/05/01:04:11,3753.392277,0.909937,0.656136,0.909937,0.656136,112,0,415
2026/02/05/01:04:12,3754.393100,0.909937,0.656136,0.909937,0.656136,112,0,415
2026/02/05/01:04:13,3755.393859,0.909937,0.656136,0.909937,0.656136,112,0,415
2026/02/05/01:04:14,3756.394652,0.883687,0.644805,0.883687,0.644805,109,0,418
2026/02/05/01:04:15,3757.395527,0.883687,0.644805,0.883687,0.644805,109,0,418
2026/02/05/01:04:16,3758.396353,0.883687,0.644805,0.883687,0.644805,109,0,418
2026/02/05/01:04:17,3759.397279,0.883687,0.644805,0.883687,0.644805,109,0,418
2026/02/05/01:04:18,3760.398242,0.883687,0.644805,0.883687,0.644805,109,0,418
2026/02/05/01:04:19,3761.399182,0.883687,0.644805,0.883687,0.644805,109,0,418
2026/02/05/01:04:20,3762.399922,0.883687,0.644805,0.883687,0.644805,109,0,418
2026/02/05/01:04:21,3763.400856,0.873375,0.624378,0.873375,0.624378,106,0,421
2026/02/05/01:04:22,3764.401647,0.873375,0.624378,0.873375,0.624378,106,0,421
2026/02/05/01:04:23,3765.402439,0.873375,0.624378,0.873375,0.624378,106,0,421
2026/02/05/01:04:24,3766.403268,0.873375,0.624378,0.873375,0.624378,106,0,421
2026/02/05/01:04:25,3767.403956,0.873375,0.624378,0.873375,0.624378,106,0,421
2026/02/05/01:04:26,3768.404754,0.873375,0.624378,0.873375,0.624378,106,0,421
2026/02/05/01:04:27,3769.405505,0.873375,0.624378,0.873375,0.624378,106,0,421
2026/02/05/01:04:28,3770.406339,0.873375,0.624378,0.873375,0.624378,106,0,421
2026/02/05/01:04:29,3771.407093,0.873375,0.624378,0.873375,0.624378,106,0,421
2026/02/05/01:04:30,3772.408029,0.873375,0.624378,0.873375,0.624378,106,0,421
2026/02/05/01:04:31,3773.408854,0.873375,0.624378,0.873375,0.624378,106,0,421
2026/02/05/01:04:32,3774.409630,0.873375,0.624378,0.873375,0.624378,106,0,421
2026/02/05/01:04:33,3775.410558,0.873375,0.624378,0.873375,0.624378,106,0,421
2026/02/05/01:04:34,3776.411417,0.873375,0.624378,0.873375,0.624378,106,0,421
2026/02/05/01:04:35,3777.412261,0.873375,0.624378,0.873375,0.624378,106,0,421
2026/02/05/01:04:36,3778.413140,0.873375,0.624378,0.873375,0.624378,106,0,421
2026/02/05/01:04:37,3779.414030,0.873375,0.624378,0.873375,0.624378,106,0,421
2026/02/05/01:04:38,3780.415107,0.873375,0.624378,0.873375,0.624378,106,0,421
2026/02/05/01:04:39,3781.416147,0.873375,0.624378,0.873375,0.624378,106,0,421
2026/02/05/01:04:40,3782.417072,0.873375,0.624378,0.873375,0.624378,106,0,421
2026/02/05/01:04:41,3783.418029,0.873375,0.624378,0.873375,0.624378,106,0,421
2026/02/05/01:04:42,3784.418751,0.873375,0.624378,0.873375,0.624378,106,0,421
2026/02/05/01:04:43,3785.419707,0.873375,0.624378,0.873375,0.624378,106,0,421
2026/02/05/01:04:44,3786.420446,0.873375,0.624378,0.873375,0.624378,106,0,421
2026/02/05/01:04:45,3787.421280,0.873375,0.624378,0.873375,0.624378,106,0,421
2026/02/05/01:04:46,3788.422175,0.873375,0.624378,0.873375,0.624378,106,0,421
2026/02/05/01:04:47,3789.423031,0.873375,0.624378,0.873375,0.624378,106,0,421
2026/02/05/01:04:48,3790.423875,0.873375,0.624378,0.873375,0.624378,106,0,421
2026/02/05/01:04:49,3791.424903,0.873375,0.624378,0.873375,0.624378,106,0,421
2026/02/05/01:04:50,3792.425671,0.873375,0.624378,0.873375,0.624378,106,0,421
2026/02/05/01:04:51,3793.426602,0.873375,0.624378,0.873375,0.624378,106,0,421
2026/02/05/01:04:52,3794.427541,0.873375,0.624378,0.873375,0.624378,106,0,421
2026/02/05/01:04:53,3795.428346,0.873375,0.624378,0.873375,0.624378,106,0,421
2026/02/05/01:04:54,3796.429106,0.873375,0.624378,0.873375,0.624378,106,0,421
2026/02/05/01:04:55,3797.429985,0.881313,0.638325,0.881313,0.638325,107,0,421
2026/02/05/01:04:56,3798.430919,0.894813,0.649519,0.917875,0.672402,110,2,421
2026/02/05/01:04:57,3799.431753,0.932187,0.702598,1.015187,0.729982,118,5,421
2026/02/05/01:04:58,3800.432635,0.932187,0.702598,1.015187,0.729982,118,5,421
2026/02/05/01:04:59,3801.433476,0.936250,0.688648,0.991688,0.701285,116,3,425
2026/02/05/01:05:00,3802.434160,0.926125,0.666961,0.963375,0.674404,114,2,427
2026/02/05/01:05:01,3803.434909,0.932125,0.680900,0.989187,0.693200,114,3,430
2026/02/05/01:05:02,3804.435740,0.950750,0.698247,1.007812,0.710546,118,3,430
2026/02/05/01:05:03,3805.436457,0.940375,0.688202,0.997437,0.700501,116,3,432
2026/02/05/01:05:04,3806.437296,0.940375,0.688202,0.997437,0.700501,116,3,432
2026/02/05/01:05:05,3807.438169,0.940375,0.688202,0.997437,0.700501,116,3,432
2026/02/05/01:05:06,3808.438856,0.940375,0.688202,0.997437,0.700501,116,3,432
2026/02/05/01:05:07,3809.439647,0.940375,0.688202,0.997437,0.700501,116,3,432
2026/02/05/01:05:08,3810.440562,0.926875,0.674627,0.983938,0.686926,113,3,435
2026/02/05/01:05:09,3811.441342,0.926875,0.674627,0.983938,0.686926,113,3,435
2026/02/05/01:05:10,3812.442278,0.926875,0.674627,0.983938,0.686926,113,3,435
2026/02/05/01:05:11,3813.442993,0.926875,0.674627,0.964125,0.682070,113,2,435
2026/02/05/01:05:12,3814.443839,0.926875,0.674627,0.964125,0.682070,113,2,435
2026/02/05/01:05:13,3815.444627,0.926875,0.674627,0.964125,0.682070,113,2,435
2026/02/05/01:05:14,3816.445360,0.926875,0.674627,0.964125,0.682070,113,2,435
2026/02/05/01:05:15,3817.446355,0.926875,0.674627,0.964125,0.682070,113,2,435
2026/02/05/01:05:16,3818.447225,0.921750,0.670855,0.959000,0.678298,112,2,436
2026/02/05/01:05:17,3819.447909,0.931250,0.659488,0.949875,0.663210,112,1,437
2026/02/05/01:05:18,3820.448704,0.931250,0.659488,0.949875,0.663210,112,1,437
2026/02/05/01:05:19,3821.449644,0.931250,0.659488,0.949875,0.663210,112,1,437
2026/02/05/01:05:20,3822.450576,0.931250,0.659488,0.949875,0.663210,112,1,437
2026/02/05/01:05:21,3823.451510,0.931250,0.659488,0.949875,0.663210,112,1,437
2026/02/05/01:05:22,3824.452294,0.931250,0.659488,0.949875,0.663210,112,1,437
2026/02/05/01:05:23,3825.453089,0.924250,0.656933,0.924250,0.656933,111,0,439
2026/02/05/01:05:24,3826.453931,0.924250,0.656933,0.924250,0.656933,111,0,439
2026/02/05/01:05:25,3827.454683,0.924250,0.656933,0.924250,0.656933,111,0,439
2026/02/05/01:05:26,3828.455478,0.924250,0.656933,0.924250,0.656933,111,0,439
2026/02/05/01:05:27,3829.456548,0.924250,0.656933,0.924250,0.656933,111,0,439
2026/02/05/01:05:28,3830.457824,0.924250,0.656933,0.924250,0.656933,111,0,439
2026/02/05/01:05:29,3831.458767,0.924250,0.656933,0.924250,0.656933,111,0,439
2026/02/05/01:05:30,3832.459647,0.924250,0.656933,0.924250,0.656933,111,0,439
2026/02/05/01:05:31,3833.460462,0.924250,0.656933,0.924250,0.656933,111,0,439
2026/02/05/01:05:32,3834.461526,0.924250,0.656933,0.924250,0.656933,111,0,439
2026/02/05/01:05:33,3835.462438,0.924250,0.656933,0.924250,0.656933,111,0,439
2026/02/05/01:05:34,3836.463398,0.919438,0.653745,0.919438,0.653745,110,0,440
2026/02/05/01:05:35,3837.464277,0.919438,0.653745,0.919438,0.653745,110,0,440
2026/02/05/01:05:36,3838.465023,0.916000,0.647018,0.916000,0.647018,109,0,441
2026/02/05/01:05:37,3839.465832,0.912563,0.640290,0.912563,0.640290,108,0,442
2026/02/05/01:05:38,3840.466683,0.912563,0.640290,0.912563,0.640290,108,0,442
2026/02/05/01:05:39,3841.467531,0.908687,0.635653,0.908687,0.635653,107,0,443
2026/02/05/01:05:40,3842.468376,0.908687,0.635653,0.908687,0.635653,107,0,443
2026/02/05/01:05:41,3843.469265,0.908687,0.635653,0.908687,0.635653,107,0,443
2026/02/05/01:05:42,3844.470077,0.908687,0.635653,0.908687,0.635653,107,0,443
2026/02/05/01:05:43,3845.471065,0.908687,0.635653,0.908687,0.635653,107,0,443
2026/02/05/01:05:44,3846.472090,0.908687,0.635653,0.908687,0.635653,107,0,443
2026/02/05/01:05:45,3847.472777,0.895563,0.622226,0.895563,0.622226,104,0,446
2026/02/05/01:05:46,3848.473565,0.895563,0.622226,0.895563,0.622226,104,0,446
2026/02/05/01:05:47,3849.474404,0.895563,0.622226,0.895563,0.622226,104,0,446
2026/02/05/01:05:48,3850.475367,0.895563,0.622226,0.895563,0.622226,104,0,446
2026/02/05/01:05:49,3851.476326,0.895563,0.622226,0.895563,0.622226,104,0,446
2026/02/05/01:05:50,3852.477107,0.895563,0.622226,0.895563,0.622226,104,0,446
2026/02/05/01:05:51,3853.478085,0.895563,0.622226,0.895563,0.622226,104,0,446
2026/02/05/01:05:52,3854.479058,0.895563,0.622226,0.895563,0.622226,104,0,446
2026/02/05/01:05:53,3855.479969,0.895563,0.622226,0.895563,0.622226,104,0,446
2026/02/05/01:05:54,3856.480920,0.895563,0.622226,0.895563,0.622226,104,0,446
2026/02/05/01:05:55,3857.481878,0.895563,0.622226,0.895563,0.622226,104,0,446
2026/02/05/01:05:56,3858.482848,0.895563,0.622226,0.895563,0.622226,104,0,446
2026/02/05/01:05:57,3859.483829,0.879062,0.618428,0.879062,0.618428,103,0,447
2026/02/05/01:05:58,3860.484702,0.879062,0.618428,0.879062,0.618428,103,0,447
2026/02/05/01:05:59,3861.485735,0.879062,0.618428,0.879062,0.618428,103,0,447
2026/02/05/01:06:00,3862.486515,0.879062,0.618428,0.879062,0.618428,103,0,447
2026/02/05/01:06:01,3863.487467,0.879062,0.618428,0.879062,0.618428,103,0,447
2026/02/05/01:06:02,3864.488355,0.879062,0.618428,0.879062,0.618428,103,0,447
2026/02/05/01:06:03,3865.489330,0.879062,0.618428,0.879062,0.618428,103,0,447
2026/02/05/01:06:04,3866.490295,0.879062,0.618428,0.879062,0.618428,103,0,447
2026/02/05/01:06:05,3867.491152,0.879062,0.618428,0.879062,0.618428,103,0,447
2026/02/05/01:06:06,3868.492213,0.879062,0.618428,0.879062,0.618428,103,0,447
2026/02/05/01:06:07,3869.493169,0.879062,0.618428,0.879062,0.618428,103,0,447
2026/02/05/01:06:08,3870.493993,0.879062,0.618428,0.879062,0.618428,103,0,447
2026/02/05/01:06:09,3871.494718,0.879062,0.618428,0.879062,0.618428,103,0,447
2026/02/05/01:06:10,3872.495749,0.879062,0.618428,0.879062,0.618428,103,0,447
2026/02/05/01:06:11,3873.496622,0.879062,0.618428,0.879062,0.618428,103,0,447
2026/02/05/01:06:12,3874.497503,0.879062,0.618428,0.879062,0.618428,103,0,447
2026/02/05/01:06:13,3875.498524,0.879062,0.618428,0.879062,0.618428,103,0,447
2026/02/05/01:06:14,3876.499305,0.879062,0.618428,0.879062,0.618428,103,0,447
2026/02/05/01:06:15,3877.500077,0.879062,0.618428,0.879062,0.618428,103,0,447
2026/02/05/01:06:16,3878.500842,0.879062,0.618428,0.879062,0.618428,103,0,447
2026/02/05/01:06:17,3879.501751,0.879062,0.618428,0.879062,0.618428,103,0,447
2026/02/05/01:06:18,3880.502743,0.879062,0.618428,0.879062,0.618428,103,0,447
2026/02/05/01:06:19,3881.503545,0.879062,0.618428,0.879062,0.618428,103,0,447
2026/02/05/01:06:20,3882.505274,0.879062,0.618428,0.879062,0.618428,103,0,447
2026/02/05/01:06:21,3883.506007,0.879062,0.618428,0.879062,0.618428,103,0,447
2026/02/05/01:06:22,3884.506840,0.879062,0.618428,0.879062,0.618428,103,0,447
2026/02/05/01:06:23,3885.507688,0.879062,0.618428,0.879062,0.618428,103,0,447
2026/02/05/01:06:24,3886.508709,0.879062,0.618428,0.879062,0.618428,103,0,447
2026/02/05/01:06:25,3887.509516,0.879062,0.618428,0.879062,0.618428,103,0,447
2026/02/05/01:06:26,3888.510339,0.879062,0.618428,0.879062,0.618428,103,0,447
2026/02/05/01:06:27,3889.511220,0.879062,0.618428,0.879062,0.618428,103,0,447
2026/02/05/01:06:28,3890.512264,0.879062,0.618428,0.879062,0.618428,103,0,447
2026/02/05/01:06:29,3891.513080,0.879062,0.618428,0.879062,0.618428,103,0,447
2026/02/05/01:06:30,3892.513965,0.879062,0.618428,0.879062,0.618428,103,0,447
2026/02/05/01:06:31,3893.514740,0.879062,0.618428,0.879062,0.618428,103,0,447
2026/02/05/01:06:32,3894.515647,0.916438,0.700348,0.916438,0.700348,109,0,447
2026/02/05/01:06:33,3895.516566,0.916438,0.700348,0.916438,0.700348,109,0,447
2026/02/05/01:06:34,3896.517444,0.916438,0.700348,0.916438,0.700348,109,0,447
2026/02/05/01:06:35,3897.518284,0.916438,0.700348,0.916438,0.700348,109,0,447
2026/02/05/01:06:36,3898.519138,0.916438,0.700348,0.916438,0.700348,109,0,447
2026/02/05/01:06:37,3899.519993,0.916438,0.700348,0.916438,0.700348,109,0,447
2026/02/05/01:06:38,3900.520934,0.888687,0.641886,0.888687,0.641886,106,0,450
2026/02/05/01:06:39,3901.521708,0.888687,0.641886,0.888687,0.641886,106,0,450
2026/02/05/01:06:40,3902.522631,0.882437,0.634822,0.882437,0.634822,104,0,452
2026/02/05/01:06:41,3903.523450,0.882437,0.634822,0.882437,0.634822,104,0,452
2026/02/05/01:06:42,3904.524316,0.882437,0.634822,0.882437,0.634822,104,0,452
2026/02/05/01:06:43,3905.525256,0.882437,0.634822,0.882437,0.634822,104,0,452
2026/02/05/01:06:44,3906.526177,0.882437,0.634822,0.882437,0.634822,104,0,452
2026/02/05/01:06:45,3907.527248,0.882437,0.634822,0.882437,0.634822,104,0,452
2026/02/05/01:06:46,3908.528272,0.882437,0.634822,0.882437,0.634822,104,0,452
2026/02/05/01:06:47,3909.529025,0.882437,0.634822,0.882437,0.634822,104,0,452
2026/02/05/01:06:48,3910.529717,0.882437,0.634822,0.882437,0.634822,104,0,452
2026/02/05/01:06:49,3911.530792,0.882437,0.634822,0.882437,0.634822,104,0,452
2026/02/05/01:06:50,3912.531647,0.882437,0.634822,0.882437,0.634822,104,0,452
2026/02/05/01:06:51,3913.532669,0.882437,0.634822,0.882437,0.634822,104,0,452
2026/02/05/01:06:52,3914.533612,0.882437,0.634822,0.882437,0.634822,104,0,452
2026/02/05/01:06:53,3915.534533,0.882437,0.634822,0.882437,0.634822,104,0,452
2026/02/05/01:06:54,3916.535511,0.882437,0.634822,0.882437,0.634822,104,0,452
2026/02/05/01:06:55,3917.536336,0.882437,0.634822,0.882437,0.634822,104,0,452
2026/02/05/01:06:56,3918.537133,0.882437,0.634822,0.882437,0.634822,104,0,452
2026/02/05/01:06:57,3919.537988,0.882437,0.634822,0.882437,0.634822,104,0,452
2026/02/05/01:06:58,3920.538865,0.882437,0.634822,0.882437,0.634822,104,0,452
2026/02/05/01:06:59,3921.539709,0.882437,0.634822,0.882437,0.634822,104,0,452
2026/02/05/01:07:00,3922.540593,0.882437,0.634822,0.882437,0.634822,104,0,452
2026/02/05/01:07:01,3923.541450,0.882437,0.634822,0.882437,0.634822,104,0,452
2026/02/05/01:07:02,3924.542585,0.882437,0.634822,0.882437,0.634822,104,0,452
2026/02/05/01:07:03,3925.543548,0.882437,0.634822,0.882437,0.634822,104,0,452
2026/02/05/01:07:04,3926.544516,0.882437,0.634822,0.882437,0.634822,104,0,452
2026/02/05/01:07:05,3927.545396,0.882437,0.634822,0.882437,0.634822,104,0,452
2026/02/05/01:07:06,3928.546392,0.882437,0.634822,0.882437,0.634822,104,0,452
2026/02/05/01:07:07,3929.547230,0.955625,0.712235,1.011375,0.722473,116,2,452
2026/02/05/01:07:08,3930.548141,0.959187,0.728086,1.075187,0.760610,117,7,452
2026/02/05/01:07:09,3931.548883,0.959187,0.728086,1.019437,0.750372,117,5,452
2026/02/05/01:07:10,3932.549724,0.966812,0.717669,1.016063,0.733977,117,4,453
2026/02/05/01:07:11,3933.550634,0.970562,0.713093,0.996062,0.719980,117,2,455
2026/02/05/01:07:12,3934.551467,0.970562,0.713093,0.996062,0.719980,117,2,455
2026/02/05/01:07:13,3935.552337,0.970562,0.713093,0.996062,0.719980,117,2,455
2026/02/05/01:07:14,3936.553340,0.970562,0.713093,0.996062,0.719980,117,2,455
2026/02/05/01:07:15,3937.554211,0.970562,0.713093,0.996062,0.719980,117,2,455
2026/02/05/01:07:16,3938.555141,0.970562,0.713093,0.996062,0.719980,117,2,455
2026/02/05/01:07:17,3939.555886,0.970562,0.713093,0.996062,0.719980,117,2,455
2026/02/05/01:07:18,3940.556850,0.970562,0.713093,0.996062,0.719980,117,2,455
2026/02/05/01:07:19,3941.557659,0.970562,0.713093,0.996062,0.719980,117,2,455
2026/02/05/01:07:20,3942.558393,0.964063,0.702133,0.989563,0.709019,115,2,457
2026/02/05/01:07:21,3943.559286,0.964063,0.702133,0.989563,0.709019,115,2,457
2026/02/05/01:07:22,3944.559951,0.964063,0.702133,0.989563,0.709019,115,2,457
2026/02/05/01:07:23,3945.560680,0.964063,0.702133,0.989563,0.709019,115,2,457
2026/02/05/01:07:24,3946.561380,0.964063,0.702133,0.989563,0.709019,115,2,457
2026/02/05/01:07:25,3947.562117,0.964063,0.702133,0.989563,0.709019,115,2,457
2026/02/05/01:07:26,3948.562950,0.964063,0.702133,0.989563,0.709019,115,2,457
2026/02/05/01:07:27,3949.563643,0.951313,0.698689,0.951313,0.698689,114,0,458
2026/02/05/01:07:28,3950.564335,0.951313,0.698689,0.951313,0.698689,114,0,458
2026/02/05/01:07:29,3951.565161,0.951313,0.698689,0.951313,0.698689,114,0,458
2026/02/05/01:07:30,3952.566102,0.951313,0.698689,0.951313,0.698689,114,0,458
2026/02/05/01:07:31,3953.566927,0.951313,0.698689,0.951313,0.698689,114,0,458
2026/02/05/01:07:32,3954.567825,0.951313,0.698689,0.951313,0.698689,114,0,458
2026/02/05/01:07:33,3955.568509,0.951313,0.698689,0.951313,0.698689,114,0,458
2026/02/05/01:07:34,3956.569309,0.951313,0.698689,0.951313,0.698689,114,0,458
2026/02/05/01:07:35,3957.570087,0.951313,0.698689,0.951313,0.698689,114,0,458
2026/02/05/01:07:36,3958.570891,0.951313,0.698689,0.951313,0.698689,114,0,458
2026/02/05/01:07:37,3959.571724,0.951313,0.698689,0.951313,0.698689,114,0,458
2026/02/05/01:07:38,3960.572597,0.951313,0.698689,0.951313,0.698689,114,0,458
2026/02/05/01:07:39,3961.573575,0.951313,0.698689,0.951313,0.698689,114,0,458
2026/02/05/01:07:40,3962.574413,0.951313,0.698689,0.951313,0.698689,114,0,458
2026/02/05/01:07:41,3963.575493,0.951313,0.698689,0.951313,0.698689,114,0,458
2026/02/05/01:07:42,3964.576261,0.951313,0.698689,0.951313,0.698689,114,0,458
2026/02/05/01:07:43,3965.577052,0.951313,0.698689,0.951313,0.698689,114,0,458
2026/02/05/01:07:44,3966.577997,0.951313,0.698689,0.951313,0.698689,114,0,458
2026/02/05/01:07:45,3967.578806,0.951313,0.698689,0.951313,0.698689,114,0,458
2026/02/05/01:07:46,3968.579569,0.951313,0.698689,0.951313,0.698689,114,0,458
2026/02/05/01:07:47,3969.580207,0.951313,0.698689,0.951313,0.698689,114,0,458
2026/02/05/01:07:48,3970.580977,0.951313,0.698689,0.951313,0.698689,114,0,458
2026/02/05/01:07:49,3971.581749,0.951313,0.698689,0.951313,0.698689,114,0,458
2026/02/05/01:07:50,3972.582661,0.951313,0.698689,0.951313,0.698689,114,0,458
2026/02/05/01:07:51,3973.583594,0.951313,0.698689,0.951313,0.698689,114,0,458
2026/02/05/01:07:52,3974.584251,0.951313,0.698689,0.951313,0.698689,114,0,458
2026/02/05/01:07:53,3975.585109,0.951313,0.698689,0.951313,0.698689,114,0,458
2026/02/05/01:07:54,3976.586113,0.951313,0.698689,0.951313,0.698689,114,0,458
2026/02/05/01:07:55,3977.586803,0.951313,0.698689,0.951313,0.698689,114,0,458
2026/02/05/01:07:56,3978.587528,0.951313,0.698689,0.951313,0.698689,114,0,458
2026/02/05/01:07:57,3979.588380,0.951313,0.698689,0.951313,0.698689,114,0,458
2026/02/05/01:07:58,3980.589117,0.951313,0.698689,0.951313,0.698689,114,0,458
2026/02/05/01:07:59,3981.589748,0.951313,0.698689,0.951313,0.698689,114,0,458
2026/02/05/01:08:00,3982.590806,0.951313,0.698689,0.951313,0.698689,114,0,458
2026/02/05/01:08:01,3983.591597,0.951313,0.698689,0.951313,0.698689,114,0,458
2026/02/05/01:08:02,3984.592453,0.951313,0.698689,0.951313,0.698689,114,0,458
2026/02/05/01:08:03,3985.593216,0.951313,0.698689,0.951313,0.698689,114,0,458
2026/02/05/01:08:04,3986.594162,0.951313,0.698689,0.951313,0.698689,114,0,458
2026/02/05/01:08:05,3987.595089,0.951313,0.698689,0.951313,0.698689,114,0,458
2026/02/05/01:08:06,3988.595835,0.951313,0.698689,0.951313,0.698689,114,0,458
2026/02/05/01:08:07,3989.596634,0.951313,0.698689,0.951313,0.698689,114,0,458
2026/02/05/01:08:08,3990.597633,0.951313,0.698689,0.951313,0.698689,114,0,458
2026/02/05/01:08:09,3991.598446,0.951313,0.698689,0.951313,0.698689,114,0,458
2026/02/05/01:08:10,3992.599354,0.934063,0.678726,0.934063,0.678726,111,0,461
2026/02/05/01:08:11,3993.600290,0.934063,0.678726,0.934063,0.678726,111,0,461
2026/02/05/01:08:12,3994.601042,0.934063,0.678726,0.934063,0.678726,111,0,461
2026/02/05/01:08:13,3995.601850,0.934063,0.678726,0.934063,0.678726,111,0,461
2026/02/05/01:08:14,3996.602790,0.934063,0.678726,0.934063,0.678726,111,0,461
2026/02/05/01:08:15,3997.603662,0.934063,0.678726,0.934063,0.678726,111,0,461
2026/02/05/01:08:16,3998.604585,0.934063,0.678726,0.934063,0.678726,111,0,461
2026/02/05/01:08:17,3999.605293,0.934063,0.678726,0.934063,0.678726,111,0,461
2026/02/05/01:08:18,4000.606243,0.934063,0.678726,0.934063,0.678726,111,0,461
2026/02/05/01:08:19,4001.607206,0.934063,0.678726,0.934063,0.678726,111,0,461
2026/02/05/01:08:20,4002.608137,0.934063,0.678726,0.934063,0.678726,111,0,461
2026/02/05/01:08:21,4003.608938,0.934063,0.678726,0.934063,0.678726,111,0,461
2026/02/05/01:08:22,4004.609838,0.934063,0.678726,0.934063,0.678726,111,0,461
2026/02/05/01:08:23,4005.610808,0.934063,0.678726,0.934063,0.678726,111,0,461
2026/02/05/01:08:24,4006.611486,0.934063,0.678726,0.934063,0.678726,111,0,461
2026/02/05/01:08:25,4007.612253,0.934063,0.678726,0.934063,0.678726,111,0,461
2026/02/05/01:08:26,4008.613024,0.934063,0.678726,0.934063,0.678726,111,0,461
2026/02/05/01:08:27,4009.613852,0.934063,0.678726,0.934063,0.678726,111,0,461
2026/02/05/01:08:28,4010.614548,0.934063,0.678726,0.934063,0.678726,111,0,461
2026/02/05/01:08:29,4011.615600,0.934063,0.678726,0.934063,0.678726,111,0,461
2026/02/05/01:08:30,4012.616252,0.906312,0.667641,0.906312,0.667641,108,0,464
2026/02/05/01:08:31,4013.617299,0.906312,0.667641,0.906312,0.667641,108,0,464
2026/02/05/01:08:32,4014.618036,0.906312,0.667641,0.906312,0.667641,108,0,464
2026/02/05/01:08:33,4015.618985,0.906312,0.667641,0.906312,0.667641,108,0,464
2026/02/05/01:08:34,4016.619753,0.906312,0.667641,0.906312,0.667641,108,0,464
2026/02/05/01:08:35,4017.620529,0.906312,0.667641,0.906312,0.667641,108,0,464
2026/02/05/01:08:36,4018.621300,0.906312,0.667641,0.906312,0.667641,108,0,464
2026/02/05/01:08:37,4019.622071,0.906312,0.667641,0.906312,0.667641,108,0,464
2026/02/05/01:08:38,4020.622868,0.906312,0.667641,0.906312,0.667641,108,0,464
2026/02/05/01:08:39,4021.623862,0.906312,0.667641,0.906312,0.667641,108,0,464
2026/02/05/01:08:40,4022.624755,0.906312,0.667641,0.906312,0.667641,108,0,464
2026/02/05/01:08:41,4023.625752,0.929688,0.671638,0.929688,0.671638,109,0,464
2026/02/05/01:08:42,4024.626565,0.929688,0.671638,0.929688,0.671638,109,0,464
2026/02/05/01:08:43,4025.627493,0.929688,0.671638,0.929688,0.671638,109,0,464
2026/02/05/01:08:44,4026.628366,0.929688,0.671638,0.929688,0.671638,109,0,464
2026/02/05/01:08:45,4027.629181,0.929688,0.671638,0.929688,0.671638,109,0,464
2026/02/05/01:08:46,4028.629976,0.929688,0.671638,0.929688,0.671638,109,0,464
2026/02/05/01:08:47,4029.630635,0.906312,0.667641,0.906312,0.667641,108,0,465
2026/02/05/01:08:48,4030.631474,0.906312,0.667641,0.906312,0.667641,108,0,465
2026/02/05/01:08:49,4031.632420,0.906312,0.667641,0.906312,0.667641,108,0,465
2026/02/05/01:08:50,4032.633286,0.906312,0.667641,0.906312,0.667641,108,0,465
2026/02/05/01:08:51,4033.634095,0.906312,0.667641,0.906312,0.667641,108,0,465
2026/02/05/01:08:52,4034.634943,0.906312,0.667641,0.906312,0.667641,108,0,465
2026/02/05/01:08:53,4035.636030,0.913438,0.673891,0.913438,0.673891,110,0,465
2026/02/05/01:08:54,4036.637056,0.913438,0.673891,0.913438,0.673891,110,0,465
2026/02/05/01:08:55,4037.637785,0.913438,0.673891,0.913438,0.673891,110,0,465
2026/02/05/01:08:56,4038.638440,0.906312,0.667641,0.906312,0.667641,108,0,467
2026/02/05/01:08:57,4039.639432,0.906312,0.667641,0.906312,0.667641,108,0,467
2026/02/05/01:08:58,4040.640314,0.906312,0.667641,0.906312,0.667641,108,0,467
2026/02/05/01:08:59,4041.641178,0.906312,0.667641,0.906312,0.667641,108,0,467
2026/02/05/01:09:00,4042.642095,0.906312,0.667641,0.906312,0.667641,108,0,467
2026/02/05/01:09:01,4043.643054,0.906312,0.667641,0.906312,0.667641,108,0,467
2026/02/05/01:09:02,4044.643853,0.906312,0.667641,0.906312,0.667641,108,0,467
2026/02/05/01:09:03,4045.644600,0.906312,0.667641,0.906312,0.667641,108,0,467
2026/02/05/01:09:04,4046.645550,0.906312,0.667641,0.906312,0.667641,108,0,467
2026/02/05/01:09:05,4047.646272,0.906312,0.667641,0.906312,0.667641,108,0,467
2026/02/05/01:09:06,4048.647014,0.906312,0.667641,0.906312,0.667641,108,0,467
2026/02/05/01:09:07,4049.647707,0.906312,0.667641,0.906312,0.667641,108,0,467
2026/02/05/01:09:08,4050.648547,0.906312,0.667641,0.906312,0.667641,108,0,467
2026/02/05/01:09:09,4051.649233,0.906312,0.667641,0.906312,0.667641,108,0,467
2026/02/05/01:09:10,4052.650211,0.906312,0.667641,0.906312,0.667641,108,0,467
2026/02/05/01:09:11,4053.651152,0.906312,0.667641,0.906312,0.667641,108,0,467
2026/02/05/01:09:12,4054.651989,0.906312,0.667641,0.906312,0.667641,108,0,467
2026/02/05/01:09:13,4055.652714,0.906312,0.667641,0.906312,0.667641,108,0,467
2026/02/05/01:09:14,4056.653668,0.906312,0.667641,0.906312,0.667641,108,0,467
2026/02/05/01:09:15,4057.654462,0.906312,0.667641,0.906312,0.667641,108,0,467
2026/02/05/01:09:16,4058.655514,0.906312,0.667641,0.906312,0.667641,108,0,467
2026/02/05/01:09:17,4059.656167,0.906312,0.667641,0.906312,0.667641,108,0,467
2026/02/05/01:09:18,4060.656997,0.906312,0.667641,0.906312,0.667641,108,0,467
2026/02/05/01:09:19,4061.657877,0.906312,0.667641,0.906312,0.667641,108,0,467
2026/02/05/01:09:20,4062.658863,0.906312,0.667641,0.906312,0.667641,108,0,467
2026/02/05/01:09:21,4063.659854,0.911937,0.674493,0.911937,0.674493,109,0,467
2026/02/05/01:09:22,4064.660858,0.911937,0.674493,0.911937,0.674493,109,0,467
2026/02/05/01:09:23,4065.661543,0.911937,0.674493,0.911937,0.674493,109,0,467
2026/02/05/01:09:24,4066.662542,0.911937,0.674493,0.911937,0.674493,109,0,467
2026/02/05/01:09:25,4067.663490,0.911937,0.674493,0.911937,0.674493,109,0,467
2026/02/05/01:09:26,4068.664319,0.911937,0.674493,0.911937,0.674493,109,0,467
2026/02/05/01:09:27,4069.665191,0.911937,0.674493,0.911937,0.674493,109,0,467
2026/02/05/01:09:28,4070.666025,0.911937,0.674493,0.911937,0.674493,109,0,467
2026/02/05/01:09:29,4071.666838,0.911937,0.674493,0.911937,0.674493,109,0,467
2026/02/05/01:09:30,4072.668553,0.915188,0.681624,0.915188,0.681624,110,0,467
2026/02/05/01:09:31,4073.669407,0.915188,0.681624,0.915188,0.681624,110,0,467
2026/02/05/01:09:32,4074.670388,0.915188,0.681624,0.915188,0.681624,110,0,467
2026/02/05/01:09:33,4075.671271,0.915188,0.681624,0.915188,0.681624,110,0,467
2026/02/05/01:09:34,4076.672232,0.915188,0.681624,0.915188,0.681624,110,0,467
2026/02/05/01:09:35,4077.673149,0.915188,0.681624,0.915188,0.681624,110,0,467
2026/02/05/01:09:36,4078.673868,0.915188,0.681624,0.915188,0.681624,110,0,467
2026/02/05/01:09:37,4079.674595,0.915188,0.681624,0.915188,0.681624,110,0,467
2026/02/05/01:09:38,4080.675399,0.915188,0.681624,0.915188,0.681624,110,0,467
2026/02/05/01:09:39,4081.676195,0.915188,0.681624,0.915188,0.681624,110,0,467
2026/02/05/01:09:40,4082.676964,0.915188,0.681624,0.915188,0.681624,110,0,467
2026/02/05/01:09:41,4083.677733,0.915188,0.681624,0.915188,0.681624,110,0,467
2026/02/05/01:09:42,4084.678544,0.915188,0.681624,0.915188,0.681624,110,0,467
2026/02/05/01:09:43,4085.679509,0.915188,0.681624,0.915188,0.681624,110,0,467
2026/02/05/01:09:44,4086.680331,0.915188,0.681624,0.915188,0.681624,110,0,467
2026/02/05/01:09:45,4087.681077,0.915188,0.681624,0.915188,0.681624,110,0,467
2026/02/05/01:09:46,4088.681951,0.911937,0.674493,0.911937,0.674493,109,0,468
2026/02/05/01:09:47,4089.682730,0.911937,0.674493,0.911937,0.674493,109,0,468
2026/02/05/01:09:48,4090.683408,0.911937,0.674493,0.911937,0.674493,109,0,468
2026/02/05/01:09:49,4091.684180,0.911937,0.674493,0.911937,0.674493,109,0,468
2026/02/05/01:09:50,4092.685052,0.911937,0.674493,0.911937,0.674493,109,0,468
2026/02/05/01:09:51,4093.685764,0.911937,0.674493,0.911937,0.674493,109,0,468
2026/02/05/01:09:52,4094.686543,0.892437,0.667650,0.892437,0.667650,107,0,470
2026/02/05/01:09:53,4095.687399,0.892437,0.667650,0.892437,0.667650,107,0,470
2026/02/05/01:09:54,4096.688481,0.892437,0.667650,0.892437,0.667650,107,0,470
2026/02/05/01:09:55,4097.689579,0.892437,0.667650,0.892437,0.667650,107,0,470
2026/02/05/01:09:56,4098.690483,0.892437,0.667650,0.892437,0.667650,107,0,470
2026/02/05/01:09:57,4099.691483,0.892437,0.667650,0.892437,0.667650,107,0,470
2026/02/05/01:09:58,4100.692353,0.892437,0.667650,0.892437,0.667650,107,0,470
2026/02/05/01:09:59,4101.693253,0.892437,0.667650,0.892437,0.667650,107,0,470
2026/02/05/01:10:00,4102.694031,0.892437,0.667650,0.892437,0.667650,107,0,470
2026/02/05/01:10:01,4103.694798,0.892437,0.667650,0.892437,0.667650,107,0,470
2026/02/05/01:10:02,4104.695582,0.892437,0.667650,0.892437,0.667650,107,0,470
2026/02/05/01:10:03,4105.696525,0.892437,0.667650,0.892437,0.667650,107,0,470
2026/02/05/01:10:04,4106.697307,0.892437,0.667650,0.892437,0.667650,107,0,470
2026/02/05/01:10:05,4107.698201,0.892437,0.667650,0.892437,0.667650,107,0,470
2026/02/05/01:10:06,4108.698868,0.892437,0.667650,0.892437,0.667650,107,0,470
2026/02/05/01:10:07,4109.699709,0.892437,0.667650,0.892437,0.667650,107,0,470
2026/02/05/01:10:08,4110.700500,0.892437,0.667650,0.892437,0.667650,107,0,470
2026/02/05/01:10:09,4111.701391,0.892437,0.667650,0.892437,0.667650,107,0,470
2026/02/05/01:10:10,4112.702173,0.892437,0.667650,0.892437,0.667650,107,0,470
2026/02/05/01:10:11,4113.702934,0.892437,0.667650,0.892437,0.667650,107,0,470
2026/02/05/01:10:12,4114.703829,0.892437,0.667650,0.892437,0.667650,107,0,470
2026/02/05/01:10:13,4115.704693,0.892437,0.667650,0.892437,0.667650,107,0,470
2026/02/05/01:10:14,4116.705468,0.881062,0.659113,0.881062,0.659113,106,0,471
2026/02/05/01:10:15,4117.706438,0.881062,0.659113,0.881062,0.659113,106,0,471
2026/02/05/01:10:16,4118.707218,0.881062,0.659113,0.881062,0.659113,106,0,471
2026/02/05/01:10:17,4119.708107,0.881062,0.659113,0.881062,0.659113,106,0,471
2026/02/05/01:10:18,4120.709171,0.881062,0.659113,0.881062,0.659113,106,0,471
2026/02/05/01:10:19,4121.710162,0.881062,0.659113,0.881062,0.659113,106,0,471
2026/02/05/01:10:20,4122.710944,0.881062,0.659113,0.881062,0.659113,106,0,471
2026/02/05/01:10:21,4123.711848,0.881062,0.659113,0.881062,0.659113,106,0,471
2026/02/05/01:10:22,4124.712650,0.881062,0.659113,0.881062,0.659113,106,0,471
2026/02/05/01:10:23,4125.713605,0.881062,0.659113,0.881062,0.659113,106,0,471
2026/02/05/01:10:24,4126.714387,0.881062,0.659113,0.881062,0.659113,106,0,471
2026/02/05/01:10:25,4127.715124,0.881062,0.659113,0.881062,0.659113,106,0,471
2026/02/05/01:10:26,4128.716132,0.877500,0.643262,0.877500,0.643262,105,0,472
2026/02/05/01:10:27,4129.716833,0.877500,0.643262,0.877500,0.643262,105,0,472
2026/02/05/01:10:28,4130.717682,0.877500,0.643262,0.877500,0.643262,105,0,472
2026/02/05/01:10:29,4131.718457,0.877500,0.643262,0.877500,0.643262,105,0,472
2026/02/05/01:10:30,4132.719398,0.877500,0.643262,0.877500,0.643262,105,0,472
2026/02/05/01:10:31,4133.720156,0.877500,0.643262,0.877500,0.643262,105,0,472
2026/02/05/01:10:32,4134.721042,0.877500,0.643262,0.877500,0.643262,105,0,472
2026/02/05/01:10:33,4135.721900,0.877500,0.643262,0.877500,0.643262,105,0,472
2026/02/05/01:10:34,4136.722823,0.877500,0.643262,0.877500,0.643262,105,0,472
2026/02/05/01:10:35,4137.723696,0.877500,0.643262,0.877500,0.643262,105,0,472
2026/02/05/01:10:36,4138.724469,0.877500,0.643262,0.877500,0.643262,105,0,472
2026/02/05/01:10:37,4139.725278,0.877500,0.643262,0.877500,0.643262,105,0,472
2026/02/05/01:10:38,4140.726051,0.877500,0.643262,0.877500,0.643262,105,0,472
2026/02/05/01:10:39,4141.727048,0.877500,0.643262,0.877500,0.643262,105,0,472
2026/02/05/01:10:40,4142.727812,0.877500,0.643262,0.877500,0.643262,105,0,472
2026/02/05/01:10:41,4143.728688,0.877500,0.643262,0.877500,0.643262,105,0,472
2026/02/05/01:10:42,4144.729481,0.877500,0.643262,0.877500,0.643262,105,0,472
2026/02/05/01:10:43,4145.730479,0.877500,0.643262,0.877500,0.643262,105,0,472
2026/02/05/01:10:44,4146.731350,0.877500,0.643262,0.877500,0.643262,105,0,472
2026/02/05/01:10:45,4147.732221,0.877500,0.643262,0.877500,0.643262,105,0,472
2026/02/05/01:10:46,4148.733055,0.877500,0.643262,0.877500,0.643262,105,0,472
2026/02/05/01:10:47,4149.733806,0.877500,0.643262,0.877500,0.643262,105,0,472
2026/02/05/01:10:48,4150.734728,0.877500,0.643262,0.877500,0.643262,105,0,472
2026/02/05/01:10:49,4151.735595,0.877500,0.643262,0.877500,0.643262,105,0,472
2026/02/05/01:10:50,4152.736325,0.877500,0.643262,0.877500,0.643262,105,0,472
2026/02/05/01:10:51,4153.737068,0.877500,0.643262,0.877500,0.643262,105,0,472
2026/02/05/01:10:52,4154.737907,0.877500,0.643262,0.877500,0.643262,105,0,472
2026/02/05/01:10:53,4155.738726,0.877500,0.643262,0.877500,0.643262,105,0,472
2026/02/05/01:10:54,4156.739608,0.877500,0.643262,0.877500,0.643262,105,0,472
2026/02/05/01:10:55,4157.740496,0.877500,0.643262,0.877500,0.643262,105,0,472
2026/02/05/01:10:56,4158.741387,0.877500,0.643262,0.877500,0.643262,105,0,472
2026/02/05/01:10:57,4159.742113,0.877500,0.643262,0.877500,0.643262,105,0,472
2026/02/05/01:10:58,4160.743081,0.877500,0.643262,0.877500,0.643262,105,0,472
2026/02/05/01:10:59,4161.744153,0.877500,0.643262,0.877500,0.643262,105,0,472
2026/02/05/01:11:00,4162.744941,0.877500,0.643262,0.877500,0.643262,105,0,472
2026/02/05/01:11:01,4163.745830,0.877500,0.643262,0.877500,0.643262,105,0,472
2026/02/05/01:11:02,4164.746648,0.891750,0.654618,0.891750,0.654618,108,0,472
2026/02/05/01:11:03,4165.747412,0.891750,0.654618,0.891750,0.654618,108,0,472
2026/02/05/01:11:04,4166.748097,0.891750,0.654618,0.891750,0.654618,108,0,472
2026/02/05/01:11:05,4167.748814,0.891750,0.654618,0.891750,0.654618,108,0,472
2026/02/05/01:11:06,4168.749708,0.891750,0.654618,0.891750,0.654618,108,0,472
2026/02/05/01:11:07,4169.750420,0.891750,0.654618,0.891750,0.654618,108,0,472
2026/02/05/01:11:08,4170.751109,0.891750,0.654618,0.891750,0.654618,108,0,472
2026/02/05/01:11:09,4171.751829,0.891750,0.654618,0.891750,0.654618,108,0,472
2026/02/05/01:11:10,4172.752575,0.891750,0.654618,0.891750,0.654618,108,0,472
2026/02/05/01:11:11,4173.753409,0.877500,0.643262,0.877500,0.643262,105,0,475
2026/02/05/01:11:12,4174.754099,0.877500,0.643262,0.877500,0.643262,105,0,475
2026/02/05/01:11:13,4175.754821,0.877500,0.643262,0.877500,0.643262,105,0,475
2026/02/05/01:11:14,4176.755823,0.877500,0.643262,0.877500,0.643262,105,0,475
2026/02/05/01:11:15,4177.756789,0.877500,0.643262,0.877500,0.643262,105,0,475
2026/02/05/01:11:16,4178.757800,0.877500,0.643262,0.877500,0.643262,105,0,475
2026/02/05/01:11:17,4179.758758,0.877500,0.643262,0.877500,0.643262,105,0,475
2026/02/05/01:11:18,4180.759547,0.877500,0.643262,0.877500,0.643262,105,0,475
2026/02/05/01:11:19,4181.760324,0.877500,0.643262,0.877500,0.643262,105,0,475
2026/02/05/01:11:20,4182.761276,0.877500,0.643262,0.877500,0.643262,105,0,475
2026/02/05/01:11:21,4183.762243,0.877500,0.643262,0.877500,0.643262,105,0,475
2026/02/05/01:11:22,4184.763080,0.877500,0.643262,0.877500,0.643262,105,0,475
2026/02/05/01:11:23,4185.763766,0.867000,0.636212,0.867000,0.636212,103,0,477
2026/02/05/01:11:24,4186.764569,0.867000,0.636212,0.867000,0.636212,103,0,477
2026/02/05/01:11:25,4187.765370,0.867000,0.636212,0.867000,0.636212,103,0,477
2026/02/05/01:11:26,4188.766169,0.867000,0.636212,0.867000,0.636212,103,0,477
2026/02/05/01:11:27,4189.767069,0.867000,0.636212,0.867000,0.636212,103,0,477
2026/02/05/01:11:28,4190.767966,0.867000,0.636212,0.867000,0.636212,103,0,477
2026/02/05/01:11:29,4191.768974,0.867000,0.636212,0.867000,0.636212,103,0,477
2026/02/05/01:11:30,4192.769748,0.867000,0.636212,0.867000,0.636212,103,0,477
2026/02/05/01:11:31,4193.770586,0.867000,0.636212,0.867000,0.636212,103,0,477
2026/02/05/01:11:32,4194.771440,0.867000,0.636212,0.867000,0.636212,103,0,477
2026/02/05/01:11:33,4195.772230,0.867000,0.636212,0.867000,0.636212,103,0,477
2026/02/05/01:11:34,4196.773091,0.867000,0.636212,0.867000,0.636212,103,0,477
2026/02/05/01:11:35,4197.774106,0.867000,0.636212,0.867000,0.636212,103,0,477
2026/02/05/01:11:36,4198.775053,0.867000,0.636212,0.867000,0.636212,103,0,477
2026/02/05/01:11:37,4199.776029,0.867000,0.636212,0.867000,0.636212,103,0,477
2026/02/05/01:11:38,4200.776968,0.867000,0.636212,0.867000,0.636212,103,0,477
2026/02/05/01:11:39,4201.778063,0.867000,0.636212,0.867000,0.636212,103,0,477
2026/02/05/01:11:40,4202.778785,0.867000,0.636212,0.867000,0.636212,103,0,477
2026/02/05/01:11:41,4203.779661,0.867000,0.636212,0.867000,0.636212,103,0,477
2026/02/05/01:11:42,4204.782423,0.867000,0.636212,0.867000,0.636212,103,0,477
2026/02/05/01:11:43,4205.783307,0.867000,0.636212,0.867000,0.636212,103,0,477
2026/02/05/01:11:44,4206.784378,0.867000,0.636212,0.867000,0.636212,103,0,477
2026/02/05/01:11:45,4207.785203,0.867000,0.636212,0.867000,0.636212,103,0,477
2026/02/05/01:11:46,4208.785982,0.867000,0.636212,0.867000,0.636212,103,0,477
2026/02/05/01:11:47,4209.786854,0.867000,0.636212,0.867000,0.636212,103,0,477
2026/02/05/01:11:48,4210.787636,0.867000,0.636212,0.867000,0.636212,103,0,477
2026/02/05/01:11:49,4211.788558,0.867000,0.636212,0.867000,0.636212,103,0,477
2026/02/05/01:11:50,4212.789217,0.867000,0.636212,0.867000,0.636212,103,0,477
2026/02/05/01:11:51,4213.790164,0.867000,0.636212,0.867000,0.636212,103,0,477
2026/02/05/01:11:52,4214.790812,0.867000,0.636212,0.867000,0.636212,103,0,477
2026/02/05/01:11:53,4215.791796,0.867000,0.636212,0.867000,0.636212,103,0,477
2026/02/05/01:11:54,4216.792624,0.867000,0.636212,0.867000,0.636212,103,0,477
2026/02/05/01:11:55,4217.793522,0.867000,0.636212,0.867000,0.636212,103,0,477
2026/02/05/01:11:56,4218.794369,0.867000,0.636212,0.867000,0.636212,103,0,477
2026/02/05/01:11:57,4219.795090,0.867000,0.636212,0.867000,0.636212,103,0,477
2026/02/05/01:11:58,4220.796029,0.867000,0.636212,0.867000,0.636212,103,0,477
2026/02/05/01:11:59,4221.796930,0.867000,0.636212,0.867000,0.636212,103,0,477
2026/02/05/01:12:00,4222.797803,0.867000,0.636212,0.867000,0.636212,103,0,477
2026/02/05/01:12:01,4223.798699,0.867000,0.636212,0.867000,0.636212,103,0,477
2026/02/05/01:12:02,4224.799634,0.867000,0.636212,0.867000,0.636212,103,0,477
2026/02/05/01:12:03,4225.800488,0.867000,0.636212,0.867000,0.636212,103,0,477
2026/02/05/01:12:04,4226.801363,0.867000,0.636212,0.867000,0.636212,103,0,477
2026/02/05/01:12:05,4227.802396,0.867000,0.636212,0.867000,0.636212,103,0,477
2026/02/05/01:12:06,4228.803339,0.867000,0.636212,0.867000,0.636212,103,0,477
2026/02/05/01:12:07,4229.806263,0.867000,0.636212,0.867000,0.636212,103,0,477
2026/02/05/01:12:08,4230.806957,0.867000,0.636212,0.867000,0.636212,103,0,477
2026/02/05/01:12:09,4231.807791,0.867000,0.636212,0.867000,0.636212,103,0,477
2026/02/05/01:12:10,4232.808624,0.867000,0.636212,0.867000,0.636212,103,0,477
2026/02/05/01:12:11,4233.809595,0.867000,0.636212,0.867000,0.636212,103,0,477
2026/02/05/01:12:12,4234.810383,0.867000,0.636212,0.867000,0.636212,103,0,477
2026/02/05/01:12:13,4235.811110,0.867000,0.636212,0.867000,0.636212,103,0,477
2026/02/05/01:12:14,4236.811930,0.867000,0.636212,0.867000,0.636212,103,0,477
2026/02/05/01:12:15,4237.812795,0.867000,0.636212,0.867000,0.636212,103,0,477
2026/02/05/01:12:16,4238.813725,0.867000,0.636212,0.867000,0.636212,103,0,477
2026/02/05/01:12:17,4239.814690,0.867000,0.636212,0.867000,0.636212,103,0,477
2026/02/05/01:12:18,4240.815473,0.867000,0.636212,0.867000,0.636212,103,0,477
2026/02/05/01:12:19,4241.816321,0.867000,0.636212,0.867000,0.636212,103,0,477
2026/02/05/01:12:20,4242.817149,0.867000,0.636212,0.867000,0.636212,103,0,477
2026/02/05/01:12:21,4243.818067,0.867000,0.636212,0.867000,0.636212,103,0,477
2026/02/05/01:12:22,4244.818990,0.867000,0.636212,0.867000,0.636212,103,0,477
2026/02/05/01:12:23,4245.819746,0.867000,0.636212,0.867000,0.636212,103,0,477
2026/02/05/01:12:24,4246.820566,0.867000,0.636212,0.867000,0.636212,103,0,477
2026/02/05/01:12:25,4247.821322,0.867000,0.636212,0.867000,0.636212,103,0,477
2026/02/05/01:12:26,4248.822051,0.867000,0.636212,0.867000,0.636212,103,0,477
2026/02/05/01:12:27,4249.822916,0.867000,0.636212,0.867000,0.636212,103,0,477
2026/02/05/01:12:28,4250.823591,0.867000,0.636212,0.867000,0.636212,103,0,477
2026/02/05/01:12:29,4251.824346,0.867000,0.636212,0.867000,0.636212,103,0,477
2026/02/05/01:12:30,4252.825121,0.867000,0.636212,0.867000,0.636212,103,0,477
2026/02/05/01:12:31,4253.826180,0.867000,0.636212,0.867000,0.636212,103,0,477
2026/02/05/01:12:32,4254.827237,0.867000,0.636212,0.867000,0.636212,103,0,477
2026/02/05/01:12:33,4255.828085,0.867000,0.636212,0.867000,0.636212,103,0,477
2026/02/05/01:12:34,4256.829050,0.867000,0.636212,0.867000,0.636212,103,0,477
2026/02/05/01:12:35,4257.829808,0.867000,0.636212,0.867000,0.636212,103,0,477
2026/02/05/01:12:36,4258.830844,0.867000,0.636212,0.867000,0.636212,103,0,477
2026/02/05/01:12:37,4259.831716,0.867000,0.636212,0.867000,0.636212,103,0,477
2026/02/05/01:12:38,4260.832691,0.867000,0.636212,0.867000,0.636212,103,0,477
2026/02/05/01:12:39,4261.833759,0.867000,0.636212,0.867000,0.636212,103,0,477
2026/02/05/01:12:40,4262.834685,0.867000,0.636212,0.867000,0.636212,103,0,477
2026/02/05/01:12:41,4263.835457,0.867000,0.636212,0.867000,0.636212,103,0,477
2026/02/05/01:12:42,4264.836360,0.867000,0.636212,0.867000,0.636212,103,0,477
2026/02/05/01:12:43,4265.837326,0.867000,0.636212,0.867000,0.636212,103,0,477
2026/02/05/01:12:44,4266.838353,0.867000,0.636212,0.867000,0.636212,103,0,477
2026/02/05/01:12:45,4267.839266,0.867000,0.636212,0.867000,0.636212,103,0,477
2026/02/05/01:12:46,4268.840172,0.867000,0.636212,0.867000,0.636212,103,0,477
2026/02/05/01:12:47,4269.841043,0.867000,0.636212,0.867000,0.636212,103,0,477
2026/02/05/01:12:48,4270.841818,0.867000,0.636212,0.867000,0.636212,103,0,477
2026/02/05/01:12:49,4271.842617,0.867000,0.636212,0.867000,0.636212,103,0,477
2026/02/05/01:12:50,4272.843567,0.867000,0.636212,0.867000,0.636212,103,0,477
2026/02/05/01:12:51,4273.844505,0.867000,0.636212,0.867000,0.636212,103,0,477
2026/02/05/01:12:52,4274.845408,0.867000,0.636212,0.867000,0.636212,103,0,477
2026/02/05/01:12:53,4275.846236,0.867000,0.636212,0.867000,0.636212,103,0,477
2026/02/05/01:12:54,4276.847109,0.854812,0.627737,0.854812,0.627737,102,0,478
2026/02/05/01:12:55,4277.847992,0.854812,0.627737,0.854812,0.627737,102,0,478
2026/02/05/01:12:56,4278.848878,0.854812,0.627737,0.854812,0.627737,102,0,478
2026/02/05/01:12:57,4279.849623,0.854812,0.627737,0.854812,0.627737,102,0,478
2026/02/05/01:12:58,4280.850419,0.854812,0.627737,0.854812,0.627737,102,0,478
2026/02/05/01:12:59,4281.851292,0.854812,0.627737,0.854812,0.627737,102,0,478
2026/02/05/01:13:00,4282.852131,0.854812,0.627737,0.854812,0.627737,102,0,478
2026/02/05/01:13:01,4283.852950,0.854812,0.627737,0.854812,0.627737,102,0,478
2026/02/05/01:13:02,4284.853789,0.854812,0.627737,0.854812,0.627737,102,0,478
2026/02/05/01:13:03,4285.854662,0.854812,0.627737,0.854812,0.627737,102,0,478
2026/02/05/01:13:04,4286.855421,0.854812,0.627737,0.854812,0.627737,102,0,478
2026/02/05/01:13:05,4287.856518,0.854812,0.627737,0.854812,0.627737,102,0,478
2026/02/05/01:13:06,4288.857529,0.854812,0.627737,0.854812,0.627737,102,0,478
2026/02/05/01:13:07,4289.858517,0.854812,0.627737,0.854812,0.627737,102,0,478
2026/02/05/01:13:08,4290.859396,0.854812,0.627737,0.854812,0.627737,102,0,478
2026/02/05/01:13:09,4291.860391,0.854812,0.627737,0.854812,0.627737,102,0,478
2026/02/05/01:13:10,4292.861258,0.854812,0.627737,0.854812,0.627737,102,0,478
2026/02/05/01:13:11,4293.862185,0.854812,0.627737,0.854812,0.627737,102,0,478
2026/02/05/01:13:12,4294.863077,0.854812,0.627737,0.854812,0.627737,102,0,478
2026/02/05/01:13:13,4295.864085,0.854812,0.627737,0.854812,0.627737,102,0,478
2026/02/05/01:13:14,4296.864990,0.854812,0.627737,0.854812,0.627737,102,0,478
2026/02/05/01:13:15,4297.865867,0.854812,0.627737,0.854812,0.627737,102,0,478
2026/02/05/01:13:16,4298.866590,0.854812,0.627737,0.854812,0.627737,102,0,478
2026/02/05/01:13:17,4299.867470,0.854812,0.627737,0.854812,0.627737,102,0,478
2026/02/05/01:13:18,4300.868299,0.854812,0.627737,0.854812,0.627737,102,0,478
2026/02/05/01:13:19,4301.869222,0.854812,0.627737,0.854812,0.627737,102,0,478
2026/02/05/01:13:20,4302.870140,0.854812,0.627737,0.854812,0.627737,102,0,478
2026/02/05/01:13:21,4303.871073,0.854812,0.627737,0.854812,0.627737,102,0,478
2026/02/05/01:13:22,4304.871830,0.854812,0.627737,0.854812,0.627737,102,0,478
2026/02/05/01:13:23,4305.872838,0.854812,0.627737,0.854812,0.627737,102,0,478
2026/02/05/01:13:24,4306.873882,0.854812,0.627737,0.854812,0.627737,102,0,478
2026/02/05/01:13:25,4307.874711,0.854812,0.627737,0.854812,0.627737,102,0,478
2026/02/05/01:13:26,4308.875406,0.854812,0.627737,0.854812,0.627737,102,0,478
2026/02/05/01:13:27,4309.876148,0.854812,0.627737,0.854812,0.627737,102,0,478
2026/02/05/01:13:28,4310.876959,0.854812,0.627737,0.854812,0.627737,102,0,478
2026/02/05/01:13:29,4311.877651,0.854812,0.627737,0.854812,0.627737,102,0,478
2026/02/05/01:13:30,4312.878599,0.854812,0.627737,0.854812,0.627737,102,0,478
2026/02/05/01:13:31,4313.879608,0.854812,0.627737,0.854812,0.627737,102,0,478
2026/02/05/01:13:32,4314.880394,0.854812,0.627737,0.854812,0.627737,102,0,478
2026/02/05/01:13:33,4315.881331,0.854812,0.627737,0.854812,0.627737,102,0,478
2026/02/05/01:13:34,4316.882084,0.854812,0.627737,0.854812,0.627737,102,0,478
2026/02/05/01:13:35,4317.882831,0.877313,0.640591,0.877313,0.640591,105,0,478
2026/02/05/01:13:36,4318.883738,0.877313,0.640591,0.877313,0.640591,105,0,478
2026/02/05/01:13:37,4319.884749,0.877313,0.640591,0.877313,0.640591,105,0,478
2026/02/05/01:13:38,4320.885734,0.877313,0.640591,0.877313,0.640591,105,0,478
2026/02/05/01:13:39,4321.886596,0.892062,0.647593,0.892062,0.647593,107,0,478
2026/02/05/01:13:40,4322.887495,0.892062,0.647593,0.892062,0.647593,107,0,478
2026/02/05/01:13:41,4323.888200,0.892062,0.647593,0.892062,0.647593,107,0,478
2026/02/05/01:13:42,4324.888968,0.892062,0.647593,0.892062,0.647593,107,0,478
2026/02/05/01:13:43,4325.889850,0.892062,0.647593,0.892062,0.647593,107,0,478
2026/02/05/01:13:44,4326.890725,0.877313,0.640591,0.877313,0.640591,105,0,480
2026/02/05/01:13:45,4327.892266,0.877313,0.640591,0.877313,0.640591,105,0,480
2026/02/05/01:13:46,4328.893046,0.877313,0.640591,0.877313,0.640591,105,0,480
2026/02/05/01:13:47,4329.893743,0.877313,0.640591,0.877313,0.640591,105,0,480
2026/02/05/01:13:48,4330.894552,0.877313,0.640591,0.877313,0.640591,105,0,480
2026/02/05/01:13:49,4331.895190,0.877313,0.640591,0.877313,0.640591,105,0,480
2026/02/05/01:13:50,4332.895953,0.877313,0.640591,0.877313,0.640591,105,0,480
2026/02/05/01:13:51,4333.896713,0.877313,0.640591,0.877313,0.640591,105,0,480
2026/02/05/01:13:52,4334.897496,0.877313,0.640591,0.877313,0.640591,105,0,480
2026/02/05/01:13:53,4335.898355,0.877313,0.640591,0.877313,0.640591,105,0,480
2026/02/05/01:13:54,4336.899119,0.877313,0.640591,0.877313,0.640591,105,0,480
2026/02/05/01:13:55,4337.899947,0.877313,0.640591,0.877313,0.640591,105,0,480
2026/02/05/01:13:56,4338.900741,0.877313,0.640591,0.877313,0.640591,105,0,480
2026/02/05/01:13:57,4339.901653,0.877313,0.640591,0.877313,0.640591,105,0,480
2026/02/05/01:13:58,4340.902365,0.877313,0.640591,0.877313,0.640591,105,0,480
2026/02/05/01:13:59,4341.903284,0.877313,0.640591,0.877313,0.640591,105,0,480
2026/02/05/01:14:00,4342.904061,0.877313,0.640591,0.877313,0.640591,105,0,480
2026/02/05/01:14:01,4343.904961,0.877313,0.640591,0.877313,0.640591,105,0,480
2026/02/05/01:14:02,4344.905729,0.877313,0.640591,0.877313,0.640591,105,0,480
2026/02/05/01:14:03,4345.906458,0.891938,0.655299,0.891938,0.655299,108,0,480
2026/02/05/01:14:04,4346.907192,0.922438,0.700489,0.922438,0.700489,113,0,480
2026/02/05/01:14:05,4347.908155,0.922438,0.700489,0.922438,0.700489,113,0,480
2026/02/05/01:14:06,4348.908961,0.922438,0.700489,0.922438,0.700489,113,0,480
2026/02/05/01:14:07,4349.909785,0.922438,0.700489,0.922438,0.700489,113,0,480
2026/02/05/01:14:08,4350.910732,0.887813,0.679452,0.887813,0.679452,108,0,485
2026/02/05/01:14:09,4351.911638,0.887813,0.679452,0.887813,0.679452,108,0,485
2026/02/05/01:14:10,4352.912624,0.887813,0.679452,0.887813,0.679452,108,0,485
2026/02/05/01:14:11,4353.913449,0.887813,0.679452,0.887813,0.679452,108,0,485
2026/02/05/01:14:12,4354.914525,0.887813,0.679452,0.887813,0.679452,108,0,485
2026/02/05/01:14:13,4355.915390,0.887813,0.679452,0.887813,0.679452,108,0,485
2026/02/05/01:14:14,4356.916219,0.887813,0.679452,0.887813,0.679452,108,0,485
2026/02/05/01:14:15,4357.917076,0.887813,0.679452,0.887813,0.679452,108,0,485
2026/02/05/01:14:16,4358.918082,0.887813,0.679452,0.887813,0.679452,108,0,485
2026/02/05/01:14:17,4359.918689,0.887813,0.679452,0.887813,0.679452,108,0,485
2026/02/05/01:14:18,4360.919435,0.887813,0.679452,0.887813,0.679452,108,0,485
2026/02/05/01:14:19,4361.920255,0.887813,0.679452,0.887813,0.679452,108,0,485
2026/02/05/01:14:20,4362.921132,0.887813,0.679452,0.887813,0.679452,108,0,485
2026/02/05/01:14:21,4363.922050,0.887813,0.679452,0.887813,0.679452,108,0,485
2026/02/05/01:14:22,4364.923092,0.887813,0.679452,0.887813,0.679452,108,0,485
2026/02/05/01:14:23,4365.924195,0.887813,0.679452,0.887813,0.679452,108,0,485
2026/02/05/01:14:24,4366.925255,0.887813,0.679452,0.887813,0.679452,108,0,485
2026/02/05/01:14:25,4367.926090,0.887813,0.679452,0.887813,0.679452,108,0,485
2026/02/05/01:14:26,4368.926886,0.887813,0.679452,0.887813,0.679452,108,0,485
2026/02/05/01:14:27,4369.927646,0.887813,0.679452,0.887813,0.679452,108,0,485
2026/02/05/01:14:28,4370.928626,0.887813,0.679452,0.887813,0.679452,108,0,485
2026/02/05/01:14:29,4371.929712,0.887813,0.679452,0.887813,0.679452,108,0,485
2026/02/05/01:14:30,4372.930621,0.887813,0.679452,0.887813,0.679452,108,0,485
2026/02/05/01:14:31,4373.931525,0.887813,0.679452,0.887813,0.679452,108,0,485
2026/02/05/01:14:32,4374.932352,0.887813,0.679452,0.887813,0.679452,108,0,485
2026/02/05/01:14:33,4375.933127,0.887813,0.679452,0.887813,0.679452,108,0,485
2026/02/05/01:14:34,4376.933915,0.887813,0.679452,0.887813,0.679452,108,0,485
2026/02/05/01:14:35,4377.934837,0.887813,0.679452,0.887813,0.679452,108,0,485
2026/02/05/01:14:36,4378.935608,0.887813,0.679452,0.887813,0.679452,108,0,485
2026/02/05/01:14:37,4379.936354,0.887813,0.679452,0.887813,0.679452,108,0,485
2026/02/05/01:14:38,4380.937091,0.887813,0.679452,0.887813,0.679452,108,0,485
2026/02/05/01:14:39,4381.937860,0.887813,0.679452,0.887813,0.679452,108,0,485
2026/02/05/01:14:40,4382.938828,0.887813,0.679452,0.887813,0.679452,108,0,485
2026/02/05/01:14:41,4383.939852,0.887813,0.679452,0.887813,0.679452,108,0,485
2026/02/05/01:14:42,4384.940580,0.887813,0.679452,0.887813,0.679452,108,0,485
2026/02/05/01:14:43,4385.941383,0.887813,0.679452,0.887813,0.679452,108,0,485
2026/02/05/01:14:44,4386.942175,0.887813,0.679452,0.887813,0.679452,108,0,485
2026/02/05/01:14:45,4387.943186,0.887813,0.679452,0.887813,0.679452,108,0,485
2026/02/05/01:14:46,4388.944240,0.887813,0.679452,0.887813,0.679452,108,0,485
2026/02/05/01:14:47,4389.945132,0.887813,0.679452,0.887813,0.679452,108,0,485
2026/02/05/01:14:48,4390.945866,0.887813,0.679452,0.887813,0.679452,108,0,485
2026/02/05/01:14:49,4391.946764,0.887813,0.679452,0.887813,0.679452,108,0,485
2026/02/05/01:14:50,4392.947459,0.887813,0.679452,0.887813,0.679452,108,0,485
2026/02/05/01:14:51,4393.948240,0.887813,0.679452,0.887813,0.679452,108,0,485
2026/02/05/01:14:52,4394.949083,0.887813,0.679452,0.887813,0.679452,108,0,485
2026/02/05/01:14:53,4395.950047,0.887813,0.679452,0.887813,0.679452,108,0,485
2026/02/05/01:14:54,4396.950892,0.887813,0.679452,0.887813,0.679452,108,0,485
2026/02/05/01:14:55,4397.951867,0.887813,0.679452,0.887813,0.679452,108,0,485
2026/02/05/01:14:56,4398.952835,0.887813,0.679452,0.887813,0.679452,108,0,485
2026/02/05/01:14:57,4399.953671,0.887813,0.679452,0.887813,0.679452,108,0,485
2026/02/05/01:14:58,4400.954473,0.887813,0.679452,0.887813,0.679452,108,0,485
2026/02/05/01:14:59,4401.955412,0.887813,0.679452,0.887813,0.679452,108,0,485
2026/02/05/01:15:00,4402.956205,0.887813,0.679452,0.887813,0.679452,108,0,485
2026/02/05/01:15:01,4403.957035,0.887813,0.679452,0.887813,0.679452,108,0,485
2026/02/05/01:15:02,4404.958082,0.887813,0.679452,0.887813,0.679452,108,0,485
2026/02/05/01:15:03,4405.958993,0.887813,0.679452,0.887813,0.679452,108,0,485
2026/02/05/01:15:04,4406.959825,0.887813,0.679452,0.887813,0.679452,108,0,485
2026/02/05/01:15:05,4407.960623,0.887813,0.679452,0.887813,0.679452,108,0,485
2026/02/05/01:15:06,4408.961543,0.879062,0.669341,0.879062,0.669341,106,0,487
2026/02/05/01:15:07,4409.962445,0.879062,0.669341,0.879062,0.669341,106,0,487
2026/02/05/01:15:08,4410.963213,0.879062,0.669341,0.879062,0.669341,106,0,487
2026/02/05/01:15:09,4411.964005,0.879062,0.669341,0.879062,0.669341,106,0,487
2026/02/05/01:15:10,4412.965007,0.879062,0.669341,0.879062,0.669341,106,0,487
2026/02/05/01:15:11,4413.965801,0.879062,0.669341,0.879062,0.669341,106,0,487
2026/02/05/01:15:12,4414.966597,0.879062,0.669341,0.879062,0.669341,106,0,487
2026/02/05/01:15:13,4415.967547,0.879062,0.669341,0.879062,0.669341,106,0,487
2026/02/05/01:15:14,4416.968422,0.879062,0.669341,0.879062,0.669341,106,0,487
2026/02/05/01:15:15,4417.969124,0.879062,0.669341,0.879062,0.669341,106,0,487
2026/02/05/01:15:16,4418.969969,0.879062,0.669341,0.879062,0.669341,106,0,487
2026/02/05/01:15:17,4419.970608,0.879062,0.669341,0.879062,0.669341,106,0,487
2026/02/05/01:15:18,4420.971467,0.879062,0.669341,0.879062,0.669341,106,0,487
2026/02/05/01:15:19,4421.972257,0.879062,0.669341,0.879062,0.669341,106,0,487
2026/02/05/01:15:20,4422.973142,0.879062,0.669341,0.879062,0.669341,106,0,487
2026/02/05/01:15:21,4423.974125,0.879062,0.669341,0.879062,0.669341,106,0,487
2026/02/05/01:15:22,4424.975065,0.879062,0.669341,0.879062,0.669341,106,0,487
2026/02/05/01:15:23,4425.975824,0.879062,0.669341,0.879062,0.669341,106,0,487
2026/02/05/01:15:24,4426.976490,0.917562,0.699703,0.917562,0.699703,112,0,487
2026/02/05/01:15:25,4427.977324,0.917562,0.699703,0.930187,0.709804,112,1,487
2026/02/05/01:15:26,4428.978108,0.895062,0.690859,0.907687,0.700960,110,1,489
2026/02/05/01:15:27,4429.979170,0.899312,0.699308,0.911937,0.709409,111,1,489
2026/02/05/01:15:28,4430.979843,0.899312,0.699308,0.911937,0.709409,111,1,489
2026/02/05/01:15:29,4431.980624,0.899312,0.699308,0.911937,0.709409,111,1,489
2026/02/05/01:15:30,4432.981344,0.921063,0.744309,0.978563,0.763748,116,3,489
2026/02/05/01:15:31,4433.982114,0.922250,0.740300,0.967125,0.749637,114,2,492
2026/02/05/01:15:32,4434.982809,0.917687,0.732893,0.962562,0.742230,113,2,493
2026/02/05/01:15:33,4435.983663,0.917687,0.732893,0.962562,0.742230,113,2,493
2026/02/05/01:15:34,4436.984528,0.917687,0.732893,0.962562,0.742230,113,2,493
2026/02/05/01:15:35,4437.985187,0.917687,0.732893,0.962562,0.742230,113,2,493
2026/02/05/01:15:36,4438.986203,0.917687,0.732893,0.962562,0.742230,113,2,493
2026/02/05/01:15:37,4439.987053,0.911312,0.726280,0.956187,0.735617,111,2,495
2026/02/05/01:15:38,4440.987723,0.911312,0.726280,0.956187,0.735617,111,2,495
2026/02/05/01:15:39,4441.988577,0.911312,0.726280,0.956187,0.735617,111,2,495
2026/02/05/01:15:40,4442.989300,0.911312,0.726280,0.956187,0.735617,111,2,495
2026/02/05/01:15:41,4443.990321,0.911312,0.726280,0.956187,0.735617,111,2,495
2026/02/05/01:15:42,4444.991099,0.911312,0.726280,0.956187,0.735617,111,2,495
2026/02/05/01:15:43,4445.991926,0.911312,0.726280,0.956187,0.735617,111,2,495
2026/02/05/01:15:44,4446.992760,0.911312,0.726280,0.956187,0.735617,111,2,495
2026/02/05/01:15:45,4447.993546,0.911312,0.726280,0.956187,0.735617,111,2,495
2026/02/05/01:15:46,4448.994422,0.911312,0.726280,0.956187,0.735617,111,2,495
2026/02/05/01:15:47,4449.995188,0.904312,0.691264,0.949187,0.700602,109,2,497
2026/02/05/01:15:48,4451.028395,0.904312,0.691264,0.949187,0.700602,109,2,497
2026/02/05/01:15:49,4452.029081,0.904312,0.691264,0.949187,0.700602,109,2,497
2026/02/05/01:15:51,4453.528522,0.904312,0.691264,0.949187,0.700602,109,2,497
2026/02/05/01:15:52,4454.529310,0.949187,0.700602,0.949187,0.700602,111,0,500
2026/02/05/01:15:53,4455.530180,0.949187,0.700602,0.949187,0.700602,111,0,500
2026/02/05/01:15:54,4456.531027,0.949187,0.700602,0.949187,0.700602,111,0,500
2026/02/05/01:15:55,4457.531975,0.949187,0.700602,0.949187,0.700602,111,0,500
2026/02/05/01:15:56,4458.532679,0.949187,0.700602,0.949187,0.700602,111,0,500
2026/02/05/01:15:57,4459.533522,0.949187,0.700602,0.949187,0.700602,111,0,500
2026/02/05/01:15:58,4460.534349,0.949187,0.700602,0.949187,0.700602,111,0,500
2026/02/05/01:15:59,4461.535298,0.949187,0.700602,0.949187,0.700602,111,0,500
2026/02/05/01:16:00,4462.536188,0.949187,0.700602,0.949187,0.700602,111,0,500
2026/02/05/01:16:01,4463.536915,0.949187,0.700602,0.949187,0.700602,111,0,500
2026/02/05/01:16:02,4464.537752,0.949187,0.700602,0.949187,0.700602,111,0,500
2026/02/05/01:16:03,4465.538534,0.949187,0.700602,0.949187,0.700602,111,0,500
2026/02/05/01:16:04,4466.539357,0.949187,0.700602,0.949187,0.700602,111,0,500
2026/02/05/01:16:05,4467.540059,0.949187,0.700602,0.949187,0.700602,111,0,500
2026/02/05/01:16:06,4468.540978,0.931187,0.671983,0.931187,0.671983,110,0,501
2026/02/05/01:16:07,4469.541835,0.931187,0.671983,0.931187,0.671983,110,0,501
2026/02/05/01:16:08,4470.542816,0.931187,0.671983,0.931187,0.671983,110,0,501
2026/02/05/01:16:09,4471.543437,0.931187,0.671983,0.931187,0.671983,110,0,501
2026/02/05/01:16:10,4472.544246,0.951187,0.688855,0.951187,0.688855,115,0,501
2026/02/05/01:16:11,4473.545650,0.951187,0.688855,0.951187,0.688855,115,0,501
2026/02/05/01:16:12,4474.546432,0.951187,0.688855,0.951187,0.688855,115,0,501
2026/02/05/01:16:13,4475.547235,0.951187,0.688855,0.951187,0.688855,115,0,501
2026/02/05/01:16:14,4476.547905,0.951187,0.688855,0.951187,0.688855,115,0,501
2026/02/05/01:16:15,4477.548681,0.940312,0.678823,0.940312,0.678823,112,0,504
2026/02/05/01:16:16,4478.549448,0.931937,0.675450,0.931937,0.675450,111,0,505
2026/02/05/01:16:17,4479.550192,0.931937,0.675450,0.931937,0.675450,111,0,505
2026/02/05/01:16:18,4480.550834,0.931937,0.675450,0.931937,0.675450,111,0,505
2026/02/05/01:16:19,4481.551746,0.922813,0.668610,0.922813,0.668610,109,0,507
2026/02/05/01:16:20,4482.552641,0.922813,0.668610,0.922813,0.668610,109,0,507
2026/02/05/01:16:21,4483.553569,0.922813,0.668610,0.922813,0.668610,109,0,507
2026/02/05/01:16:22,4484.554438,0.922813,0.668610,0.922813,0.668610,109,0,507
2026/02/05/01:16:23,4485.555146,0.922813,0.668610,0.922813,0.668610,109,0,507
2026/02/05/01:16:24,4486.555952,0.922813,0.668610,0.922813,0.668610,109,0,507
2026/02/05/01:16:25,4487.556657,0.922813,0.668610,0.922813,0.668610,109,0,507
2026/02/05/01:16:26,4488.557384,0.922813,0.668610,0.922813,0.668610,109,0,507
2026/02/05/01:16:27,4489.558225,0.947438,0.685983,0.947438,0.685983,114,0,507
2026/02/05/01:16:28,4490.558944,0.959313,0.697240,0.959313,0.697240,117,0,507
2026/02/05/01:16:29,4491.559815,0.949937,0.690929,0.949937,0.690929,115,0,509
2026/02/05/01:16:30,4492.560632,0.949937,0.690929,0.949937,0.690929,115,0,509
2026/02/05/01:16:31,4493.561398,0.949937,0.690929,0.949937,0.690929,115,0,509
2026/02/05/01:16:32,4494.562268,0.949937,0.690929,0.949937,0.690929,115,0,509
2026/02/05/01:16:33,4495.563082,0.949937,0.690929,0.949937,0.690929,115,0,509
2026/02/05/01:16:34,4496.563850,0.955187,0.719626,0.976625,0.741857,116,3,511
2026/02/05/01:16:35,4497.564584,0.961500,0.725239,0.976625,0.741857,117,2,511
2026/02/05/01:16:36,4498.565310,0.961500,0.725239,0.976625,0.741857,117,2,511
2026/02/05/01:16:37,4499.566016,0.961500,0.725239,0.965875,0.734208,117,1,511
2026/02/05/01:16:38,4500.566745,0.961500,0.725239,0.965875,0.734208,117,1,511
2026/02/05/01:16:39,4501.567481,0.961500,0.725239,0.965875,0.734208,117,1,511
2026/02/05/01:16:40,4502.568222,0.961500,0.725239,0.965875,0.734208,117,1,511
2026/02/05/01:16:41,4503.568978,0.961500,0.725239,0.965875,0.734208,117,1,511
2026/02/05/01:16:42,4504.569818,0.961500,0.725239,0.965875,0.734208,117,1,511
2026/02/05/01:16:43,4505.574311,0.958313,0.721675,0.962688,0.730645,116,1,512
2026/02/05/01:16:44,4506.575078,0.958562,0.727130,0.958562,0.727130,116,0,513
2026/02/05/01:16:45,4507.575856,0.958562,0.727130,0.958562,0.727130,116,0,513
2026/02/05/01:16:46,4508.576577,0.958562,0.727130,0.958562,0.727130,116,0,513
2026/02/05/01:16:47,4509.577508,0.958562,0.727130,0.958562,0.727130,116,0,513
2026/02/05/01:16:48,4510.578219,0.958562,0.727130,0.958562,0.727130,116,0,513
2026/02/05/01:16:49,4511.579390,0.958562,0.727130,0.958562,0.727130,116,0,513
2026/02/05/01:16:50,4512.580065,0.958562,0.727130,0.958562,0.727130,116,0,513
2026/02/05/01:16:51,4513.580857,0.958562,0.727130,0.958562,0.727130,116,0,513
2026/02/05/01:16:52,4514.581576,0.958562,0.727130,0.958562,0.727130,116,0,513
2026/02/05/01:16:53,4515.582265,0.958562,0.727130,0.958562,0.727130,116,0,513
2026/02/05/01:16:54,4516.583070,0.958562,0.727130,0.958562,0.727130,116,0,513
2026/02/05/01:16:55,4517.583790,0.958562,0.727130,0.958562,0.727130,116,0,513
2026/02/05/01:16:56,4518.584509,0.958562,0.727130,0.958562,0.727130,116,0,513
2026/02/05/01:16:57,4519.585362,0.958562,0.727130,0.958562,0.727130,116,0,513
2026/02/05/01:16:58,4520.586102,0.958562,0.727130,0.958562,0.727130,116,0,513
2026/02/05/01:16:59,4521.586878,0.958562,0.727130,0.958562,0.727130,116,0,513
2026/02/05/01:17:00,4522.587723,0.958562,0.727130,0.958562,0.727130,116,0,513
2026/02/05/01:17:01,4523.588501,0.958562,0.727130,0.958562,0.727130,116,0,513
2026/02/05/01:17:02,4524.589215,0.958562,0.727130,0.958562,0.727130,116,0,513
2026/02/05/01:17:03,4525.591128,0.952250,0.721518,0.952250,0.721518,115,0,514
2026/02/05/01:17:04,4526.591857,0.952250,0.721518,0.952250,0.721518,115,0,514
2026/02/05/01:17:05,4527.592472,0.952250,0.721518,0.952250,0.721518,115,0,514
2026/02/05/01:17:06,4528.593326,0.952250,0.721518,0.952250,0.721518,115,0,514
2026/02/05/01:17:07,4529.594364,0.952250,0.721518,0.952250,0.721518,115,0,514
2026/02/05/01:17:08,4530.595115,0.952250,0.721518,0.952250,0.721518,115,0,514
2026/02/05/01:17:09,4531.596100,0.952250,0.721518,0.952250,0.721518,115,0,514
2026/02/05/01:17:10,4532.596998,0.952250,0.721518,0.952250,0.721518,115,0,514
2026/02/05/01:17:11,4533.598037,0.952250,0.721518,0.952250,0.721518,115,0,514
2026/02/05/01:17:12,4534.598936,0.952250,0.721518,0.952250,0.721518,115,0,514
2026/02/05/01:17:13,4535.599863,0.952250,0.721518,0.952250,0.721518,115,0,514
2026/02/05/01:17:14,4536.600672,0.952250,0.721518,0.952250,0.721518,115,0,514
2026/02/05/01:17:15,4537.603724,0.952250,0.721518,0.952250,0.721518,115,0,514
2026/02/05/01:17:16,4538.604401,0.952250,0.721518,0.952250,0.721518,115,0,514
2026/02/05/01:17:17,4539.605226,0.952250,0.721518,0.952250,0.721518,115,0,514
2026/02/05/01:17:18,4540.605964,0.952250,0.721518,0.952250,0.721518,115,0,514
2026/02/05/01:17:19,4541.606714,0.952250,0.721518,0.952250,0.721518,115,0,514
2026/02/05/01:17:20,4542.608390,0.952250,0.721518,0.952250,0.721518,115,0,514
2026/02/05/01:17:21,4543.609128,0.952250,0.721518,0.952250,0.721518,115,0,514
2026/02/05/01:17:22,4544.609864,0.952250,0.721518,0.952250,0.721518,115,0,514
2026/02/05/01:17:23,4545.610713,0.952250,0.721518,0.952250,0.721518,115,0,514
2026/02/05/01:17:24,4546.611531,0.952250,0.721518,0.952250,0.721518,115,0,514
2026/02/05/01:17:25,4547.612454,0.952250,0.721518,0.952250,0.721518,115,0,514
2026/02/05/01:17:26,4548.613204,0.952250,0.721518,0.952250,0.721518,115,0,514
2026/02/05/01:17:27,4549.613917,0.944500,0.713776,0.944500,0.713776,113,0,516
2026/02/05/01:17:28,4550.614697,0.944500,0.713776,0.944500,0.713776,113,0,516
2026/02/05/01:17:29,4551.615587,0.944500,0.713776,0.944500,0.713776,113,0,516
2026/02/05/01:17:30,4552.616256,0.944500,0.713776,0.944500,0.713776,113,0,516
2026/02/05/01:17:31,4553.618248,0.944500,0.713776,0.944500,0.713776,113,0,516
2026/02/05/01:17:32,4554.619051,0.944500,0.713776,0.944500,0.713776,113,0,516
2026/02/05/01:17:33,4555.619933,0.944500,0.713776,0.944500,0.713776,113,0,516
2026/02/05/01:17:34,4556.621027,0.944500,0.713776,0.944500,0.713776,113,0,516
2026/02/05/01:17:35,4557.621835,0.944500,0.713776,0.944500,0.713776,113,0,516
2026/02/05/01:17:36,4558.622688,0.944500,0.713776,0.944500,0.713776,113,0,516
2026/02/05/01:17:37,4559.623584,0.944500,0.713776,0.944500,0.713776,113,0,516
2026/02/05/01:17:38,4560.624553,0.922000,0.700921,0.922000,0.700921,110,0,519
2026/02/05/01:17:39,4561.625207,0.922000,0.700921,0.922000,0.700921,110,0,519
2026/02/05/01:17:40,4562.625931,0.922000,0.700921,0.922000,0.700921,110,0,519
2026/02/05/01:17:41,4563.626629,0.922000,0.700921,0.922000,0.700921,110,0,519
2026/02/05/01:17:42,4564.627382,0.922000,0.700921,0.922000,0.700921,110,0,519
2026/02/05/01:17:43,4565.628091,0.922000,0.700921,0.922000,0.700921,110,0,519
2026/02/05/01:17:44,4566.629006,0.922000,0.700921,0.922000,0.700921,110,0,519
2026/02/05/01:17:45,4567.629907,0.922000,0.700921,0.922000,0.700921,110,0,519
2026/02/05/01:17:46,4568.630790,0.922000,0.700921,0.922000,0.700921,110,0,519
2026/02/05/01:17:47,4569.631690,0.922000,0.700921,0.922000,0.700921,110,0,519
2026/02/05/01:17:48,4570.632414,0.922000,0.700921,0.922000,0.700921,110,0,519
2026/02/05/01:17:49,4571.633243,0.922000,0.700921,0.922000,0.700921,110,0,519
2026/02/05/01:17:50,4572.633938,0.922000,0.700921,0.922000,0.700921,110,0,519
2026/02/05/01:17:51,4573.634752,0.922000,0.700921,0.922000,0.700921,110,0,519
2026/02/05/01:17:52,4574.635587,0.922000,0.700921,0.922000,0.700921,110,0,519
2026/02/05/01:17:53,4575.636544,0.922000,0.700921,0.922000,0.700921,110,0,519
2026/02/05/01:17:54,4576.637444,0.922000,0.700921,0.922000,0.700921,110,0,519
2026/02/05/01:17:55,4577.638164,0.922000,0.700921,0.922000,0.700921,110,0,519
2026/02/05/01:17:56,4578.638849,0.922000,0.700921,0.922000,0.700921,110,0,519
2026/02/05/01:17:57,4579.639723,0.922000,0.700921,0.922000,0.700921,110,0,519
2026/02/05/01:17:58,4580.640897,0.922000,0.700921,0.922000,0.700921,110,0,519
2026/02/05/01:17:59,4581.641971,0.922000,0.700921,0.922000,0.700921,110,0,519
2026/02/05/01:18:00,4582.642912,0.922000,0.700921,0.922000,0.700921,110,0,519
2026/02/05/01:18:01,4583.643829,0.922000,0.700921,0.922000,0.700921,110,0,519
2026/02/05/01:18:02,4584.644574,0.922000,0.700921,0.922000,0.700921,110,0,519
2026/02/05/01:18:03,4585.645403,0.922000,0.700921,0.922000,0.700921,110,0,519
2026/02/05/01:18:04,4586.646313,0.922000,0.700921,0.922000,0.700921,110,0,519
2026/02/05/01:18:05,4587.647103,0.922000,0.700921,0.922000,0.700921,110,0,519
2026/02/05/01:18:06,4588.647991,0.922000,0.700921,0.922000,0.700921,110,0,519
2026/02/05/01:18:07,4589.648682,0.922000,0.700921,0.922000,0.700921,110,0,519
2026/02/05/01:18:08,4590.649671,0.922000,0.700921,0.922000,0.700921,110,0,519
2026/02/05/01:18:09,4591.650532,0.922000,0.700921,0.922000,0.700921,110,0,519
2026/02/05/01:18:10,4592.651311,0.922000,0.700921,0.922000,0.700921,110,0,519
2026/02/05/01:18:11,4593.652045,0.922000,0.700921,0.922000,0.700921,110,0,519
2026/02/05/01:18:12,4594.652848,0.922000,0.700921,0.922000,0.700921,110,0,519
2026/02/05/01:18:13,4595.653701,0.922000,0.700921,0.922000,0.700921,110,0,519
2026/02/05/01:18:14,4596.654579,0.922000,0.700921,0.922000,0.700921,110,0,519
2026/02/05/01:18:15,4597.655311,0.922000,0.700921,0.922000,0.700921,110,0,519
2026/02/05/01:18:16,4598.655979,0.922000,0.700921,0.922000,0.700921,110,0,519
2026/02/05/01:18:17,4599.657002,0.922000,0.700921,0.922000,0.700921,110,0,519
2026/02/05/01:18:18,4600.657736,0.922000,0.700921,0.922000,0.700921,110,0,519
2026/02/05/01:18:19,4601.658605,0.922000,0.700921,0.922000,0.700921,110,0,519
2026/02/05/01:18:20,4602.659642,0.922000,0.700921,0.922000,0.700921,110,0,519
2026/02/05/01:18:21,4603.660523,0.922000,0.700921,0.922000,0.700921,110,0,519
2026/02/05/01:18:22,4604.661325,0.922000,0.700921,0.922000,0.700921,110,0,519
2026/02/05/01:18:23,4605.662300,0.922000,0.700921,0.922000,0.700921,110,0,519
2026/02/05/01:18:24,4606.663084,0.922000,0.700921,0.922000,0.700921,110,0,519
2026/02/05/01:18:25,4607.663840,0.922000,0.700921,0.922000,0.700921,110,0,519
2026/02/05/01:18:26,4608.664567,0.922000,0.700921,0.922000,0.700921,110,0,519
2026/02/05/01:18:27,4609.665617,0.922000,0.700921,0.922000,0.700921,110,0,519
2026/02/05/01:18:28,4610.666570,0.922000,0.700921,0.922000,0.700921,110,0,519
2026/02/05/01:18:29,4611.667370,0.922000,0.700921,0.922000,0.700921,110,0,519
2026/02/05/01:18:30,4612.668272,0.922000,0.700921,0.922000,0.700921,110,0,519
2026/02/05/01:18:31,4613.669302,0.922000,0.700921,0.922000,0.700921,110,0,519
2026/02/05/01:18:32,4614.670097,0.922000,0.700921,0.922000,0.700921,110,0,519
2026/02/05/01:18:33,4615.670841,0.922000,0.700921,0.922000,0.700921,110,0,519
2026/02/05/01:18:34,4616.671820,0.922000,0.700921,0.922000,0.700921,110,0,519
2026/02/05/01:18:35,4617.672808,0.922000,0.700921,0.922000,0.700921,110,0,519
2026/02/05/01:18:36,4618.673563,0.922000,0.700921,0.922000,0.700921,110,0,519
2026/02/05/01:18:37,4619.674455,0.922000,0.700921,0.922000,0.700921,110,0,519
2026/02/05/01:18:38,4620.675149,0.922000,0.700921,0.922000,0.700921,110,0,519
2026/02/05/01:18:39,4621.676018,0.922000,0.700921,0.922000,0.700921,110,0,519
2026/02/05/01:18:40,4622.676839,0.922000,0.700921,0.922000,0.700921,110,0,519
2026/02/05/01:18:41,4623.677633,0.922000,0.700921,0.922000,0.700921,110,0,519
2026/02/05/01:18:42,4624.678412,0.922000,0.700921,0.922000,0.700921,110,0,519
2026/02/05/01:18:43,4625.679237,0.922000,0.700921,0.922000,0.700921,110,0,519
2026/02/05/01:18:44,4626.680006,0.922000,0.700921,0.922000,0.700921,110,0,519
2026/02/05/01:18:45,4627.680768,0.922000,0.700921,0.922000,0.700921,110,0,519
2026/02/05/01:18:46,4628.681721,0.922000,0.700921,0.922000,0.700921,110,0,519
2026/02/05/01:18:47,4629.682490,0.922000,0.700921,0.922000,0.700921,110,0,519
2026/02/05/01:18:48,4630.683227,0.922000,0.700921,0.922000,0.700921,110,0,519
2026/02/05/01:18:49,4631.684137,0.922000,0.700921,0.922000,0.700921,110,0,519
2026/02/05/01:18:50,4632.684855,0.922000,0.700921,0.922000,0.700921,110,0,519
2026/02/05/01:18:51,4633.685502,0.922000,0.700921,0.922000,0.700921,110,0,519
2026/02/05/01:18:52,4634.686479,0.922000,0.700921,0.922000,0.700921,110,0,519
2026/02/05/01:18:53,4635.687237,0.922000,0.700921,0.922000,0.700921,110,0,519
2026/02/05/01:18:54,4636.688184,0.922000,0.700921,0.922000,0.700921,110,0,519
2026/02/05/01:18:55,4637.689018,0.922000,0.700921,0.922000,0.700921,110,0,519
2026/02/05/01:18:56,4638.689901,0.922000,0.700921,0.922000,0.700921,110,0,519
2026/02/05/01:18:57,4639.690905,0.922000,0.700921,0.922000,0.700921,110,0,519
2026/02/05/01:18:58,4640.691728,0.922000,0.700921,0.922000,0.700921,110,0,519
2026/02/05/01:18:59,4641.692426,0.922000,0.700921,0.922000,0.700921,110,0,519
2026/02/05/01:19:00,4642.693385,0.922000,0.700921,0.922000,0.700921,110,0,519
2026/02/05/01:19:01,4643.694321,0.922000,0.700921,0.922000,0.700921,110,0,519
2026/02/05/01:19:02,4644.695171,0.922000,0.700921,0.922000,0.700921,110,0,519
2026/02/05/01:19:03,4645.696141,0.922000,0.700921,0.922000,0.700921,110,0,519
2026/02/05/01:19:04,4646.696848,0.922000,0.700921,0.922000,0.700921,110,0,519
2026/02/05/01:19:05,4647.697718,0.922000,0.700921,0.922000,0.700921,110,0,519
2026/02/05/01:19:06,4648.698814,0.922000,0.700921,0.922000,0.700921,110,0,519
2026/02/05/01:19:07,4649.699724,0.922000,0.700921,0.922000,0.700921,110,0,519
2026/02/05/01:19:08,4650.700440,0.922000,0.700921,0.922000,0.700921,110,0,519
2026/02/05/01:19:09,4651.701226,0.922000,0.700921,0.922000,0.700921,110,0,519
2026/02/05/01:19:10,4652.702117,0.922000,0.700921,0.922000,0.700921,110,0,519
2026/02/05/01:19:11,4653.703000,0.922000,0.700921,0.922000,0.700921,110,0,519
2026/02/05/01:19:12,4654.703762,0.922000,0.700921,0.922000,0.700921,110,0,519
2026/02/05/01:19:13,4655.704618,0.922000,0.700921,0.922000,0.700921,110,0,519
2026/02/05/01:19:14,4656.705525,0.922000,0.700921,0.922000,0.700921,110,0,519
2026/02/05/01:19:15,4657.706279,0.922000,0.700921,0.922000,0.700921,110,0,519
2026/02/05/01:19:16,4658.707031,0.922000,0.700921,0.922000,0.700921,110,0,519
2026/02/05/01:19:17,4659.707999,0.922000,0.700921,0.922000,0.700921,110,0,519
2026/02/05/01:19:18,4660.708710,0.922000,0.700921,0.922000,0.700921,110,0,519
2026/02/05/01:19:19,4661.709481,0.922000,0.700921,0.922000,0.700921,110,0,519
2026/02/05/01:19:20,4662.710340,0.922000,0.700921,0.922000,0.700921,110,0,519
2026/02/05/01:19:21,4663.711041,0.922000,0.700921,0.922000,0.700921,110,0,519
2026/02/05/01:19:22,4664.711921,0.922000,0.700921,0.922000,0.700921,110,0,519
2026/02/05/01:19:23,4665.712861,0.922000,0.700921,0.922000,0.700921,110,0,519
2026/02/05/01:19:24,4666.713634,0.922000,0.700921,0.922000,0.700921,110,0,519
2026/02/05/01:19:25,4667.714520,0.922000,0.700921,0.922000,0.700921,110,0,519
2026/02/05/01:19:26,4668.715348,0.922000,0.700921,0.922000,0.700921,110,0,519
2026/02/05/01:19:27,4669.716193,0.922000,0.700921,0.922000,0.700921,110,0,519
2026/02/05/01:19:28,4670.716938,0.922000,0.700921,0.922000,0.700921,110,0,519
2026/02/05/01:19:29,4671.717795,0.922000,0.700921,0.922000,0.700921,110,0,519
2026/02/05/01:19:30,4672.718574,0.922000,0.700921,0.922000,0.700921,110,0,519
2026/02/05/01:19:31,4673.719559,0.922000,0.700921,0.922000,0.700921,110,0,519
2026/02/05/01:19:32,4674.720460,0.922000,0.700921,0.922000,0.700921,110,0,519
2026/02/05/01:19:33,4675.721255,0.922000,0.700921,0.922000,0.700921,110,0,519
2026/02/05/01:19:34,4676.722175,0.922000,0.700921,0.922000,0.700921,110,0,519
2026/02/05/01:19:35,4677.723032,0.922000,0.700921,0.922000,0.700921,110,0,519
2026/02/05/01:19:36,4678.723860,0.922000,0.700921,0.922000,0.700921,110,0,519
2026/02/05/01:19:37,4679.724692,0.922000,0.700921,0.922000,0.700921,110,0,519
2026/02/05/01:19:38,4680.725698,0.922000,0.700921,0.922000,0.700921,110,0,519
2026/02/05/01:19:39,4681.726444,0.922000,0.700921,0.922000,0.700921,110,0,519
2026/02/05/01:19:40,4682.727205,0.922000,0.700921,0.922000,0.700921,110,0,519
2026/02/05/01:19:41,4683.728169,0.922000,0.700921,0.922000,0.700921,110,0,519
2026/02/05/01:19:42,4684.729062,0.922000,0.700921,0.922000,0.700921,110,0,519
2026/02/05/01:19:43,4685.729962,0.922000,0.700921,0.922000,0.700921,110,0,519
2026/02/05/01:19:44,4686.730824,0.922000,0.700921,0.922000,0.700921,110,0,519
2026/02/05/01:19:45,4687.731642,0.922000,0.700921,0.922000,0.700921,110,0,519
2026/02/05/01:19:46,4688.732460,0.922000,0.700921,0.922000,0.700921,110,0,519
2026/02/05/01:19:47,4689.733141,0.922000,0.700921,0.922000,0.700921,110,0,519
2026/02/05/01:19:48,4690.734011,0.922000,0.700921,0.922000,0.700921,110,0,519
2026/02/05/01:19:49,4691.734993,0.922000,0.700921,0.922000,0.700921,110,0,519
2026/02/05/01:19:50,4692.735852,0.922000,0.700921,0.922000,0.700921,110,0,519
2026/02/05/01:19:51,4693.736729,0.922000,0.700921,0.922000,0.700921,110,0,519
2026/02/05/01:19:52,4694.737531,0.922000,0.700921,0.922000,0.700921,110,0,519
2026/02/05/01:19:53,4695.738369,0.922000,0.700921,0.922000,0.700921,110,0,519
2026/02/05/01:19:54,4696.739320,0.922000,0.700921,0.922000,0.700921,110,0,519
2026/02/05/01:19:55,4697.740185,0.928312,0.716062,0.944813,0.755806,111,2,519
2026/02/05/01:19:56,4698.741526,0.928312,0.716062,0.944813,0.755806,111,2,519
2026/02/05/01:19:57,4699.742497,0.928312,0.716062,0.928312,0.716062,111,0,519
2026/02/05/01:19:58,4700.743312,0.928312,0.716062,0.928312,0.716062,111,0,519
2026/02/05/01:19:59,4701.744212,0.928312,0.716062,0.928312,0.716062,111,0,519
2026/02/05/01:20:00,4702.744957,0.928312,0.716062,0.928312,0.716062,111,0,519
2026/02/05/01:20:01,4703.745972,0.928312,0.716062,0.928312,0.716062,111,0,519
2026/02/05/01:20:02,4704.746692,0.928312,0.716062,0.928312,0.716062,111,0,519
2026/02/05/01:20:03,4705.747571,0.928312,0.716062,0.928312,0.716062,111,0,519
2026/02/05/01:20:04,4706.748330,0.922000,0.700921,0.922000,0.700921,110,0,520
2026/02/05/01:20:05,4707.749194,0.922000,0.700921,0.922000,0.700921,110,0,520
2026/02/05/01:20:06,4708.750202,0.922000,0.700921,0.922000,0.700921,110,0,520
2026/02/05/01:20:07,4709.751045,0.922000,0.700921,0.922000,0.700921,110,0,520
2026/02/05/01:20:08,4710.751936,0.922000,0.700921,0.922000,0.700921,110,0,520
2026/02/05/01:20:09,4711.752896,0.922000,0.700921,0.922000,0.700921,110,0,520
2026/02/05/01:20:10,4712.753838,0.922000,0.700921,0.922000,0.700921,110,0,520
2026/02/05/01:20:11,4713.754610,0.922000,0.700921,0.922000,0.700921,110,0,520
2026/02/05/01:20:12,4714.755390,0.922000,0.700921,0.922000,0.700921,110,0,520
2026/02/05/01:20:13,4715.756396,0.922000,0.700921,0.922000,0.700921,110,0,520
2026/02/05/01:20:14,4716.757199,0.909375,0.690820,0.909375,0.690820,109,0,521
2026/02/05/01:20:15,4717.757958,0.909375,0.690820,0.909375,0.690820,109,0,521
2026/02/05/01:20:16,4718.758861,0.909375,0.690820,0.909375,0.690820,109,0,521
2026/02/05/01:20:17,4719.759791,0.909375,0.690820,0.909375,0.690820,109,0,521
2026/02/05/01:20:18,4720.760531,0.909375,0.690820,0.909375,0.690820,109,0,521
2026/02/05/01:20:19,4721.761439,0.909375,0.690820,0.909375,0.690820,109,0,521
2026/02/05/01:20:20,4722.762282,0.909375,0.690820,0.909375,0.690820,109,0,521
2026/02/05/01:20:21,4723.762965,0.909375,0.690820,0.909375,0.690820,109,0,521
2026/02/05/01:20:22,4724.763822,0.909375,0.690820,0.909375,0.690820,109,0,521
2026/02/05/01:20:23,4725.764440,0.909375,0.690820,0.909375,0.690820,109,0,521
2026/02/05/01:20:24,4726.765255,0.909375,0.690820,0.909375,0.690820,109,0,521
2026/02/05/01:20:25,4727.765959,0.909375,0.690820,0.909375,0.690820,109,0,521
2026/02/05/01:20:26,4728.767429,0.909375,0.690820,0.909375,0.690820,109,0,521
2026/02/05/01:20:27,4729.768349,0.909375,0.690820,0.909375,0.690820,109,0,521
2026/02/05/01:20:28,4730.769142,0.909375,0.690820,0.909375,0.690820,109,0,521
2026/02/05/01:20:29,4731.769849,0.909375,0.690820,0.909375,0.690820,109,0,521
2026/02/05/01:20:30,4732.770657,0.909375,0.690820,0.909375,0.690820,109,0,521
2026/02/05/01:20:31,4733.771691,0.909375,0.690820,0.909375,0.690820,109,0,521
2026/02/05/01:20:32,4734.772441,0.909375,0.690820,0.909375,0.690820,109,0,521
2026/02/05/01:20:33,4735.773335,0.909375,0.690820,0.909375,0.690820,109,0,521
2026/02/05/01:20:34,4736.774141,0.909375,0.690820,0.909375,0.690820,109,0,521
2026/02/05/01:20:35,4737.775074,0.909375,0.690820,0.909375,0.690820,109,0,521
2026/02/05/01:20:36,4738.775880,0.909375,0.690820,0.909375,0.690820,109,0,521
2026/02/05/01:20:37,4739.776764,0.909375,0.690820,0.909375,0.690820,109,0,521
2026/02/05/01:20:38,4740.777683,0.903875,0.686362,0.903875,0.686362,108,0,522
2026/02/05/01:20:39,4741.778611,0.903875,0.686362,0.903875,0.686362,108,0,522
2026/02/05/01:20:40,4742.779361,0.903875,0.686362,0.903875,0.686362,108,0,522
2026/02/05/01:20:41,4743.780312,0.903875,0.686362,0.903875,0.686362,108,0,522
2026/02/05/01:20:42,4744.781012,0.903875,0.686362,0.903875,0.686362,108,0,522
2026/02/05/01:20:43,4745.781837,0.903875,0.686362,0.903875,0.686362,108,0,522
2026/02/05/01:20:44,4746.782555,0.903875,0.686362,0.903875,0.686362,108,0,522
2026/02/05/01:20:45,4747.783386,0.903875,0.686362,0.903875,0.686362,108,0,522
2026/02/05/01:20:46,4748.784046,0.903875,0.686362,0.903875,0.686362,108,0,522
2026/02/05/01:20:47,4749.784994,0.903875,0.686362,0.903875,0.686362,108,0,522
2026/02/05/01:20:48,4750.785825,0.903875,0.686362,0.903875,0.686362,108,0,522
2026/02/05/01:20:49,4751.786544,0.903875,0.686362,0.903875,0.686362,108,0,522
2026/02/05/01:20:50,4752.787398,0.903875,0.686362,0.903875,0.686362,108,0,522
2026/02/05/01:20:51,4753.788380,0.903875,0.686362,0.903875,0.686362,108,0,522
2026/02/05/01:20:52,4754.789319,0.903875,0.686362,0.903875,0.686362,108,0,522
2026/02/05/01:20:53,4755.790296,0.903875,0.686362,0.903875,0.686362,108,0,522
2026/02/05/01:20:54,4756.791167,0.903875,0.686362,0.903875,0.686362,108,0,522
2026/02/05/01:20:55,4757.791840,0.903875,0.686362,0.903875,0.686362,108,0,522
2026/02/05/01:20:56,4758.792605,0.903875,0.686362,0.903875,0.686362,108,0,522
2026/02/05/01:20:57,4759.793501,0.903875,0.686362,0.903875,0.686362,108,0,522
2026/02/05/01:20:58,4760.794381,0.903875,0.686362,0.903875,0.686362,108,0,522
2026/02/05/01:20:59,4761.795227,0.903875,0.686362,0.903875,0.686362,108,0,522
2026/02/05/01:21:00,4762.796022,0.903875,0.686362,0.903875,0.686362,108,0,522
2026/02/05/01:21:01,4763.796758,0.903875,0.686362,0.903875,0.686362,108,0,522
2026/02/05/01:21:02,4764.797640,0.903875,0.686362,0.903875,0.686362,108,0,522
2026/02/05/01:21:03,4765.798531,0.903875,0.686362,0.903875,0.686362,108,0,522
2026/02/05/01:21:04,4766.799472,0.903875,0.686362,0.903875,0.686362,108,0,522
2026/02/05/01:21:05,4767.800467,0.903875,0.686362,0.903875,0.686362,108,0,522
2026/02/05/01:21:06,4768.801177,0.903875,0.686362,0.903875,0.686362,108,0,522
2026/02/05/01:21:07,4769.802174,0.903875,0.686362,0.903875,0.686362,108,0,522
2026/02/05/01:21:08,4770.802947,0.903875,0.686362,0.903875,0.686362,108,0,522
2026/02/05/01:21:09,4771.803689,0.903875,0.686362,0.903875,0.686362,108,0,522
2026/02/05/01:21:10,4772.804382,0.903875,0.686362,0.903875,0.686362,108,0,522
2026/02/05/01:21:11,4773.805222,0.903875,0.686362,0.903875,0.686362,108,0,522
2026/02/05/01:21:12,4774.814118,0.903875,0.686362,0.903875,0.686362,108,0,522
2026/02/05/01:21:13,4775.815204,0.903875,0.686362,0.903875,0.686362,108,0,522
2026/02/05/01:21:14,4776.816085,0.903875,0.686362,0.903875,0.686362,108,0,522
2026/02/05/01:21:15,4777.816858,0.903875,0.686362,0.903875,0.686362,108,0,522
2026/02/05/01:21:16,4778.817492,0.903875,0.686362,0.903875,0.686362,108,0,522
2026/02/05/01:21:17,4779.818300,0.903875,0.686362,0.903875,0.686362,108,0,522
2026/02/05/01:21:18,4780.818978,0.903875,0.686362,0.903875,0.686362,108,0,522
2026/02/05/01:21:19,4781.819749,0.903875,0.686362,0.903875,0.686362,108,0,522
2026/02/05/01:21:20,4782.820708,0.903875,0.686362,0.903875,0.686362,108,0,522
2026/02/05/01:21:21,4783.821404,0.903875,0.686362,0.903875,0.686362,108,0,522
2026/02/05/01:21:22,4784.822194,0.903875,0.686362,0.903875,0.686362,108,0,522
2026/02/05/01:21:23,4785.822913,0.903875,0.686362,0.903875,0.686362,108,0,522
2026/02/05/01:21:24,4786.823831,0.903875,0.686362,0.903875,0.686362,108,0,522
2026/02/05/01:21:25,4787.824718,0.903875,0.686362,0.903875,0.686362,108,0,522
2026/02/05/01:21:26,4788.825582,0.903875,0.686362,0.903875,0.686362,108,0,522
2026/02/05/01:21:27,4789.826471,0.903875,0.686362,0.903875,0.686362,108,0,522
2026/02/05/01:21:28,4790.827350,0.903875,0.686362,0.903875,0.686362,108,0,522
2026/02/05/01:21:29,4791.828111,0.903875,0.686362,0.903875,0.686362,108,0,522
2026/02/05/01:21:30,4792.828851,0.903875,0.686362,0.903875,0.686362,108,0,522
2026/02/05/01:21:31,4793.829802,0.903875,0.686362,0.903875,0.686362,108,0,522
2026/02/05/01:21:32,4794.830520,0.903875,0.686362,0.903875,0.686362,108,0,522
2026/02/05/01:21:33,4795.831491,0.903875,0.686362,0.903875,0.686362,108,0,522
2026/02/05/01:21:34,4796.832479,0.903875,0.686362,0.903875,0.686362,108,0,522
2026/02/05/01:21:35,4797.833312,0.903875,0.686362,0.903875,0.686362,108,0,522
2026/02/05/01:21:36,4798.834100,0.903875,0.686362,0.903875,0.686362,108,0,522
2026/02/05/01:21:37,4799.834888,0.903875,0.686362,0.903875,0.686362,108,0,522
2026/02/05/01:21:38,4800.835750,0.903875,0.686362,0.903875,0.686362,108,0,522
2026/02/05/01:21:39,4801.836538,0.903875,0.686362,0.903875,0.686362,108,0,522
2026/02/05/01:21:40,4802.837420,0.903875,0.686362,0.903875,0.686362,108,0,522
2026/02/05/01:21:41,4803.838311,0.903875,0.686362,0.903875,0.686362,108,0,522
2026/02/05/01:21:42,4804.839177,0.903875,0.686362,0.903875,0.686362,108,0,522
2026/02/05/01:21:43,4805.840095,0.903875,0.686362,0.903875,0.686362,108,0,522
2026/02/05/01:21:44,4806.840934,0.903875,0.686362,0.903875,0.686362,108,0,522
2026/02/05/01:21:45,4807.841711,0.903875,0.686362,0.903875,0.686362,108,0,522
2026/02/05/01:21:46,4808.842655,0.903875,0.686362,0.903875,0.686362,108,0,522
2026/02/05/01:21:47,4809.843390,0.903875,0.686362,0.903875,0.686362,108,0,522
2026/02/05/01:21:48,4810.844161,0.903875,0.686362,0.903875,0.686362,108,0,522
2026/02/05/01:21:49,4811.845026,0.903875,0.686362,0.903875,0.686362,108,0,522
2026/02/05/01:21:50,4812.846039,0.903875,0.686362,0.903875,0.686362,108,0,522
2026/02/05/01:21:51,4813.847090,0.903875,0.686362,0.903875,0.686362,108,0,522
2026/02/05/01:21:52,4814.848011,0.903875,0.686362,0.903875,0.686362,108,0,522
2026/02/05/01:21:53,4815.848959,0.903875,0.686362,0.903875,0.686362,108,0,522
2026/02/05/01:21:54,4816.849806,0.903875,0.686362,0.903875,0.686362,108,0,522
2026/02/05/01:21:55,4817.850670,0.903875,0.686362,0.903875,0.686362,108,0,522
2026/02/05/01:21:56,4818.851592,0.903875,0.686362,0.903875,0.686362,108,0,522
2026/02/05/01:21:57,4819.852428,0.903875,0.686362,0.903875,0.686362,108,0,522
2026/02/05/01:21:58,4820.853211,0.903875,0.686362,0.903875,0.686362,108,0,522
2026/02/05/01:21:59,4821.854264,0.903875,0.686362,0.903875,0.686362,108,0,522
2026/02/05/01:22:00,4822.855246,0.903875,0.686362,0.903875,0.686362,108,0,522
2026/02/05/01:22:01,4823.856040,0.903875,0.686362,0.903875,0.686362,108,0,522
2026/02/05/01:22:02,4824.856703,0.903875,0.686362,0.903875,0.686362,108,0,522
2026/02/05/01:22:03,4825.857651,0.903875,0.686362,0.903875,0.686362,108,0,522
2026/02/05/01:22:04,4826.858390,0.903875,0.686362,0.903875,0.686362,108,0,522
2026/02/05/01:22:05,4827.859204,0.903875,0.686362,0.903875,0.686362,108,0,522
2026/02/05/01:22:06,4828.859977,0.903875,0.686362,0.903875,0.686362,108,0,522
2026/02/05/01:22:07,4829.860943,0.903875,0.686362,0.903875,0.686362,108,0,522
2026/02/05/01:22:08,4830.861979,0.903875,0.686362,0.903875,0.686362,108,0,522
2026/02/05/01:22:09,4831.862742,0.903875,0.686362,0.903875,0.686362,108,0,522
2026/02/05/01:22:10,4832.863688,0.903875,0.686362,0.903875,0.686362,108,0,522
2026/02/05/01:22:11,4833.864608,0.903875,0.686362,0.903875,0.686362,108,0,522
2026/02/05/01:22:12,4834.865274,0.903875,0.686362,0.903875,0.686362,108,0,522
2026/02/05/01:22:13,4835.866236,0.903875,0.686362,0.903875,0.686362,108,0,522
2026/02/05/01:22:14,4836.867081,0.903875,0.686362,0.903875,0.686362,108,0,522
2026/02/05/01:22:15,4837.867868,0.903875,0.686362,0.903875,0.686362,108,0,522
2026/02/05/01:22:16,4838.868739,0.903875,0.686362,0.903875,0.686362,108,0,522
2026/02/05/01:22:17,4839.869562,0.903875,0.686362,0.903875,0.686362,108,0,522
2026/02/05/01:22:18,4840.870348,0.903875,0.686362,0.903875,0.686362,108,0,522
2026/02/05/01:22:19,4841.871178,0.903875,0.686362,0.903875,0.686362,108,0,522
2026/02/05/01:22:20,4842.871893,0.903875,0.686362,0.903875,0.686362,108,0,522
2026/02/05/01:22:21,4843.872658,0.903875,0.686362,0.903875,0.686362,108,0,522
2026/02/05/01:22:22,4844.873502,0.903875,0.686362,0.903875,0.686362,108,0,522
2026/02/05/01:22:23,4845.874263,0.903875,0.686362,0.903875,0.686362,108,0,522
2026/02/05/01:22:24,4846.875163,0.903875,0.686362,0.903875,0.686362,108,0,522
2026/02/05/01:22:25,4847.875938,0.903875,0.686362,0.903875,0.686362,108,0,522
2026/02/05/01:22:26,4848.876863,0.903875,0.686362,0.903875,0.686362,108,0,522
2026/02/05/01:22:27,4849.877934,0.903875,0.686362,0.903875,0.686362,108,0,522
2026/02/05/01:22:28,4850.878793,0.903875,0.686362,0.903875,0.686362,108,0,522
2026/02/05/01:22:29,4851.879515,0.903875,0.686362,0.903875,0.686362,108,0,522
2026/02/05/01:22:30,4852.880445,0.903875,0.686362,0.903875,0.686362,108,0,522
2026/02/05/01:22:31,4853.881202,0.903875,0.686362,0.903875,0.686362,108,0,522
2026/02/05/01:22:32,4854.882293,0.903875,0.686362,0.903875,0.686362,108,0,522
2026/02/05/01:22:33,4855.883186,0.903875,0.686362,0.903875,0.686362,108,0,522
2026/02/05/01:22:34,4856.884096,0.903875,0.686362,0.903875,0.686362,108,0,522
2026/02/05/01:22:35,4857.884928,0.903875,0.686362,0.903875,0.686362,108,0,522
2026/02/05/01:22:36,4858.885804,0.903875,0.686362,0.903875,0.686362,108,0,522
2026/02/05/01:22:37,4859.886790,0.903875,0.686362,0.903875,0.686362,108,0,522
2026/02/05/01:22:38,4860.887513,0.883437,0.675997,0.883437,0.675997,105,0,525
2026/02/05/01:22:39,4861.888453,0.883437,0.675997,0.883437,0.675997,105,0,525
2026/02/05/01:22:40,4862.889315,0.883437,0.675997,0.883437,0.675997,105,0,525
2026/02/05/01:22:41,4863.890290,0.883437,0.675997,0.883437,0.675997,105,0,525
2026/02/05/01:22:42,4864.891062,0.883437,0.675997,0.883437,0.675997,105,0,525
2026/02/05/01:22:43,4865.891833,0.883437,0.675997,0.883437,0.675997,105,0,525
2026/02/05/01:22:44,4866.892714,0.883437,0.675997,0.883437,0.675997,105,0,525
2026/02/05/01:22:45,4867.893565,0.883437,0.675997,0.883437,0.675997,105,0,525
2026/02/05/01:22:46,4868.894384,0.883437,0.675997,0.883437,0.675997,105,0,525
2026/02/05/01:22:47,4869.895053,0.883437,0.675997,0.883437,0.675997,105,0,525
2026/02/05/01:22:48,4870.896814,0.883437,0.675997,0.883437,0.675997,105,0,525
2026/02/05/01:22:49,4871.897736,0.883437,0.675997,0.883437,0.675997,105,0,525
2026/02/05/01:22:50,4872.898633,0.883437,0.675997,0.883437,0.675997,105,0,525
2026/02/05/01:22:51,4873.899326,0.883437,0.675997,0.883437,0.675997,105,0,525
2026/02/05/01:22:52,4874.900079,0.883437,0.675997,0.883437,0.675997,105,0,525
2026/02/05/01:22:53,4875.900841,0.883437,0.675997,0.883437,0.675997,105,0,525
2026/02/05/01:22:54,4876.901611,0.883437,0.675997,0.883437,0.675997,105,0,525
2026/02/05/01:22:55,4877.902337,0.883437,0.675997,0.883437,0.675997,105,0,525
2026/02/05/01:22:56,4878.903251,0.883437,0.675997,0.883437,0.675997,105,0,525
2026/02/05/01:22:57,4879.903949,0.883437,0.675997,0.883437,0.675997,105,0,525
2026/02/05/01:22:58,4880.905986,0.883437,0.675997,0.883437,0.675997,105,0,525
2026/02/05/01:22:59,4881.906807,0.883437,0.675997,0.883437,0.675997,105,0,525
2026/02/05/01:23:00,4882.907602,0.883437,0.675997,0.883437,0.675997,105,0,525
2026/02/05/01:23:01,4883.908442,0.883437,0.675997,0.883437,0.675997,105,0,525
2026/02/05/01:23:02,4884.909213,0.883437,0.675997,0.883437,0.675997,105,0,525
2026/02/05/01:23:03,4885.910302,0.883437,0.675997,0.883437,0.675997,105,0,525
2026/02/05/01:23:04,4886.911243,0.883437,0.675997,0.883437,0.675997,105,0,525
2026/02/05/01:23:05,4887.912233,0.883437,0.675997,0.883437,0.675997,105,0,525
2026/02/05/01:23:06,4888.913175,0.883437,0.675997,0.883437,0.675997,105,0,525
2026/02/05/01:23:07,4889.913927,0.883437,0.675997,0.883437,0.675997,105,0,525
2026/02/05/01:23:08,4890.914781,0.883437,0.675997,0.883437,0.675997,105,0,525
2026/02/05/01:23:09,4891.915659,0.883437,0.675997,0.883437,0.675997,105,0,525
2026/02/05/01:23:10,4892.916590,0.883437,0.675997,0.883437,0.675997,105,0,525
2026/02/05/01:23:11,4893.917481,0.883437,0.675997,0.883437,0.675997,105,0,525
2026/02/05/01:23:12,4894.918430,0.883437,0.675997,0.883437,0.675997,105,0,525
2026/02/05/01:23:13,4895.919335,0.883437,0.675997,0.883437,0.675997,105,0,525
2026/02/05/01:23:14,4896.920323,0.883437,0.675997,0.883437,0.675997,105,0,525
2026/02/05/01:23:15,4897.921260,0.883437,0.675997,0.883437,0.675997,105,0,525
2026/02/05/01:23:16,4898.922137,0.883437,0.675997,0.883437,0.675997,105,0,525
2026/02/05/01:23:17,4899.923949,0.883437,0.675997,0.883437,0.675997,105,0,525
2026/02/05/01:23:18,4900.924623,0.883437,0.675997,0.883437,0.675997,105,0,525
2026/02/05/01:23:19,4901.925484,0.883437,0.675997,0.883437,0.675997,105,0,525
2026/02/05/01:23:20,4902.926189,0.883437,0.675997,0.883437,0.675997,105,0,525
2026/02/05/01:23:21,4903.927058,0.883437,0.675997,0.883437,0.675997,105,0,525
2026/02/05/01:23:22,4904.927978,0.883437,0.675997,0.883437,0.675997,105,0,525
2026/02/05/01:23:23,4905.928767,0.883437,0.675997,0.883437,0.675997,105,0,525
2026/02/05/01:23:24,4906.929687,0.883437,0.675997,0.883437,0.675997,105,0,525
2026/02/05/01:23:25,4907.930583,0.898250,0.698631,0.934063,0.720538,107,2,525
2026/02/05/01:23:26,4908.931362,0.898250,0.698631,0.934063,0.720538,107,2,525
2026/02/05/01:23:27,4909.932267,0.898250,0.698631,0.934063,0.720538,107,2,525
2026/02/05/01:23:28,4910.933173,0.898250,0.698631,0.934063,0.720538,107,2,525
2026/02/05/01:23:29,4911.933826,0.895000,0.693905,0.930813,0.715812,106,2,526
2026/02/05/01:23:30,4912.934670,0.895000,0.693905,0.930813,0.715812,106,2,526
2026/02/05/01:23:31,4913.935403,0.895000,0.693905,0.930813,0.715812,106,2,526
2026/02/05/01:23:32,4914.936105,0.895000,0.693905,0.930813,0.715812,106,2,526
2026/02/05/01:23:33,4915.937005,0.895000,0.693905,0.930813,0.715812,106,2,526
2026/02/05/01:23:34,4916.937768,0.895000,0.693905,0.930813,0.715812,106,2,526
2026/02/05/01:23:35,4917.938581,0.893437,0.684904,0.917687,0.688902,104,1,529
2026/02/05/01:23:36,4918.939559,0.893437,0.684904,0.917687,0.688902,104,1,529
2026/02/05/01:23:37,4919.940471,0.893437,0.684904,0.917687,0.688902,104,1,529
2026/02/05/01:23:38,4920.941272,0.893437,0.684904,0.917687,0.688902,104,1,529
2026/02/05/01:23:39,4921.941983,0.893437,0.684904,0.917687,0.688902,104,1,529
2026/02/05/01:23:40,4922.942882,0.893437,0.684904,0.917687,0.688902,104,1,529
2026/02/05/01:23:41,4923.943614,0.893437,0.684904,0.917687,0.688902,104,1,529
2026/02/05/01:23:42,4924.944490,0.893437,0.684904,0.917687,0.688902,104,1,529
2026/02/05/01:23:43,4925.945340,0.957187,0.790624,1.003437,0.814625,115,2,529
2026/02/05/01:23:44,4926.946111,0.957187,0.790624,1.003437,0.814625,115,2,529
2026/02/05/01:23:45,4927.947076,0.953812,0.786106,1.000063,0.810107,114,2,530
2026/02/05/01:23:46,4928.947745,0.941813,0.775715,0.988062,0.799716,111,2,533
2026/02/05/01:23:47,4929.948667,0.941813,0.775715,0.988062,0.799716,111,2,533
2026/02/05/01:23:48,4930.949367,0.941813,0.775715,0.988062,0.799716,111,2,533
2026/02/05/01:23:49,4931.950334,0.941813,0.775715,0.988062,0.799716,111,2,533
2026/02/05/01:23:50,4932.951034,0.929000,0.772164,0.975250,0.796165,110,2,534
2026/02/05/01:23:51,4933.952003,0.929000,0.772164,0.975250,0.796165,110,2,534
2026/02/05/01:23:52,4934.952988,0.929000,0.772164,0.975250,0.796165,110,2,534
2026/02/05/01:23:53,4935.953928,0.923375,0.768861,0.969625,0.792862,109,2,535
2026/02/05/01:23:54,4936.954743,0.923375,0.768861,0.969625,0.792862,109,2,535
2026/02/05/01:23:55,4937.955535,0.923375,0.768861,0.969625,0.792862,109,2,535
2026/02/05/01:23:56,4938.956409,0.923375,0.768861,0.969625,0.792862,109,2,535
2026/02/05/01:23:57,4939.957254,0.923375,0.768861,0.969625,0.792862,109,2,535
2026/02/05/01:23:58,4940.958205,0.923375,0.768861,0.969625,0.792862,109,2,535
2026/02/05/01:23:59,4941.959006,0.923375,0.768861,0.969625,0.792862,109,2,535
2026/02/05/01:24:00,4942.959824,0.923375,0.768861,0.945375,0.788864,109,1,535
2026/02/05/01:24:01,4943.960616,0.923375,0.768861,0.945375,0.788864,109,1,535
2026/02/05/01:24:02,4944.961610,0.923375,0.768861,0.945375,0.788864,109,1,535
2026/02/05/01:24:03,4945.962379,0.923375,0.768861,0.945375,0.788864,109,1,535
2026/02/05/01:24:04,4946.963156,0.923375,0.768861,0.945375,0.788864,109,1,535
2026/02/05/01:24:05,4947.964094,0.923375,0.768861,0.945375,0.788864,109,1,535
2026/02/05/01:24:06,4948.964799,0.923375,0.768861,0.945375,0.788864,109,1,535
2026/02/05/01:24:07,4949.965681,0.923375,0.768861,0.945375,0.788864,109,1,535
2026/02/05/01:24:08,4950.966541,0.923375,0.768861,0.945375,0.788864,109,1,535
2026/02/05/01:24:09,4951.967497,0.923375,0.768861,0.945375,0.788864,109,1,535
2026/02/05/01:24:10,4952.968248,0.923375,0.768861,0.945375,0.788864,109,1,535
2026/02/05/01:24:11,4953.969154,0.923375,0.768861,0.945375,0.788864,109,1,535
2026/02/05/01:24:12,4954.969986,0.923375,0.768861,0.945375,0.788864,109,1,535
2026/02/05/01:24:13,4955.970943,0.923375,0.768861,0.945375,0.788864,109,1,535
2026/02/05/01:24:14,4956.971819,0.923375,0.768861,0.945375,0.788864,109,1,535
2026/02/05/01:24:15,4957.972988,0.923375,0.768861,0.945375,0.788864,109,1,535
2026/02/05/01:24:16,4958.973835,0.923375,0.768861,0.945375,0.788864,109,1,535
2026/02/05/01:24:17,4959.974538,0.923375,0.768861,0.945375,0.788864,109,1,535
2026/02/05/01:24:18,4960.975304,0.923375,0.768861,0.945375,0.788864,109,1,535
2026/02/05/01:24:19,4961.976151,0.923375,0.768861,0.945375,0.788864,109,1,535
2026/02/05/01:24:20,4963.029915,0.923375,0.768861,0.945375,0.788864,109,1,535
2026/02/05/01:24:21,4964.030677,0.923375,0.768861,0.945375,0.788864,109,1,535
2026/02/05/01:24:22,4965.031513,0.945375,0.788864,0.945375,0.788864,110,0,537
2026/02/05/01:24:23,4966.032533,0.945375,0.788864,0.945375,0.788864,110,0,537
2026/02/05/01:24:24,4967.033275,0.945375,0.788864,0.945375,0.788864,110,0,537
2026/02/05/01:24:25,4968.035240,0.945375,0.788864,0.945375,0.788864,110,0,537
2026/02/05/01:24:26,4969.036345,0.945375,0.788864,0.945375,0.788864,110,0,537
2026/02/05/01:24:27,4970.037184,0.945375,0.788864,0.945375,0.788864,110,0,537
2026/02/05/01:24:28,4971.038034,0.945375,0.788864,0.945375,0.788864,110,0,537
2026/02/05/01:24:29,4972.039076,0.945375,0.788864,0.945375,0.788864,110,0,537
2026/02/05/01:24:30,4973.040005,0.945375,0.788864,0.945375,0.788864,110,0,537
2026/02/05/01:24:31,4974.040754,0.945375,0.788864,0.945375,0.788864,110,0,537
2026/02/05/01:24:32,4975.041613,0.945375,0.788864,0.945375,0.788864,110,0,537
2026/02/05/01:24:33,4976.042569,0.945375,0.788864,0.945375,0.788864,110,0,537
2026/02/05/01:24:34,4977.043637,0.945375,0.788864,0.945375,0.788864,110,0,537
2026/02/05/01:24:35,4978.044491,0.945375,0.788864,0.945375,0.788864,110,0,537
2026/02/05/01:24:36,4979.045443,0.945375,0.788864,0.945375,0.788864,110,0,537
2026/02/05/01:24:37,4980.046184,0.945375,0.788864,0.945375,0.788864,110,0,537
2026/02/05/01:24:38,4981.047077,0.945375,0.788864,0.945375,0.788864,110,0,537
2026/02/05/01:24:39,4982.047951,0.945375,0.788864,0.945375,0.788864,110,0,537
2026/02/05/01:24:40,4983.048884,0.945375,0.788864,0.945375,0.788864,110,0,537
2026/02/05/01:24:41,4984.049766,0.945375,0.788864,0.945375,0.788864,110,0,537
2026/02/05/01:24:42,4985.050694,0.945375,0.788864,0.945375,0.788864,110,0,537
2026/02/05/01:24:43,4986.051461,0.945375,0.788864,0.945375,0.788864,110,0,537
2026/02/05/01:24:44,4987.052337,0.945375,0.788864,0.945375,0.788864,110,0,537
2026/02/05/01:24:45,4988.053101,0.945375,0.788864,0.945375,0.788864,110,0,537
2026/02/05/01:24:46,4989.053892,0.945375,0.788864,0.945375,0.788864,110,0,537
2026/02/05/01:24:47,4990.054766,0.945375,0.788864,0.945375,0.788864,110,0,537
2026/02/05/01:24:48,4991.055840,0.945375,0.788864,0.945375,0.788864,110,0,537
2026/02/05/01:24:49,4992.056833,0.945375,0.788864,0.945375,0.788864,110,0,537
2026/02/05/01:24:50,4993.057842,0.945375,0.788864,0.945375,0.788864,110,0,537
2026/02/05/01:24:51,4994.058945,0.945375,0.788864,0.945375,0.788864,110,0,537
2026/02/05/01:24:52,4995.059788,0.945375,0.788864,0.945375,0.788864,110,0,537
2026/02/05/01:24:54,4996.060517,0.945375,0.788864,0.945375,0.788864,110,0,537
2026/02/05/01:24:55,4997.061616,0.945375,0.788864,0.945375,0.788864,110,0,537
2026/02/05/01:24:56,4998.062428,0.945375,0.788864,0.945375,0.788864,110,0,537
2026/02/05/01:24:57,4999.063153,0.945375,0.788864,0.945375,0.788864,110,0,537
2026/02/05/01:24:58,5000.063918,0.945375,0.788864,0.945375,0.788864,110,0,537
2026/02/05/01:24:59,5001.064626,0.945375,0.788864,0.945375,0.788864,110,0,537
2026/02/05/01:25:00,5002.065516,0.945375,0.788864,0.945375,0.788864,110,0,537
2026/02/05/01:25:01,5003.066440,0.945375,0.788864,0.945375,0.788864,110,0,537
2026/02/05/01:25:02,5004.067230,0.945375,0.788864,0.945375,0.788864,110,0,537
2026/02/05/01:25:03,5005.068105,0.945375,0.788864,0.945375,0.788864,110,0,537
2026/02/05/01:25:04,5006.069071,0.945375,0.788864,0.945375,0.788864,110,0,537
2026/02/05/01:25:05,5007.070050,0.945375,0.788864,0.945375,0.788864,110,0,537
2026/02/05/01:25:06,5008.071004,0.945375,0.788864,0.945375,0.788864,110,0,537
2026/02/05/01:25:07,5009.071661,0.945375,0.788864,0.945375,0.788864,110,0,537
2026/02/05/01:25:08,5010.072416,0.945375,0.788864,0.945375,0.788864,110,0,537
2026/02/05/01:25:09,5011.073450,0.945375,0.788864,0.945375,0.788864,110,0,537
2026/02/05/01:25:10,5012.074452,0.945375,0.788864,0.945375,0.788864,110,0,537
2026/02/05/01:25:11,5013.075213,0.945375,0.788864,0.945375,0.788864,110,0,537
2026/02/05/01:25:12,5014.075976,0.945375,0.788864,0.945375,0.788864,110,0,537
2026/02/05/01:25:13,5015.076739,0.945375,0.788864,0.945375,0.788864,110,0,537
2026/02/05/01:25:14,5016.077450,0.945375,0.788864,0.945375,0.788864,110,0,537
2026/02/05/01:25:15,5017.078373,0.945375,0.788864,0.945375,0.788864,110,0,537
2026/02/05/01:25:16,5018.079249,0.945375,0.788864,0.945375,0.788864,110,0,537
2026/02/05/01:25:17,5019.080079,0.945375,0.788864,0.945375,0.788864,110,0,537
2026/02/05/01:25:18,5020.080844,0.922250,0.753048,0.922250,0.753048,108,0,539
2026/02/05/01:25:19,5021.081595,0.922250,0.753048,0.922250,0.753048,108,0,539
2026/02/05/01:25:20,5022.082242,0.922250,0.753048,0.922250,0.753048,108,0,539
2026/02/05/01:25:21,5023.083113,0.922250,0.753048,0.922250,0.753048,108,0,539
2026/02/05/01:25:22,5024.083973,0.922250,0.753048,0.922250,0.753048,108,0,539
2026/02/05/01:25:23,5025.084687,0.911750,0.714187,0.911750,0.714187,105,0,542
2026/02/05/01:25:24,5026.085585,0.911750,0.714187,0.911750,0.714187,105,0,542
2026/02/05/01:25:25,5027.086496,0.911750,0.714187,0.911750,0.714187,105,0,542
2026/02/05/01:25:26,5028.087172,0.911750,0.714187,0.911750,0.714187,105,0,542
2026/02/05/01:25:27,5029.088112,0.911750,0.714187,0.911750,0.714187,105,0,542
2026/02/05/01:25:28,5030.089038,0.911750,0.714187,0.911750,0.714187,105,0,542
2026/02/05/01:25:29,5031.089925,0.911750,0.714187,0.911750,0.714187,105,0,542
2026/02/05/01:25:30,5032.090812,0.911750,0.714187,0.911750,0.714187,105,0,542
2026/02/05/01:25:31,5033.091797,0.911750,0.714187,0.911750,0.714187,105,0,542
2026/02/05/01:25:32,5034.092749,0.911750,0.714187,0.911750,0.714187,105,0,542
2026/02/05/01:25:33,5035.093701,0.911750,0.714187,0.911750,0.714187,105,0,542
2026/02/05/01:25:34,5036.094640,0.911750,0.714187,0.911750,0.714187,105,0,542
2026/02/05/01:25:35,5037.095496,0.911750,0.714187,0.911750,0.714187,105,0,542
2026/02/05/01:25:36,5038.096357,0.911750,0.714187,0.911750,0.714187,105,0,542
2026/02/05/01:25:37,5039.097099,0.911750,0.714187,0.911750,0.714187,105,0,542
2026/02/05/01:25:38,5040.098173,0.911750,0.714187,0.911750,0.714187,105,0,542
2026/02/05/01:25:39,5041.099072,0.911750,0.714187,0.911750,0.714187,105,0,542
2026/02/05/01:25:40,5042.099833,0.911750,0.714187,0.911750,0.714187,105,0,542
2026/02/05/01:25:41,5043.100739,0.911750,0.714187,0.911750,0.714187,105,0,542
2026/02/05/01:25:42,5044.101586,0.911750,0.714187,0.911750,0.714187,105,0,542
2026/02/05/01:25:43,5045.102568,0.911750,0.714187,0.911750,0.714187,105,0,542
2026/02/05/01:25:44,5046.103387,0.911750,0.714187,0.911750,0.714187,105,0,542
2026/02/05/01:25:45,5047.104216,0.906438,0.710822,0.906438,0.710822,104,0,543
2026/02/05/01:25:46,5048.104995,0.906438,0.710822,0.906438,0.710822,104,0,543
2026/02/05/01:25:47,5049.106082,0.906438,0.710822,0.906438,0.710822,104,0,543
2026/02/05/01:25:48,5050.106879,0.906438,0.710822,0.906438,0.710822,104,0,543
2026/02/05/01:25:49,5051.107753,0.906438,0.710822,0.906438,0.710822,104,0,543
2026/02/05/01:25:50,5052.108628,0.906438,0.710822,0.906438,0.710822,104,0,543
2026/02/05/01:25:51,5053.109549,0.906438,0.710822,0.906438,0.710822,104,0,543
2026/02/05/01:25:52,5054.110398,0.906438,0.710822,0.906438,0.710822,104,0,543
2026/02/05/01:25:53,5055.111318,0.906438,0.710822,0.906438,0.710822,104,0,543
2026/02/05/01:25:54,5056.112117,0.906438,0.710822,0.906438,0.710822,104,0,543
2026/02/05/01:25:55,5057.112923,0.906438,0.710822,0.906438,0.710822,104,0,543
2026/02/05/01:25:56,5058.113844,0.906438,0.710822,0.906438,0.710822,104,0,543
2026/02/05/01:25:57,5059.114718,0.906438,0.710822,0.906438,0.710822,104,0,543
2026/02/05/01:25:58,5060.115391,0.906438,0.710822,0.906438,0.710822,104,0,543
2026/02/05/01:25:59,5061.116491,0.906438,0.710822,0.906438,0.710822,104,0,543
2026/02/05/01:26:00,5062.117385,0.906438,0.710822,0.906438,0.710822,104,0,543
2026/02/05/01:26:01,5063.122162,0.906438,0.710822,0.906438,0.710822,104,0,543
2026/02/05/01:26:02,5064.122961,0.906438,0.710822,0.906438,0.710822,104,0,543
2026/02/05/01:26:03,5065.124063,0.906438,0.710822,0.906438,0.710822,104,0,543
2026/02/05/01:26:04,5066.125133,0.906438,0.710822,0.906438,0.710822,104,0,543
2026/02/05/01:26:05,5067.126283,0.906438,0.710822,0.906438,0.710822,104,0,543
2026/02/05/01:26:06,5068.127014,0.906438,0.710822,0.906438,0.710822,104,0,543
2026/02/05/01:26:07,5069.127823,0.906438,0.710822,0.906438,0.710822,104,0,543
2026/02/05/01:26:08,5070.128720,0.906438,0.710822,0.906438,0.710822,104,0,543
2026/02/05/01:26:09,5071.129689,0.906438,0.710822,0.906438,0.710822,104,0,543
2026/02/05/01:26:10,5072.130546,0.906438,0.710822,0.906438,0.710822,104,0,543
2026/02/05/01:26:11,5073.131353,0.906438,0.710822,0.906438,0.710822,104,0,543
2026/02/05/01:26:12,5074.132261,0.906438,0.710822,0.906438,0.710822,104,0,543
2026/02/05/01:26:13,5075.133276,0.906438,0.710822,0.906438,0.710822,104,0,543
2026/02/05/01:26:14,5076.134218,0.906438,0.710822,0.906438,0.710822,104,0,543
2026/02/05/01:26:15,5077.135121,0.902188,0.702373,0.902188,0.702373,103,0,544
2026/02/05/01:26:16,5078.135854,0.902188,0.702373,0.902188,0.702373,103,0,544
2026/02/05/01:26:17,5079.136848,0.902188,0.702373,0.902188,0.702373,103,0,544
2026/02/05/01:26:18,5080.137569,0.902188,0.702373,0.902188,0.702373,103,0,544
2026/02/05/01:26:19,5081.138261,0.882938,0.693772,0.882938,0.693772,101,0,546
2026/02/05/01:26:20,5082.139007,0.882938,0.693772,0.882938,0.693772,101,0,546
2026/02/05/01:26:21,5083.140048,0.882938,0.693772,0.882938,0.693772,101,0,546
2026/02/05/01:26:22,5084.140944,0.882938,0.693772,0.882938,0.693772,101,0,546
2026/02/05/01:26:23,5085.141898,0.882938,0.693772,0.882938,0.693772,101,0,546
2026/02/05/01:26:24,5086.142606,0.882938,0.693772,0.882938,0.693772,101,0,546
2026/02/05/01:26:25,5087.143341,0.882938,0.693772,0.882938,0.693772,101,0,546
2026/02/05/01:26:26,5088.144208,0.882938,0.693772,0.882938,0.693772,101,0,546
2026/02/05/01:26:27,5089.144930,0.882938,0.693772,0.882938,0.693772,101,0,546
2026/02/05/01:26:28,5090.145985,0.882938,0.693772,0.882938,0.693772,101,0,546
2026/02/05/01:26:29,5091.146823,0.882938,0.693772,0.882938,0.693772,101,0,546
2026/02/05/01:26:30,5092.147856,0.882938,0.693772,0.882938,0.693772,101,0,546
2026/02/05/01:26:31,5093.148876,0.882938,0.693772,0.882938,0.693772,101,0,546
2026/02/05/01:26:32,5094.149701,0.882938,0.693772,0.882938,0.693772,101,0,546
2026/02/05/01:26:33,5095.150816,0.882938,0.693772,0.882938,0.693772,101,0,546
2026/02/05/01:26:34,5096.151664,0.882938,0.693772,0.882938,0.693772,101,0,546
2026/02/05/01:26:35,5097.152617,0.882938,0.693772,0.882938,0.693772,101,0,546
2026/02/05/01:26:36,5098.153582,0.882938,0.693772,0.882938,0.693772,101,0,546
2026/02/05/01:26:37,5099.154566,0.882938,0.693772,0.882938,0.693772,101,0,546
2026/02/05/01:26:38,5100.155570,0.882938,0.693772,0.882938,0.693772,101,0,546
2026/02/05/01:26:39,5101.156510,0.882938,0.693772,0.882938,0.693772,101,0,546
2026/02/05/01:26:40,5102.157398,0.882938,0.693772,0.882938,0.693772,101,0,546
2026/02/05/01:26:41,5103.158354,0.882938,0.693772,0.882938,0.693772,101,0,546
2026/02/05/01:26:42,5104.159287,0.882938,0.693772,0.882938,0.693772,101,0,546
2026/02/05/01:26:43,5105.160172,0.882938,0.693772,0.882938,0.693772,101,0,546
2026/02/05/01:26:44,5106.161174,0.882938,0.693772,0.882938,0.693772,101,0,546
2026/02/05/01:26:45,5107.161883,0.882938,0.693772,0.882938,0.693772,101,0,546
2026/02/05/01:26:46,5108.162644,0.882938,0.693772,0.882938,0.693772,101,0,546
2026/02/05/01:26:47,5109.163505,0.882938,0.693772,0.882938,0.693772,101,0,546
2026/02/05/01:26:48,5110.164315,0.882938,0.693772,0.882938,0.693772,101,0,546
2026/02/05/01:26:49,5111.164996,0.882938,0.693772,0.882938,0.693772,101,0,546
2026/02/05/01:26:50,5112.165793,0.882938,0.693772,0.882938,0.693772,101,0,546
2026/02/05/01:26:51,5113.166614,0.882938,0.693772,0.882938,0.693772,101,0,546
2026/02/05/01:26:52,5114.167472,0.860938,0.673769,0.860938,0.673769,100,0,547
2026/02/05/01:26:53,5115.168489,0.860938,0.673769,0.860938,0.673769,100,0,547
2026/02/05/01:26:54,5116.169348,0.860938,0.673769,0.860938,0.673769,100,0,547
2026/02/05/01:26:55,5117.170204,0.860938,0.673769,0.860938,0.673769,100,0,547
2026/02/05/01:26:56,5118.171161,0.860938,0.673769,0.860938,0.673769,100,0,547
2026/02/05/01:26:57,5119.171968,0.860938,0.673769,0.860938,0.673769,100,0,547
2026/02/05/01:26:58,5120.172977,0.860938,0.673769,0.860938,0.673769,100,0,547
2026/02/05/01:26:59,5121.173791,0.860938,0.673769,0.860938,0.673769,100,0,547
2026/02/05/01:27:00,5122.174790,0.860938,0.673769,0.860938,0.673769,100,0,547
2026/02/05/01:27:01,5123.175729,0.860938,0.673769,0.860938,0.673769,100,0,547
2026/02/05/01:27:02,5124.176542,0.860938,0.673769,0.860938,0.673769,100,0,547
2026/02/05/01:27:03,5125.177418,0.860938,0.673769,0.860938,0.673769,100,0,547
2026/02/05/01:27:04,5126.178314,0.860938,0.673769,0.860938,0.673769,100,0,547
2026/02/05/01:27:05,5127.179306,0.860938,0.673769,0.860938,0.673769,100,0,547
2026/02/05/01:27:06,5128.180230,0.860938,0.673769,0.860938,0.673769,100,0,547
2026/02/05/01:27:07,5129.181132,0.860938,0.673769,0.860938,0.673769,100,0,547
2026/02/05/01:27:08,5130.181924,0.860938,0.673769,0.860938,0.673769,100,0,547
2026/02/05/01:27:09,5131.182823,0.860938,0.673769,0.860938,0.673769,100,0,547
2026/02/05/01:27:10,5132.183814,0.860938,0.673769,0.860938,0.673769,100,0,547
2026/02/05/01:27:11,5133.184633,0.860938,0.673769,0.860938,0.673769,100,0,547
2026/02/05/01:27:12,5134.185546,0.860938,0.673769,0.860938,0.673769,100,0,547
2026/02/05/01:27:13,5135.186539,0.860938,0.673769,0.860938,0.673769,100,0,547
2026/02/05/01:27:14,5136.187399,0.860938,0.673769,0.860938,0.673769,100,0,547
2026/02/05/01:27:15,5137.188198,0.860938,0.673769,0.860938,0.673769,100,0,547
2026/02/05/01:27:16,5138.189057,0.860938,0.673769,0.860938,0.673769,100,0,547
2026/02/05/01:27:17,5139.189908,0.860938,0.673769,0.860938,0.673769,100,0,547
2026/02/05/01:27:18,5140.190794,0.860938,0.673769,0.860938,0.673769,100,0,547
2026/02/05/01:27:19,5141.191571,0.860938,0.673769,0.860938,0.673769,100,0,547
2026/02/05/01:27:20,5142.192658,0.860938,0.673769,0.860938,0.673769,100,0,547
2026/02/05/01:27:21,5143.193357,0.860938,0.673769,0.860938,0.673769,100,0,547
2026/02/05/01:27:22,5144.194302,0.860938,0.673769,0.860938,0.673769,100,0,547
2026/02/05/01:27:23,5145.195139,0.860938,0.673769,0.860938,0.673769,100,0,547
2026/02/05/01:27:24,5146.195909,0.860938,0.673769,0.860938,0.673769,100,0,547
2026/02/05/01:27:25,5147.196955,0.860938,0.673769,0.860938,0.673769,100,0,547
2026/02/05/01:27:26,5148.197758,0.860938,0.673769,0.860938,0.673769,100,0,547
2026/02/05/01:27:27,5149.198619,0.865000,0.677440,0.906500,0.708399,101,6,547
2026/02/05/01:27:28,5150.199404,0.918125,0.718774,0.932625,0.724805,109,1,547
2026/02/05/01:27:29,5151.200212,0.918125,0.718774,0.932625,0.724805,109,1,547
2026/02/05/01:27:30,5152.200946,0.918125,0.718774,0.932625,0.724805,109,1,547
2026/02/05/01:27:31,5153.201821,0.918125,0.718774,0.932625,0.724805,109,1,547
2026/02/05/01:27:32,5154.202657,0.910188,0.712999,0.924687,0.719031,107,1,550
2026/02/05/01:27:33,5155.203528,0.910188,0.712999,0.924687,0.719031,107,1,550
2026/02/05/01:27:34,5156.204320,0.941250,0.789806,0.975125,0.829442,115,3,550
2026/02/05/01:27:35,5157.204980,0.941250,0.789806,0.975125,0.829442,115,3,550
2026/02/05/01:27:36,5158.205825,0.941250,0.789806,0.975125,0.829442,115,3,550
2026/02/05/01:27:37,5159.206597,0.941250,0.789806,0.975125,0.829442,115,3,550
2026/02/05/01:27:38,5160.207421,0.941250,0.789806,0.955750,0.795837,115,1,550
2026/02/05/01:27:39,5161.208300,0.941250,0.789806,0.955750,0.795837,115,1,550
2026/02/05/01:27:40,5162.209056,0.949500,0.801467,0.967125,0.814639,117,2,550
2026/02/05/01:27:41,5163.209698,0.952625,0.808608,0.967125,0.814639,118,1,550
2026/02/05/01:27:42,5164.210708,0.946313,0.804417,0.960812,0.810448,117,1,551
2026/02/05/01:27:43,5165.211521,0.928875,0.788855,0.943375,0.794887,114,1,554
2026/02/05/01:27:44,5166.212284,0.928875,0.788855,0.943375,0.794887,114,1,554
2026/02/05/01:27:45,5167.213112,0.928875,0.788855,0.943375,0.794887,114,1,554
2026/02/05/01:27:46,5168.214095,0.928875,0.788855,0.943375,0.794887,114,1,554
2026/02/05/01:27:47,5169.215050,0.924625,0.781490,0.939125,0.787522,113,1,555
2026/02/05/01:27:48,5170.215832,0.924625,0.781490,0.939125,0.787522,113,1,555
2026/02/05/01:27:49,5171.216167,0.924625,0.781490,0.939125,0.787522,113,1,555
2026/02/05/01:27:50,5172.223440,0.939125,0.787522,0.939125,0.787522,114,0,556
2026/02/05/01:27:51,5173.224258,0.929562,0.759318,0.929562,0.759318,111,0,559
2026/02/05/01:27:52,5174.224972,0.929562,0.759318,0.929562,0.759318,111,0,559
2026/02/05/01:27:53,5175.225699,0.929562,0.759318,0.929562,0.759318,111,0,559
2026/02/05/01:27:54,5176.226652,0.929562,0.759318,0.929562,0.759318,111,0,559
2026/02/05/01:27:55,5177.227586,0.929562,0.759318,0.929562,0.759318,111,0,559
2026/02/05/01:27:56,5178.228344,0.929562,0.759318,0.929562,0.759318,111,0,559
2026/02/05/01:27:57,5179.235411,0.926438,0.752177,0.926438,0.752177,110,0,560
2026/02/05/01:27:58,5180.236234,0.926438,0.752177,0.926438,0.752177,110,0,560
2026/02/05/01:27:59,5181.237095,0.926438,0.752177,0.926438,0.752177,110,0,560
2026/02/05/01:28:00,5182.237953,0.926438,0.752177,0.926438,0.752177,110,0,560
2026/02/05/01:28:01,5183.239026,0.926438,0.752177,0.926438,0.752177,110,0,560
2026/02/05/01:28:02,5184.239987,0.926438,0.752177,0.926438,0.752177,110,0,560
2026/02/05/01:28:03,5185.240891,0.926438,0.752177,0.926438,0.752177,110,0,560
2026/02/05/01:28:04,5186.241833,0.926438,0.752177,0.926438,0.752177,110,0,560
2026/02/05/01:28:05,5187.242474,0.926438,0.752177,0.926438,0.752177,110,0,560
2026/02/05/01:28:06,5188.243418,0.926438,0.752177,0.926438,0.752177,110,0,560
2026/02/05/01:28:07,5189.244281,0.926438,0.752177,0.926438,0.752177,110,0,560
2026/02/05/01:28:08,5190.245209,0.926438,0.752177,0.926438,0.752177,110,0,560
2026/02/05/01:28:09,5191.246079,0.922937,0.748344,0.922937,0.748344,109,0,561
2026/02/05/01:28:10,5192.246767,0.922937,0.748344,0.922937,0.748344,109,0,561
2026/02/05/01:28:11,5193.247595,0.922937,0.748344,0.922937,0.748344,109,0,561
2026/02/05/01:28:12,5194.248394,0.922937,0.748344,0.922937,0.748344,109,0,561
2026/02/05/01:28:13,5195.249333,0.922937,0.748344,0.922937,0.748344,109,0,561
2026/02/05/01:28:14,5196.250021,0.922937,0.748344,0.922937,0.748344,109,0,561
2026/02/05/01:28:15,5197.250794,0.922937,0.748344,0.922937,0.748344,109,0,561
2026/02/05/01:28:16,5198.251475,0.922937,0.748344,0.922937,0.748344,109,0,561
2026/02/05/01:28:17,5199.252419,0.922937,0.748344,0.922937,0.748344,109,0,561
2026/02/05/01:28:18,5200.253212,0.922937,0.748344,0.922937,0.748344,109,0,561
2026/02/05/01:28:19,5201.253991,0.922937,0.748344,0.922937,0.748344,109,0,561
2026/02/05/01:28:20,5202.254754,0.922937,0.748344,0.922937,0.748344,109,0,561
2026/02/05/01:28:21,5203.255446,0.922937,0.748344,0.922937,0.748344,109,0,561
2026/02/05/01:28:22,5204.256297,0.922937,0.748344,0.922937,0.748344,109,0,561
2026/02/05/01:28:23,5205.262033,0.915562,0.741407,0.915562,0.741407,108,0,562
2026/02/05/01:28:24,5206.262959,0.915562,0.741407,0.915562,0.741407,108,0,562
2026/02/05/01:28:25,5207.263811,0.915562,0.741407,0.915562,0.741407,108,0,562
2026/02/05/01:28:26,5208.264599,0.915562,0.741407,0.915562,0.741407,108,0,562
2026/02/05/01:28:27,5209.265566,0.915562,0.741407,0.915562,0.741407,108,0,562
2026/02/05/01:28:28,5210.266523,0.915562,0.741407,0.915562,0.741407,108,0,562
2026/02/05/01:28:29,5211.267300,0.915562,0.741407,0.915562,0.741407,108,0,562
2026/02/05/01:28:30,5212.268123,0.915562,0.741407,0.915562,0.741407,108,0,562
2026/02/05/01:28:31,5213.268859,0.915562,0.741407,0.915562,0.741407,108,0,562
2026/02/05/01:28:32,5214.269612,0.915562,0.741407,0.915562,0.741407,108,0,562
2026/02/05/01:28:33,5215.270521,0.915562,0.741407,0.915562,0.741407,108,0,562
2026/02/05/01:28:34,5216.271352,0.915562,0.741407,0.915562,0.741407,108,0,562
2026/02/05/01:28:35,5217.272120,0.915562,0.741407,0.915562,0.741407,108,0,562
2026/02/05/01:28:36,5218.273005,0.915562,0.741407,0.915562,0.741407,108,0,562
2026/02/05/01:28:37,5219.273761,0.915562,0.741407,0.915562,0.741407,108,0,562
2026/02/05/01:28:38,5220.274661,0.915562,0.741407,0.915562,0.741407,108,0,562
2026/02/05/01:28:39,5221.275603,0.915562,0.741407,0.915562,0.741407,108,0,562
2026/02/05/01:28:40,5222.276246,0.915562,0.741407,0.915562,0.741407,108,0,562
2026/02/05/01:28:41,5223.277091,0.915562,0.741407,0.915562,0.741407,108,0,562
2026/02/05/01:28:42,5224.277852,0.915562,0.741407,0.915562,0.741407,108,0,562
2026/02/05/01:28:43,5225.278569,0.915562,0.741407,0.915562,0.741407,108,0,562
2026/02/05/01:28:44,5226.279240,0.915562,0.741407,0.915562,0.741407,108,0,562
2026/02/05/01:28:45,5227.279892,0.915562,0.741407,0.915562,0.741407,108,0,562
2026/02/05/01:28:46,5228.280752,0.915562,0.741407,0.915562,0.741407,108,0,562
2026/02/05/01:28:47,5229.281462,0.915562,0.741407,0.915562,0.741407,108,0,562
2026/02/05/01:28:48,5230.282388,0.915562,0.741407,0.915562,0.741407,108,0,562
2026/02/05/01:28:49,5231.283099,0.915562,0.741407,0.915562,0.741407,108,0,562
2026/02/05/01:28:50,5232.284173,0.915562,0.741407,0.915562,0.741407,108,0,562
2026/02/05/01:28:51,5233.284965,0.915562,0.741407,0.915562,0.741407,108,0,562
2026/02/05/01:28:52,5234.286023,0.915562,0.741407,0.915562,0.741407,108,0,562
2026/02/05/01:28:53,5235.286839,0.915562,0.741407,0.915562,0.741407,108,0,562
2026/02/05/01:28:54,5236.287648,0.915562,0.741407,0.915562,0.741407,108,0,562
2026/02/05/01:28:55,5237.288547,0.915562,0.741407,0.915562,0.741407,108,0,562
2026/02/05/01:28:56,5238.289528,0.915562,0.741407,0.915562,0.741407,108,0,562
2026/02/05/01:28:57,5239.290428,0.915562,0.741407,0.915562,0.741407,108,0,562
2026/02/05/01:28:58,5240.291270,0.915562,0.741407,0.915562,0.741407,108,0,562
2026/02/05/01:28:59,5241.292048,0.915562,0.741407,0.915562,0.741407,108,0,562
2026/02/05/01:29:00,5242.292847,0.915562,0.741407,0.915562,0.741407,108,0,562
2026/02/05/01:29:01,5243.293806,0.915562,0.741407,0.915562,0.741407,108,0,562
2026/02/05/01:29:02,5244.294626,0.915562,0.741407,0.915562,0.741407,108,0,562
2026/02/05/01:29:03,5245.295444,0.915562,0.741407,0.915562,0.741407,108,0,562
2026/02/05/01:29:04,5246.296314,0.915562,0.741407,0.915562,0.741407,108,0,562
2026/02/05/01:29:05,5247.297240,0.915562,0.741407,0.915562,0.741407,108,0,562
2026/02/05/01:29:06,5248.297966,0.915562,0.741407,0.915562,0.741407,108,0,562
2026/02/05/01:29:07,5249.298761,0.915562,0.741407,0.915562,0.741407,108,0,562
2026/02/05/01:29:08,5250.299608,0.915562,0.741407,0.915562,0.741407,108,0,562
2026/02/05/01:29:09,5251.300340,0.915562,0.741407,0.915562,0.741407,108,0,562
2026/02/05/01:29:10,5252.301205,0.915562,0.741407,0.915562,0.741407,108,0,562
2026/02/05/01:29:11,5253.301997,0.915562,0.741407,0.915562,0.741407,108,0,562
2026/02/05/01:29:12,5254.302889,0.915562,0.741407,0.915562,0.741407,108,0,562
2026/02/05/01:29:13,5255.303672,0.942187,0.793154,0.942187,0.793154,113,0,562
2026/02/05/01:29:14,5256.304635,0.966125,0.813267,0.971688,0.817639,117,1,563
2026/02/05/01:29:15,5257.305585,0.966125,0.813267,0.971688,0.817639,117,1,563
2026/02/05/01:29:16,5258.306546,0.966125,0.813267,0.971688,0.817639,117,1,563
2026/02/05/01:29:17,5259.307290,0.962875,0.808533,0.962875,0.808533,117,0,564
2026/02/05/01:29:18,5260.308245,0.935063,0.787247,0.935063,0.787247,112,0,569
2026/02/05/01:29:19,5261.308966,0.935063,0.787247,0.935063,0.787247,112,0,569
2026/02/05/01:29:20,5262.309964,0.935063,0.787247,0.935063,0.787247,112,0,569
2026/02/05/01:29:21,5263.310677,0.935063,0.787247,0.935063,0.787247,112,0,569
2026/02/05/01:29:22,5264.311449,0.935063,0.787247,0.935063,0.787247,112,0,569
2026/02/05/01:29:23,5265.312213,0.935063,0.787247,0.935063,0.787247,112,0,569
2026/02/05/01:29:24,5266.312830,0.935063,0.787247,0.935063,0.787247,112,0,569
2026/02/05/01:29:25,5267.313645,0.935063,0.787247,0.935063,0.787247,112,0,569
2026/02/05/01:29:26,5268.314432,0.935063,0.787247,0.935063,0.787247,112,0,569
2026/02/05/01:29:27,5269.315291,0.935063,0.787247,0.935063,0.787247,112,0,569
2026/02/05/01:29:28,5270.316013,0.935063,0.787247,0.935063,0.787247,112,0,569
2026/02/05/01:29:29,5271.316834,0.935063,0.787247,0.935063,0.787247,112,0,569
2026/02/05/01:29:30,5272.317837,0.935063,0.787247,0.935063,0.787247,112,0,569
2026/02/05/01:29:31,5273.318706,0.935063,0.787247,0.935063,0.787247,112,0,569
2026/02/05/01:29:32,5274.319673,0.935063,0.787247,0.935063,0.787247,112,0,569
2026/02/05/01:29:33,5275.320557,0.935063,0.787247,0.935063,0.787247,112,0,569
2026/02/05/01:29:34,5276.321363,0.935063,0.787247,0.935063,0.787247,112,0,569
2026/02/05/01:29:35,5277.322284,0.935063,0.787247,0.935063,0.787247,112,0,569
2026/02/05/01:29:36,5278.323026,0.935063,0.787247,0.935063,0.787247,112,0,569
2026/02/05/01:29:37,5279.323904,0.935063,0.787247,0.935063,0.787247,112,0,569
2026/02/05/01:29:38,5280.324933,0.935063,0.787247,0.935063,0.787247,112,0,569
2026/02/05/01:29:39,5281.325895,0.935063,0.787247,0.935063,0.787247,112,0,569
2026/02/05/01:29:40,5282.326895,0.935063,0.787247,0.935063,0.787247,112,0,569
2026/02/05/01:29:41,5283.327754,0.935063,0.787247,0.935063,0.787247,112,0,569
2026/02/05/01:29:42,5284.328903,0.935063,0.787247,0.935063,0.787247,112,0,569
2026/02/05/01:29:43,5285.329939,0.935063,0.787247,0.935063,0.787247,112,0,569
2026/02/05/01:29:44,5286.330796,0.935063,0.787247,0.935063,0.787247,112,0,569
2026/02/05/01:29:45,5287.331662,0.935063,0.787247,0.935063,0.787247,112,0,569
2026/02/05/01:29:46,5288.332605,0.935063,0.787247,0.935063,0.787247,112,0,569
2026/02/05/01:29:47,5289.333619,0.935063,0.787247,0.935063,0.787247,112,0,569
2026/02/05/01:29:48,5290.334466,0.935063,0.787247,0.935063,0.787247,112,0,569
2026/02/05/01:29:49,5291.335182,0.935063,0.787247,0.935063,0.787247,112,0,569
2026/02/05/01:29:50,5292.335991,0.935063,0.787247,0.935063,0.787247,112,0,569
2026/02/05/01:29:51,5293.336822,0.935063,0.787247,0.935063,0.787247,112,0,569
2026/02/05/01:29:52,5294.337660,0.935063,0.787247,0.935063,0.787247,112,0,569
2026/02/05/01:29:53,5295.338471,0.935063,0.787247,0.935063,0.787247,112,0,569
2026/02/05/01:29:54,5296.339402,0.935063,0.787247,0.935063,0.787247,112,0,569
2026/02/05/01:29:55,5297.340227,0.935063,0.787247,0.935063,0.787247,112,0,569
2026/02/05/01:29:56,5298.341099,0.935063,0.787247,0.935063,0.787247,112,0,569
2026/02/05/01:29:57,5299.341867,0.935063,0.787247,0.935063,0.787247,112,0,569
2026/02/05/01:29:58,5300.342669,0.935063,0.787247,0.935063,0.787247,112,0,569
2026/02/05/01:29:59,5301.343327,0.935063,0.787247,0.935063,0.787247,112,0,569
2026/02/05/01:30:00,5302.344316,0.935063,0.787247,0.935063,0.787247,112,0,569
2026/02/05/01:30:01,5303.345160,0.935063,0.787247,0.935063,0.787247,112,0,569
2026/02/05/01:30:02,5304.345963,0.935063,0.787247,0.935063,0.787247,112,0,569
2026/02/05/01:30:03,5305.346951,0.935063,0.787247,0.935063,0.787247,112,0,569
2026/02/05/01:30:04,5306.347869,0.935063,0.787247,0.935063,0.787247,112,0,569
2026/02/05/01:30:05,5307.348619,0.935063,0.787247,0.935063,0.787247,112,0,569
2026/02/05/01:30:06,5308.349501,0.935063,0.787247,0.935063,0.787247,112,0,569
2026/02/05/01:30:07,5309.350289,0.935063,0.787247,0.935063,0.787247,112,0,569
2026/02/05/01:30:08,5310.351054,0.935063,0.787247,0.935063,0.787247,112,0,569
2026/02/05/01:30:09,5311.351998,0.935063,0.787247,0.935063,0.787247,112,0,569
2026/02/05/01:30:10,5312.352858,0.935063,0.787247,0.935063,0.787247,112,0,569
2026/02/05/01:30:11,5313.353682,0.935063,0.787247,0.935063,0.787247,112,0,569
2026/02/05/01:30:12,5314.354429,0.935063,0.787247,0.935063,0.787247,112,0,569
2026/02/05/01:30:13,5315.355194,0.935063,0.787247,0.935063,0.787247,112,0,569
2026/02/05/01:30:14,5316.356452,0.935063,0.787247,0.935063,0.787247,112,0,569
2026/02/05/01:30:15,5317.357294,0.935063,0.787247,0.935063,0.787247,112,0,569
2026/02/05/01:30:16,5318.358307,0.935063,0.787247,0.935063,0.787247,112,0,569
2026/02/05/01:30:17,5319.359002,0.935063,0.787247,0.935063,0.787247,112,0,569
2026/02/05/01:30:18,5320.359828,0.935063,0.787247,0.935063,0.787247,112,0,569
2026/02/05/01:30:19,5321.360507,0.935063,0.787247,0.935063,0.787247,112,0,569
2026/02/05/01:30:20,5322.361452,0.935063,0.787247,0.935063,0.787247,112,0,569
2026/02/05/01:30:21,5323.362550,0.935063,0.787247,0.935063,0.787247,112,0,569
2026/02/05/01:30:22,5324.363376,0.935063,0.787247,0.935063,0.787247,112,0,569
2026/02/05/01:30:23,5325.364327,0.935063,0.787247,0.935063,0.787247,112,0,569
2026/02/05/01:30:24,5326.365051,0.935063,0.787247,0.935063,0.787247,112,0,569
2026/02/05/01:30:25,5327.365811,0.935063,0.787247,0.935063,0.787247,112,0,569
2026/02/05/01:30:26,5328.366609,0.935063,0.787247,0.935063,0.787247,112,0,569
2026/02/05/01:30:27,5329.367431,0.935063,0.787247,0.935063,0.787247,112,0,569
2026/02/05/01:30:28,5330.368299,0.935063,0.787247,0.935063,0.787247,112,0,569
2026/02/05/01:30:29,5331.369033,0.935063,0.787247,0.935063,0.787247,112,0,569
2026/02/05/01:30:30,5332.369725,0.935063,0.787247,0.935063,0.787247,112,0,569
2026/02/05/01:30:31,5333.370449,0.935063,0.787247,0.935063,0.787247,112,0,569
2026/02/05/01:30:32,5334.371353,0.928937,0.771273,0.928937,0.771273,111,0,570
2026/02/05/01:30:33,5335.372225,0.928937,0.771273,0.928937,0.771273,111,0,570
2026/02/05/01:30:34,5336.373139,0.928937,0.771273,0.928937,0.771273,111,0,570
2026/02/05/01:30:35,5337.373979,0.928937,0.771273,0.928937,0.771273,111,0,570
2026/02/05/01:30:36,5338.374808,0.928937,0.771273,0.928937,0.771273,111,0,570
2026/02/05/01:30:37,5339.375863,0.928937,0.771273,0.928937,0.771273,111,0,570
2026/02/05/01:30:38,5340.376802,0.928937,0.771273,0.928937,0.771273,111,0,570
2026/02/05/01:30:39,5341.377768,0.928937,0.771273,0.928937,0.771273,111,0,570
2026/02/05/01:30:40,5342.378620,0.928937,0.771273,0.928937,0.771273,111,0,570
2026/02/05/01:30:41,5343.379637,0.928937,0.771273,0.928937,0.771273,111,0,570
2026/02/05/01:30:42,5344.380497,0.928937,0.771273,0.928937,0.771273,111,0,570
2026/02/05/01:30:43,5345.381266,0.928937,0.771273,0.928937,0.771273,111,0,570
2026/02/05/01:30:44,5346.382170,0.928937,0.771273,0.928937,0.771273,111,0,570
2026/02/05/01:30:45,5347.383033,0.928937,0.771273,0.928937,0.771273,111,0,570
2026/02/05/01:30:46,5348.383814,0.928937,0.771273,0.928937,0.771273,111,0,570
2026/02/05/01:30:47,5349.384830,0.928937,0.771273,0.928937,0.771273,111,0,570
2026/02/05/01:30:48,5350.385614,0.928937,0.771273,0.928937,0.771273,111,0,570
2026/02/05/01:30:49,5351.386322,0.928937,0.771273,0.928937,0.771273,111,0,570
2026/02/05/01:30:50,5352.387167,0.928937,0.771273,0.928937,0.771273,111,0,570
2026/02/05/01:30:51,5353.387983,0.928937,0.771273,0.928937,0.771273,111,0,570
2026/02/05/01:30:52,5354.388942,0.928937,0.771273,0.928937,0.771273,111,0,570
2026/02/05/01:30:53,5355.389767,0.928937,0.771273,0.928937,0.771273,111,0,570
2026/02/05/01:30:54,5356.390574,0.928937,0.771273,0.928937,0.771273,111,0,570
2026/02/05/01:30:55,5357.391535,0.928937,0.771273,0.928937,0.771273,111,0,570
2026/02/05/01:30:56,5358.392472,0.928937,0.771273,0.928937,0.771273,111,0,570
2026/02/05/01:30:57,5359.393132,0.928937,0.771273,0.928937,0.771273,111,0,570
2026/02/05/01:30:58,5360.393975,0.928937,0.771273,0.928937,0.771273,111,0,570
2026/02/05/01:30:59,5361.394948,0.928937,0.771273,0.928937,0.771273,111,0,570
2026/02/05/01:31:00,5362.395967,0.928937,0.771273,0.928937,0.771273,111,0,570
2026/02/05/01:31:01,5363.396764,0.928937,0.771273,0.928937,0.771273,111,0,570
2026/02/05/01:31:02,5364.397562,0.928937,0.771273,0.928937,0.771273,111,0,570
2026/02/05/01:31:03,5365.398504,0.928937,0.771273,0.928937,0.771273,111,0,570
2026/02/05/01:31:04,5366.399294,0.928937,0.771273,0.928937,0.771273,111,0,570
2026/02/05/01:31:05,5367.400126,0.928937,0.771273,0.928937,0.771273,111,0,570
2026/02/05/01:31:06,5368.401023,0.928937,0.771273,0.928937,0.771273,111,0,570
2026/02/05/01:31:07,5369.401977,0.928937,0.771273,0.928937,0.771273,111,0,570
2026/02/05/01:31:08,5370.402884,0.928937,0.771273,0.928937,0.771273,111,0,570
2026/02/05/01:31:09,5371.403797,0.928937,0.771273,0.928937,0.771273,111,0,570
2026/02/05/01:31:10,5372.404642,0.928937,0.771273,0.928937,0.771273,111,0,570
2026/02/05/01:31:11,5373.405450,0.928937,0.771273,0.928937,0.771273,111,0,570
2026/02/05/01:31:12,5374.406385,0.928937,0.771273,0.928937,0.771273,111,0,570
2026/02/05/01:31:13,5375.407279,0.928937,0.771273,0.928937,0.771273,111,0,570
2026/02/05/01:31:14,5376.408041,0.928937,0.771273,0.928937,0.771273,111,0,570
2026/02/05/01:31:15,5377.409002,0.928937,0.771273,0.928937,0.771273,111,0,570
2026/02/05/01:31:16,5378.409826,0.928937,0.771273,0.928937,0.771273,111,0,570
2026/02/05/01:31:17,5379.410833,0.928937,0.771273,0.928937,0.771273,111,0,570
2026/02/05/01:31:18,5380.411565,0.928937,0.771273,0.928937,0.771273,111,0,570
2026/02/05/01:31:19,5381.412424,0.928937,0.771273,0.928937,0.771273,111,0,570
2026/02/05/01:31:20,5382.413208,0.928937,0.771273,0.928937,0.771273,111,0,570
2026/02/05/01:31:21,5383.413974,0.928937,0.771273,0.928937,0.771273,111,0,570
2026/02/05/01:31:22,5384.414827,0.928937,0.771273,0.928937,0.771273,111,0,570
2026/02/05/01:31:23,5385.415557,0.928937,0.771273,0.928937,0.771273,111,0,570
2026/02/05/01:31:24,5386.416197,0.928937,0.771273,0.928937,0.771273,111,0,570
2026/02/05/01:31:25,5387.417107,0.928937,0.771273,0.928937,0.771273,111,0,570
2026/02/05/01:31:26,5388.418062,0.928937,0.771273,0.928937,0.771273,111,0,570
2026/02/05/01:31:27,5389.418855,0.928937,0.771273,0.928937,0.771273,111,0,570
2026/02/05/01:31:28,5390.419914,0.928937,0.771273,0.928937,0.771273,111,0,570
2026/02/05/01:31:29,5391.420755,0.928937,0.771273,0.928937,0.771273,111,0,570
2026/02/05/01:31:30,5392.421714,0.928937,0.771273,0.928937,0.771273,111,0,570
2026/02/05/01:31:31,5393.422549,0.928937,0.771273,0.928937,0.771273,111,0,570
2026/02/05/01:31:32,5394.423350,0.928937,0.771273,0.928937,0.771273,111,0,570
2026/02/05/01:31:33,5395.424257,0.928937,0.771273,0.928937,0.771273,111,0,570
2026/02/05/01:31:34,5396.425039,0.928937,0.771273,0.928937,0.771273,111,0,570
2026/02/05/01:31:35,5397.425829,0.928937,0.771273,0.928937,0.771273,111,0,570
2026/02/05/01:31:36,5398.426712,0.928937,0.771273,0.928937,0.771273,111,0,570
2026/02/05/01:31:37,5399.427483,0.928937,0.771273,0.928937,0.771273,111,0,570
2026/02/05/01:31:38,5400.428436,0.928937,0.771273,0.928937,0.771273,111,0,570
2026/02/05/01:31:39,5401.429381,0.928937,0.771273,0.928937,0.771273,111,0,570
2026/02/05/01:31:40,5402.430213,0.928937,0.771273,0.928937,0.771273,111,0,570
2026/02/05/01:31:41,5403.431057,0.928937,0.771273,0.928937,0.771273,111,0,570
2026/02/05/01:31:42,5404.431752,0.928937,0.771273,0.928937,0.771273,111,0,570
2026/02/05/01:31:43,5405.432489,0.928937,0.771273,0.928937,0.771273,111,0,570
2026/02/05/01:31:44,5406.433234,0.928937,0.771273,0.928937,0.771273,111,0,570
2026/02/05/01:31:45,5407.433987,0.928937,0.771273,0.928937,0.771273,111,0,570
2026/02/05/01:31:46,5408.434895,0.928937,0.771273,0.928937,0.771273,111,0,570
2026/02/05/01:31:47,5409.435701,0.928937,0.771273,0.928937,0.771273,111,0,570
2026/02/05/01:31:48,5410.436550,0.928937,0.771273,0.928937,0.771273,111,0,570
2026/02/05/01:31:49,5411.437441,0.928937,0.771273,0.928937,0.771273,111,0,570
2026/02/05/01:31:50,5412.438421,0.928937,0.771273,0.928937,0.771273,111,0,570
2026/02/05/01:31:51,5413.439167,0.928937,0.771273,0.928937,0.771273,111,0,570
2026/02/05/01:31:52,5414.440064,0.928937,0.771273,0.928937,0.771273,111,0,570
2026/02/05/01:31:53,5415.440987,0.928937,0.771273,0.928937,0.771273,111,0,570
2026/02/05/01:31:54,5416.441648,0.928937,0.771273,0.928937,0.771273,111,0,570
2026/02/05/01:31:55,5417.442785,0.928937,0.771273,0.928937,0.771273,111,0,570
2026/02/05/01:31:56,5418.443458,0.928937,0.771273,0.928937,0.771273,111,0,570
2026/02/05/01:31:57,5419.444208,0.928937,0.771273,0.928937,0.771273,111,0,570
2026/02/05/01:31:58,5420.445022,0.928937,0.771273,0.928937,0.771273,111,0,570
2026/02/05/01:31:59,5421.445822,0.928937,0.771273,0.928937,0.771273,111,0,570
2026/02/05/01:32:00,5422.446673,0.928937,0.771273,0.928937,0.771273,111,0,570
2026/02/05/01:32:01,5423.447525,0.928937,0.771273,0.928937,0.771273,111,0,570
2026/02/05/01:32:02,5424.448370,0.928937,0.771273,0.928937,0.771273,111,0,570
2026/02/05/01:32:03,5425.449080,0.928937,0.771273,0.928937,0.771273,111,0,570
2026/02/05/01:32:04,5426.449854,0.928937,0.771273,0.928937,0.771273,111,0,570
2026/02/05/01:32:05,5427.450734,0.928937,0.771273,0.928937,0.771273,111,0,570
2026/02/05/01:32:06,5428.451474,0.928937,0.771273,0.928937,0.771273,111,0,570
2026/02/05/01:32:07,5429.452132,0.928937,0.771273,0.928937,0.771273,111,0,570
2026/02/05/01:32:08,5430.453100,0.928937,0.771273,0.928937,0.771273,111,0,570
2026/02/05/01:32:09,5431.453915,0.928937,0.771273,0.928937,0.771273,111,0,570
2026/02/05/01:32:10,5432.454838,0.933312,0.793806,0.933312,0.793806,112,0,570
2026/02/05/01:32:11,5433.455721,0.933312,0.793806,0.933312,0.793806,112,0,570
2026/02/05/01:32:12,5434.456528,0.933312,0.793806,0.933312,0.793806,112,0,570
2026/02/05/01:32:13,5435.457231,0.928937,0.771273,0.928937,0.771273,111,0,571
2026/02/05/01:32:14,5436.457971,0.928937,0.771273,0.928937,0.771273,111,0,571
2026/02/05/01:32:15,5437.459035,0.928937,0.771273,0.928937,0.771273,111,0,571
2026/02/05/01:32:16,5438.460229,0.928937,0.771273,0.928937,0.771273,111,0,571
2026/02/05/01:32:17,5439.461014,0.928937,0.771273,0.928937,0.771273,111,0,571
2026/02/05/01:32:18,5440.461805,0.928937,0.771273,0.928937,0.771273,111,0,571
2026/02/05/01:32:19,5441.462631,0.928937,0.771273,0.928937,0.771273,111,0,571
2026/02/05/01:32:20,5442.463388,0.928937,0.771273,0.928937,0.771273,111,0,571
2026/02/05/01:32:21,5443.464248,0.928937,0.771273,0.955187,0.775477,111,1,571
2026/02/05/01:32:22,5444.465072,0.928937,0.771273,0.955187,0.775477,111,1,571
2026/02/05/01:32:23,5445.465809,0.884062,0.761936,0.910312,0.766140,109,1,573
2026/02/05/01:32:24,5446.466663,0.884062,0.761936,0.910312,0.766140,109,1,573
2026/02/05/01:32:25,5447.467590,0.884062,0.761936,0.910312,0.766140,109,1,573
2026/02/05/01:32:26,5448.468584,0.887875,0.766519,0.914125,0.770723,110,1,573
2026/02/05/01:32:27,5449.469330,0.887875,0.766519,0.914125,0.770723,110,1,573
2026/02/05/01:32:28,5450.470079,0.887875,0.766519,0.914125,0.770723,110,1,573
2026/02/05/01:32:29,5451.471006,0.887875,0.766519,0.914125,0.770723,110,1,573
2026/02/05/01:32:30,5452.471881,0.884062,0.761936,0.910312,0.766140,109,1,574
2026/02/05/01:32:31,5453.472714,0.884062,0.761936,0.910312,0.766140,109,1,574
2026/02/05/01:32:32,5454.473627,0.884062,0.761936,0.910312,0.766140,109,1,574
2026/02/05/01:32:33,5455.474434,0.884062,0.761936,0.910312,0.766140,109,1,574
2026/02/05/01:32:34,5456.475157,0.884062,0.761936,0.884062,0.761936,109,0,574
2026/02/05/01:32:35,5457.475931,0.884062,0.761936,0.884062,0.761936,109,0,574
2026/02/05/01:32:36,5458.476717,0.884062,0.761936,0.884062,0.761936,109,0,574
2026/02/05/01:32:37,5459.477732,0.884062,0.761936,0.884062,0.761936,109,0,574
2026/02/05/01:32:38,5460.478621,0.884062,0.761936,0.884062,0.761936,109,0,574
2026/02/05/01:32:39,5461.479449,0.884062,0.761936,0.884062,0.761936,109,0,574
2026/02/05/01:32:40,5462.480428,0.884062,0.761936,0.884062,0.761936,109,0,574
2026/02/05/01:32:41,5463.481388,0.884062,0.761936,0.884062,0.761936,109,0,574
2026/02/05/01:32:42,5464.482186,0.893813,0.765243,0.893813,0.765243,110,0,574
2026/02/05/01:32:43,5465.482848,0.911125,0.768390,0.911125,0.768390,111,0,574
2026/02/05/01:32:44,5466.483753,0.911125,0.768390,0.911125,0.768390,111,0,574
2026/02/05/01:32:45,5467.484559,0.911125,0.768390,0.911125,0.768390,111,0,574
2026/02/05/01:32:46,5468.485218,0.911125,0.768390,0.911125,0.768390,111,0,574
2026/02/05/01:32:47,5469.486152,0.924813,0.788923,0.924813,0.788923,114,0,574
2026/02/05/01:32:48,5470.487215,0.924813,0.788923,0.924813,0.788923,114,0,574
2026/02/05/01:32:49,5471.487928,0.924813,0.788923,0.924813,0.788923,114,0,574
2026/02/05/01:32:50,5472.488724,0.911125,0.768390,0.911125,0.768390,111,0,577
2026/02/05/01:32:51,5473.489431,0.911125,0.768390,0.911125,0.768390,111,0,577
2026/02/05/01:32:52,5474.490309,0.911125,0.768390,0.911125,0.768390,111,0,577
2026/02/05/01:32:53,5475.491037,0.893813,0.765243,0.893813,0.765243,110,0,578
2026/02/05/01:32:54,5476.491900,0.893813,0.765243,0.893813,0.765243,110,0,578
2026/02/05/01:32:55,5477.493893,0.893813,0.765243,0.893813,0.765243,110,0,578
2026/02/05/01:32:56,5478.494696,0.893813,0.765243,0.893813,0.765243,110,0,578
2026/02/05/01:32:57,5479.495501,0.893813,0.765243,0.893813,0.765243,110,0,578
2026/02/05/01:32:58,5480.496325,0.893813,0.765243,0.893813,0.765243,110,0,578
2026/02/05/01:32:59,5481.497269,0.887062,0.757034,0.887062,0.757034,109,0,579
2026/02/05/01:33:00,5482.498069,0.887062,0.757034,0.887062,0.757034,109,0,579
2026/02/05/01:33:01,5483.499100,0.887062,0.757034,0.887062,0.757034,109,0,579
2026/02/05/01:33:02,5484.500055,0.887062,0.757034,0.887062,0.757034,109,0,579
2026/02/05/01:33:03,5485.500918,0.887062,0.757034,0.887062,0.757034,109,0,579
2026/02/05/01:33:04,5486.501643,0.887062,0.757034,0.887062,0.757034,109,0,579
2026/02/05/01:33:05,5487.502705,0.887062,0.757034,0.887062,0.757034,109,0,579
2026/02/05/01:33:06,5488.503592,0.887062,0.757034,0.887062,0.757034,109,0,579
2026/02/05/01:33:07,5489.504621,0.887062,0.757034,0.887062,0.757034,109,0,579
2026/02/05/01:33:08,5490.505336,0.887062,0.757034,0.887062,0.757034,109,0,579
2026/02/05/01:33:09,5491.506123,0.887062,0.757034,0.887062,0.757034,109,0,579
2026/02/05/01:33:10,5492.507002,0.887062,0.757034,0.887062,0.757034,109,0,579
2026/02/05/01:33:11,5493.507829,0.887062,0.757034,0.887062,0.757034,109,0,579
2026/02/05/01:33:12,5494.508469,0.887062,0.757034,0.887062,0.757034,109,0,579
2026/02/05/01:33:13,5495.509328,0.887062,0.757034,0.887062,0.757034,109,0,579
2026/02/05/01:33:14,5496.510208,0.887062,0.757034,0.887062,0.757034,109,0,579
2026/02/05/01:33:15,5497.510998,0.887062,0.757034,0.887062,0.757034,109,0,579
2026/02/05/01:33:16,5498.511903,0.887062,0.757034,0.887062,0.757034,109,0,579
2026/02/05/01:33:17,5499.512664,0.887062,0.757034,0.887062,0.757034,109,0,579
2026/02/05/01:33:18,5500.513552,0.887062,0.757034,0.887062,0.757034,109,0,579
2026/02/05/01:33:19,5501.515040,0.887062,0.757034,0.887062,0.757034,109,0,579
2026/02/05/01:33:20,5502.515973,0.887062,0.757034,0.887062,0.757034,109,0,579
2026/02/05/01:33:21,5503.516767,0.887062,0.757034,0.887062,0.757034,109,0,579
2026/02/05/01:33:22,5504.517670,0.887062,0.757034,0.887062,0.757034,109,0,579
2026/02/05/01:33:23,5505.518543,0.887062,0.757034,0.887062,0.757034,109,0,579
2026/02/05/01:33:24,5506.519252,0.887062,0.757034,0.887062,0.757034,109,0,579
2026/02/05/01:33:25,5507.520042,0.887062,0.757034,0.887062,0.757034,109,0,579
2026/02/05/01:33:26,5508.521991,0.887062,0.757034,0.887062,0.757034,109,0,579
2026/02/05/01:33:27,5509.522859,0.887062,0.757034,0.887062,0.757034,109,0,579
2026/02/05/01:33:28,5510.523703,0.887062,0.757034,0.887062,0.757034,109,0,579
2026/02/05/01:33:29,5511.524647,0.887062,0.757034,0.887062,0.757034,109,0,579
2026/02/05/01:33:30,5512.525531,0.887062,0.757034,0.887062,0.757034,109,0,579
2026/02/05/01:33:31,5513.526283,0.887062,0.757034,0.887062,0.757034,109,0,579
2026/02/05/01:33:32,5514.527131,0.887062,0.757034,0.887062,0.757034,109,0,579
2026/02/05/01:33:33,5515.527884,0.887062,0.757034,0.887062,0.757034,109,0,579
2026/02/05/01:33:34,5516.529004,0.887062,0.757034,0.887062,0.757034,109,0,579
2026/02/05/01:33:35,5517.529866,0.887062,0.757034,0.887062,0.757034,109,0,579
2026/02/05/01:33:36,5518.530957,0.887062,0.757034,0.887062,0.757034,109,0,579
2026/02/05/01:33:37,5519.531857,0.887062,0.757034,0.887062,0.757034,109,0,579
2026/02/05/01:33:38,5520.532748,0.887062,0.757034,0.887062,0.757034,109,0,579
2026/02/05/01:33:39,5521.533524,0.887062,0.757034,0.887062,0.757034,109,0,579
2026/02/05/01:33:40,5522.534307,0.887062,0.757034,0.887062,0.757034,109,0,579
2026/02/05/01:33:41,5523.535236,0.887062,0.757034,0.887062,0.757034,109,0,579
2026/02/05/01:33:42,5524.536219,0.887062,0.757034,0.887062,0.757034,109,0,579
2026/02/05/01:33:43,5525.536892,0.887062,0.757034,0.887062,0.757034,109,0,579
2026/02/05/01:33:44,5526.537803,0.887062,0.757034,0.887062,0.757034,109,0,579
2026/02/05/01:33:45,5527.538473,0.887062,0.757034,0.887062,0.757034,109,0,579
2026/02/05/01:33:46,5528.539288,0.887062,0.757034,0.887062,0.757034,109,0,579
2026/02/05/01:33:47,5529.540135,0.887062,0.757034,0.887062,0.757034,109,0,579
2026/02/05/01:33:48,5530.541135,0.887062,0.757034,0.887062,0.757034,109,0,579
2026/02/05/01:33:49,5531.541847,0.887062,0.757034,0.887062,0.757034,109,0,579
2026/02/05/01:33:50,5532.542680,0.887062,0.757034,0.887062,0.757034,109,0,579
2026/02/05/01:33:51,5533.543572,0.887062,0.757034,0.887062,0.757034,109,0,579
2026/02/05/01:33:52,5534.544393,0.887062,0.757034,0.887062,0.757034,109,0,579
2026/02/05/01:33:53,5535.545254,0.887062,0.757034,0.887062,0.757034,109,0,579
2026/02/05/01:33:54,5536.546275,0.887062,0.757034,0.887062,0.757034,109,0,579
2026/02/05/01:33:55,5537.547149,0.887062,0.757034,0.887062,0.757034,109,0,579
2026/02/05/01:33:56,5538.547855,0.887062,0.757034,0.887062,0.757034,109,0,579
2026/02/05/01:33:57,5539.548921,0.887062,0.757034,0.887062,0.757034,109,0,579
2026/02/05/01:33:58,5540.549600,0.887062,0.757034,0.887062,0.757034,109,0,579
2026/02/05/01:33:59,5541.550367,0.887062,0.757034,0.887062,0.757034,109,0,579
2026/02/05/01:34:00,5542.551310,0.887062,0.757034,0.887062,0.757034,109,0,579
2026/02/05/01:34:01,5543.552125,0.887062,0.757034,0.887062,0.757034,109,0,579
2026/02/05/01:34:02,5544.552844,0.887062,0.757034,0.887062,0.757034,109,0,579
2026/02/05/01:34:03,5545.553859,0.887062,0.757034,0.887062,0.757034,109,0,579
2026/02/05/01:34:04,5546.554717,0.887062,0.757034,0.887062,0.757034,109,0,579
2026/02/05/01:34:05,5547.555714,0.887062,0.757034,0.887062,0.757034,109,0,579
2026/02/05/01:34:06,5548.556664,0.887062,0.757034,0.887062,0.757034,109,0,579
2026/02/05/01:34:07,5549.557521,0.887062,0.757034,0.887062,0.757034,109,0,579
2026/02/05/01:34:08,5550.558343,0.887062,0.757034,0.887062,0.757034,109,0,579
2026/02/05/01:34:09,5551.559213,0.887062,0.757034,0.887062,0.757034,109,0,579
2026/02/05/01:34:10,5552.560208,0.887062,0.757034,0.887062,0.757034,109,0,579
2026/02/05/01:34:11,5553.560981,0.887062,0.757034,0.887062,0.757034,109,0,579
2026/02/05/01:34:12,5554.561906,0.887062,0.757034,0.887062,0.757034,109,0,579
2026/02/05/01:34:13,5555.562757,0.887062,0.757034,0.887062,0.757034,109,0,579
2026/02/05/01:34:14,5556.563639,0.887062,0.757034,0.887062,0.757034,109,0,579
2026/02/05/01:34:15,5557.564407,0.887062,0.757034,0.887062,0.757034,109,0,579
2026/02/05/01:34:16,5558.565142,0.887062,0.757034,0.887062,0.757034,109,0,579
2026/02/05/01:34:17,5559.566138,0.887062,0.757034,0.887062,0.757034,109,0,579
2026/02/05/01:34:18,5560.566767,0.887062,0.757034,0.887062,0.757034,109,0,579
2026/02/05/01:34:19,5561.567420,0.887062,0.757034,0.887062,0.757034,109,0,579
2026/02/05/01:34:20,5562.568353,0.887062,0.757034,0.887062,0.757034,109,0,579
2026/02/05/01:34:21,5563.569189,0.887062,0.757034,0.887062,0.757034,109,0,579
2026/02/05/01:34:22,5564.569961,0.887062,0.757034,0.887062,0.757034,109,0,579
2026/02/05/01:34:23,5565.570913,0.887062,0.757034,0.887062,0.757034,109,0,579
2026/02/05/01:34:24,5566.571839,0.887062,0.757034,0.887062,0.757034,109,0,579
2026/02/05/01:34:25,5567.572652,0.887062,0.757034,0.887062,0.757034,109,0,579
2026/02/05/01:34:26,5568.573583,0.887062,0.757034,0.887062,0.757034,109,0,579
2026/02/05/01:34:27,5569.574408,0.887062,0.757034,0.887062,0.757034,109,0,579
2026/02/05/01:34:28,5570.575092,0.887062,0.757034,0.887062,0.757034,109,0,579
2026/02/05/01:34:29,5571.575828,0.887062,0.757034,0.887062,0.757034,109,0,579
2026/02/05/01:34:30,5572.576587,0.887062,0.757034,0.887062,0.757034,109,0,579
2026/02/05/01:34:31,5573.577289,0.887062,0.757034,0.887062,0.757034,109,0,579
2026/02/05/01:34:32,5574.578190,0.887062,0.757034,0.887062,0.757034,109,0,579
2026/02/05/01:34:33,5575.578976,0.887062,0.757034,0.887062,0.757034,109,0,579
2026/02/05/01:34:34,5576.579853,0.887062,0.757034,0.887062,0.757034,109,0,579
2026/02/05/01:34:35,5577.580843,0.887062,0.757034,0.887062,0.757034,109,0,579
2026/02/05/01:34:36,5578.581807,0.887062,0.757034,0.887062,0.757034,109,0,579
2026/02/05/01:34:37,5579.582743,0.887062,0.757034,0.887062,0.757034,109,0,579
2026/02/05/01:34:38,5580.583495,0.887062,0.757034,0.887062,0.757034,109,0,579
2026/02/05/01:34:39,5581.584495,0.887062,0.757034,0.887062,0.757034,109,0,579
2026/02/05/01:34:40,5582.585298,0.887062,0.757034,0.887062,0.757034,109,0,579
2026/02/05/01:34:41,5583.586158,0.887062,0.757034,0.887062,0.757034,109,0,579
2026/02/05/01:34:42,5584.587008,0.887062,0.757034,0.887062,0.757034,109,0,579
2026/02/05/01:34:43,5585.587829,0.887062,0.757034,0.887062,0.757034,109,0,579
2026/02/05/01:34:44,5586.588627,0.887062,0.757034,0.887062,0.757034,109,0,579
2026/02/05/01:34:45,5587.589456,0.887062,0.757034,0.887062,0.757034,109,0,579
2026/02/05/01:34:46,5588.590350,0.887062,0.757034,0.887062,0.757034,109,0,579
2026/02/05/01:34:47,5589.591175,0.887062,0.757034,0.887062,0.757034,109,0,579
2026/02/05/01:34:48,5590.592191,0.887062,0.757034,0.887062,0.757034,109,0,579
2026/02/05/01:34:49,5591.593038,0.887062,0.757034,0.887062,0.757034,109,0,579
2026/02/05/01:34:50,5592.594157,0.887062,0.757034,0.887062,0.757034,109,0,579
2026/02/05/01:34:51,5593.595142,0.887062,0.757034,0.887062,0.757034,109,0,579
2026/02/05/01:34:52,5594.595918,0.887062,0.757034,0.887062,0.757034,109,0,579
2026/02/05/01:34:53,5595.596793,0.887062,0.757034,0.887062,0.757034,109,0,579
2026/02/05/01:34:54,5596.597597,0.887062,0.757034,0.887062,0.757034,109,0,579
2026/02/05/01:34:55,5597.598392,0.887062,0.757034,0.887062,0.757034,109,0,579
2026/02/05/01:34:56,5598.599187,0.887062,0.757034,0.887062,0.757034,109,0,579
2026/02/05/01:34:57,5599.600065,0.887062,0.757034,0.887062,0.757034,109,0,579
2026/02/05/01:34:58,5600.601017,0.887062,0.757034,0.887062,0.757034,109,0,579
2026/02/05/01:34:59,5601.601884,0.887062,0.757034,0.887062,0.757034,109,0,579
2026/02/05/01:35:00,5602.602840,0.887062,0.757034,0.887062,0.757034,109,0,579
2026/02/05/01:35:01,5603.603607,0.887062,0.757034,0.887062,0.757034,109,0,579
2026/02/05/01:35:02,5604.604406,0.887062,0.757034,0.887062,0.757034,109,0,579
2026/02/05/01:35:03,5605.605206,0.887062,0.757034,0.887062,0.757034,109,0,579
2026/02/05/01:35:04,5606.606044,0.887062,0.757034,0.887062,0.757034,109,0,579
2026/02/05/01:35:05,5607.606742,0.887062,0.757034,0.887062,0.757034,109,0,579
2026/02/05/01:35:06,5608.607538,0.887062,0.757034,0.887062,0.757034,109,0,579
2026/02/05/01:35:07,5609.608316,0.887062,0.757034,0.887062,0.757034,109,0,579
2026/02/05/01:35:08,5610.609013,0.887062,0.757034,0.887062,0.757034,109,0,579
2026/02/05/01:35:09,5611.609733,0.887062,0.757034,0.887062,0.757034,109,0,579
2026/02/05/01:35:10,5612.610465,0.887062,0.757034,0.887062,0.757034,109,0,579
2026/02/05/01:35:11,5613.611367,0.887062,0.757034,0.887062,0.757034,109,0,579
2026/02/05/01:35:12,5614.612077,0.887062,0.757034,0.887062,0.757034,109,0,579
2026/02/05/01:35:13,5615.612917,0.887062,0.757034,0.887062,0.757034,109,0,579
2026/02/05/01:35:14,5616.613850,0.887062,0.757034,0.887062,0.757034,109,0,579
2026/02/05/01:35:15,5617.614524,0.887062,0.757034,0.887062,0.757034,109,0,579
2026/02/05/01:35:16,5618.615229,0.887062,0.757034,0.887062,0.757034,109,0,579
2026/02/05/01:35:17,5619.615991,0.887062,0.757034,0.887062,0.757034,109,0,579
2026/02/05/01:35:18,5620.616930,0.887062,0.757034,0.887062,0.757034,109,0,579
2026/02/05/01:35:19,5621.617674,0.887062,0.757034,0.887062,0.757034,109,0,579
2026/02/05/01:35:20,5622.618719,0.887062,0.757034,0.887062,0.757034,109,0,579
2026/02/05/01:35:21,5623.619691,0.887062,0.757034,0.887062,0.757034,109,0,579
2026/02/05/01:35:22,5624.620596,0.887062,0.757034,0.887062,0.757034,109,0,579
2026/02/05/01:35:23,5625.621431,0.887062,0.757034,0.887062,0.757034,109,0,579
2026/02/05/01:35:24,5626.622144,0.887062,0.757034,0.887062,0.757034,109,0,579
2026/02/05/01:35:25,5627.623001,0.887062,0.757034,0.887062,0.757034,109,0,579
2026/02/05/01:35:26,5628.623836,0.887062,0.757034,0.887062,0.757034,109,0,579
2026/02/05/01:35:27,5629.624753,0.887062,0.757034,0.887062,0.757034,109,0,579
2026/02/05/01:35:28,5630.625633,0.887062,0.757034,0.887062,0.757034,109,0,579
2026/02/05/01:35:29,5631.626671,0.887062,0.757034,0.887062,0.757034,109,0,579
2026/02/05/01:35:30,5632.627519,0.887062,0.757034,0.887062,0.757034,109,0,579
2026/02/05/01:35:31,5633.628433,0.887062,0.757034,0.887062,0.757034,109,0,579
2026/02/05/01:35:32,5634.629141,0.887062,0.757034,0.887062,0.757034,109,0,579
2026/02/05/01:35:33,5635.630074,0.887062,0.757034,0.887062,0.757034,109,0,579
2026/02/05/01:35:34,5636.630864,0.887062,0.757034,0.887062,0.757034,109,0,579
2026/02/05/01:35:35,5637.631760,0.887062,0.757034,0.887062,0.757034,109,0,579
2026/02/05/01:35:36,5638.632572,0.887062,0.757034,0.887062,0.757034,109,0,579
2026/02/05/01:35:37,5639.633390,0.881437,0.750182,0.881437,0.750182,108,0,580
2026/02/05/01:35:38,5640.634277,0.881437,0.750182,0.881437,0.750182,108,0,580
2026/02/05/01:35:39,5641.635288,0.881437,0.750182,0.881437,0.750182,108,0,580
2026/02/05/01:35:40,5642.636166,0.872062,0.722578,0.872062,0.722578,106,0,582
2026/02/05/01:35:41,5643.637063,0.872062,0.722578,0.872062,0.722578,106,0,582
2026/02/05/01:35:42,5644.637880,0.867812,0.716881,0.867812,0.716881,105,0,583
2026/02/05/01:35:43,5645.638808,0.867812,0.716881,0.867812,0.716881,105,0,583
2026/02/05/01:35:44,5646.639677,0.867812,0.716881,0.867812,0.716881,105,0,583
2026/02/05/01:35:45,5647.640452,0.867812,0.716881,0.867812,0.716881,105,0,583
2026/02/05/01:35:46,5648.641304,0.867812,0.716881,0.867812,0.716881,105,0,583
2026/02/05/01:35:47,5649.642071,0.867812,0.716881,0.867812,0.716881,105,0,583
2026/02/05/01:35:48,5650.642851,0.867812,0.716881,0.867812,0.716881,105,0,583
2026/02/05/01:35:49,5651.643719,0.867812,0.716881,0.867812,0.716881,105,0,583
2026/02/05/01:35:50,5652.644600,0.867812,0.716881,0.867812,0.716881,105,0,583
2026/02/05/01:35:51,5653.645435,0.867812,0.716881,0.867812,0.716881,105,0,583
2026/02/05/01:35:52,5654.646431,0.867812,0.716881,0.867812,0.716881,105,0,583
2026/02/05/01:35:53,5655.647453,0.867812,0.716881,0.867812,0.716881,105,0,583
2026/02/05/01:35:54,5656.648073,0.867812,0.716881,0.867812,0.716881,105,0,583
2026/02/05/01:35:55,5657.648971,0.867812,0.716881,0.867812,0.716881,105,0,583
2026/02/05/01:35:56,5658.649882,0.867812,0.716881,0.867812,0.716881,105,0,583
2026/02/05/01:35:57,5659.650741,0.867812,0.716881,0.867812,0.716881,105,0,583
2026/02/05/01:35:58,5660.651659,0.867812,0.716881,0.867812,0.716881,105,0,583
2026/02/05/01:35:59,5661.652494,0.867812,0.716881,0.867812,0.716881,105,0,583
2026/02/05/01:36:00,5662.653206,0.867812,0.716881,0.867812,0.716881,105,0,583
2026/02/05/01:36:01,5663.654006,0.867812,0.716881,0.867812,0.716881,105,0,583
2026/02/05/01:36:02,5664.654802,0.867812,0.716881,0.867812,0.716881,105,0,583
2026/02/05/01:36:03,5665.655742,0.867812,0.716881,0.867812,0.716881,105,0,583
2026/02/05/01:36:04,5666.656627,0.867812,0.716881,0.867812,0.716881,105,0,583
2026/02/05/01:36:05,5667.657396,0.867812,0.716881,0.867812,0.716881,105,0,583
2026/02/05/01:36:06,5668.658161,0.867812,0.716881,0.867812,0.716881,105,0,583
2026/02/05/01:36:07,5669.659109,0.867812,0.716881,0.867812,0.716881,105,0,583
2026/02/05/01:36:08,5670.659863,0.867812,0.716881,0.867812,0.716881,105,0,583
2026/02/05/01:36:09,5671.660643,0.867812,0.716881,0.867812,0.716881,105,0,583
2026/02/05/01:36:10,5672.661498,0.867812,0.716881,0.867812,0.716881,105,0,583
2026/02/05/01:36:11,5673.662284,0.867812,0.716881,0.867812,0.716881,105,0,583
2026/02/05/01:36:12,5674.663327,0.867812,0.716881,0.867812,0.716881,105,0,583
2026/02/05/01:36:13,5675.664276,0.867812,0.716881,0.867812,0.716881,105,0,583
2026/02/05/01:36:14,5676.665465,0.867812,0.716881,0.867812,0.716881,105,0,583
2026/02/05/01:36:15,5677.666375,0.867812,0.716881,0.867812,0.716881,105,0,583
2026/02/05/01:36:16,5678.667434,0.867812,0.716881,0.867812,0.716881,105,0,583
2026/02/05/01:36:17,5679.668293,0.867812,0.716881,0.867812,0.716881,105,0,583
2026/02/05/01:36:18,5680.669157,0.867812,0.716881,0.867812,0.716881,105,0,583
2026/02/05/01:36:19,5681.669834,0.867812,0.716881,0.867812,0.716881,105,0,583
2026/02/05/01:36:20,5682.670612,0.867812,0.716881,0.867812,0.716881,105,0,583
2026/02/05/01:36:21,5683.671399,0.867812,0.716881,0.867812,0.716881,105,0,583
2026/02/05/01:36:22,5684.672328,0.867812,0.716881,0.867812,0.716881,105,0,583
2026/02/05/01:36:23,5685.673176,0.867812,0.716881,0.867812,0.716881,105,0,583
2026/02/05/01:36:24,5686.674106,0.867812,0.716881,0.867812,0.716881,105,0,583
2026/02/05/01:36:25,5687.675060,0.867812,0.716881,0.867812,0.716881,105,0,583
2026/02/05/01:36:26,5688.676054,0.867812,0.716881,0.867812,0.716881,105,0,583
2026/02/05/01:36:27,5689.677124,0.867812,0.716881,0.867812,0.716881,105,0,583
2026/02/05/01:36:28,5690.678076,0.867812,0.716881,0.867812,0.716881,105,0,583
2026/02/05/01:36:29,5691.679027,0.867812,0.716881,0.867812,0.716881,105,0,583
2026/02/05/01:36:30,5692.679976,0.867812,0.716881,0.867812,0.716881,105,0,583
2026/02/05/01:36:31,5693.680822,0.867812,0.716881,0.867812,0.716881,105,0,583
2026/02/05/01:36:32,5694.681539,0.867812,0.716881,0.867812,0.716881,105,0,583
2026/02/05/01:36:33,5695.682412,0.867812,0.716881,0.867812,0.716881,105,0,583
2026/02/05/01:36:34,5696.683278,0.867812,0.716881,0.867812,0.716881,105,0,583
2026/02/05/01:36:35,5697.683969,0.867812,0.716881,0.867812,0.716881,105,0,583
2026/02/05/01:36:36,5698.684914,0.867812,0.716881,0.867812,0.716881,105,0,583
2026/02/05/01:36:37,5699.685869,0.867812,0.716881,0.867812,0.716881,105,0,583
2026/02/05/01:36:38,5700.686634,0.867812,0.716881,0.867812,0.716881,105,0,583
2026/02/05/01:36:39,5701.687606,0.867812,0.716881,0.867812,0.716881,105,0,583
2026/02/05/01:36:40,5702.688625,0.867812,0.716881,0.867812,0.716881,105,0,583
2026/02/05/01:36:41,5703.689580,0.867812,0.716881,0.867812,0.716881,105,0,583
2026/02/05/01:36:42,5704.690357,0.867812,0.716881,0.867812,0.716881,105,0,583
2026/02/05/01:36:43,5705.691293,0.867812,0.716881,0.867812,0.716881,105,0,583
2026/02/05/01:36:44,5706.692128,0.867812,0.716881,0.867812,0.716881,105,0,583
2026/02/05/01:36:45,5707.692847,0.867812,0.716881,0.867812,0.716881,105,0,583
2026/02/05/01:36:46,5708.693682,0.867812,0.716881,0.867812,0.716881,105,0,583
2026/02/05/01:36:47,5709.694489,0.867812,0.716881,0.867812,0.716881,105,0,583
2026/02/05/01:36:48,5710.695495,0.867812,0.716881,0.867812,0.716881,105,0,583
2026/02/05/01:36:49,5711.696377,0.867812,0.716881,0.867812,0.716881,105,0,583
2026/02/05/01:36:50,5712.697212,0.867812,0.716881,0.867812,0.716881,105,0,583
2026/02/05/01:36:51,5713.698088,0.867812,0.716881,0.867812,0.716881,105,0,583
2026/02/05/01:36:52,5714.698837,0.867812,0.716881,0.867812,0.716881,105,0,583
2026/02/05/01:36:53,5715.707575,0.867812,0.716881,0.867812,0.716881,105,0,583
2026/02/05/01:36:54,5716.708533,0.867812,0.716881,0.867812,0.716881,105,0,583
2026/02/05/01:36:55,5717.710804,0.867812,0.716881,0.867812,0.716881,105,0,583
2026/02/05/01:36:56,5718.711558,0.867812,0.716881,0.867812,0.716881,105,0,583
2026/02/05/01:36:57,5719.712377,0.910312,0.755153,0.962187,0.777459,115,2,583
2026/02/05/01:36:58,5720.713089,0.910312,0.755153,0.962187,0.777459,115,2,583
2026/02/05/01:36:59,5721.713861,0.900000,0.743761,0.951875,0.766067,112,2,586
2026/02/05/01:37:00,5722.714549,0.900000,0.743761,0.951875,0.766067,112,2,586
2026/02/05/01:37:01,5723.715484,0.887813,0.734169,0.939688,0.756475,109,2,589
2026/02/05/01:37:02,5724.716477,0.887813,0.734169,0.939688,0.756475,109,2,589
2026/02/05/01:37:03,5725.717499,0.887813,0.734169,0.939688,0.756475,109,2,589
2026/02/05/01:37:04,5726.718184,0.887813,0.734169,0.939688,0.756475,109,2,589
2026/02/05/01:37:05,5727.718939,0.887813,0.734169,0.939688,0.756475,109,2,589
2026/02/05/01:37:06,5728.719828,0.879687,0.726553,0.931562,0.748859,107,2,591
2026/02/05/01:37:07,5729.720862,0.879687,0.726553,0.931562,0.748859,107,2,591
2026/02/05/01:37:08,5730.721825,0.879687,0.726553,0.931562,0.748859,107,2,591
2026/02/05/01:37:09,5731.722766,0.879687,0.726553,0.931562,0.748859,107,2,591
2026/02/05/01:37:10,5732.723628,0.879687,0.726553,0.931562,0.748859,107,2,591
2026/02/05/01:37:11,5733.724395,0.879687,0.726553,0.931562,0.748859,107,2,591
2026/02/05/01:37:12,5734.725417,0.879687,0.726553,0.931562,0.748859,107,2,591
2026/02/05/01:37:13,5735.726388,0.867812,0.716881,0.919687,0.739187,105,2,593
2026/02/05/01:37:14,5736.727424,0.867812,0.716881,0.919687,0.739187,105,2,593
2026/02/05/01:37:15,5737.728446,0.867812,0.716881,0.919687,0.739187,105,2,593
2026/02/05/01:37:16,5738.729381,0.867812,0.716881,0.919687,0.739187,105,2,593
2026/02/05/01:37:17,5739.730215,0.867812,0.716881,0.919687,0.739187,105,2,593
2026/02/05/01:37:18,5740.731130,0.867812,0.716881,0.919687,0.739187,105,2,593
2026/02/05/01:37:19,5741.731904,0.867812,0.716881,0.919687,0.739187,105,2,593
2026/02/05/01:37:20,5742.732980,0.867812,0.716881,0.919687,0.739187,105,2,593
2026/02/05/01:37:21,5743.734041,0.867812,0.716881,0.919687,0.739187,105,2,593
2026/02/05/01:37:22,5744.734727,0.867812,0.716881,0.919687,0.739187,105,2,593
2026/02/05/01:37:23,5745.735743,0.867812,0.716881,0.919687,0.739187,105,2,593
2026/02/05/01:37:24,5746.833972,0.867812,0.716881,0.919687,0.739187,105,2,593
2026/02/05/01:37:25,5747.834736,0.867812,0.716881,0.919687,0.739187,105,2,593
2026/02/05/01:37:26,5748.835222,0.919687,0.739187,0.919687,0.739187,107,0,596
2026/02/05/01:37:27,5749.836039,0.919687,0.739187,0.919687,0.739187,107,0,596
2026/02/05/01:37:28,5750.836852,0.919687,0.739187,0.919687,0.739187,107,0,596
2026/02/05/01:37:29,5751.837731,0.919687,0.739187,0.919687,0.739187,107,0,596
2026/02/05/01:37:30,5752.838637,0.919687,0.739187,0.919687,0.739187,107,0,596
2026/02/05/01:37:31,5753.839571,0.919687,0.739187,0.919687,0.739187,107,0,596
2026/02/05/01:37:32,5754.840395,0.919687,0.739187,0.919687,0.739187,107,0,596
2026/02/05/01:37:33,5755.841411,0.919687,0.739187,0.919687,0.739187,107,0,596
2026/02/05/01:37:34,5756.842505,0.919687,0.739187,0.919687,0.739187,107,0,596
2026/02/05/01:37:35,5757.843282,0.919687,0.739187,0.919687,0.739187,107,0,596
2026/02/05/01:37:36,5758.844198,0.919687,0.739187,0.919687,0.739187,107,0,596
2026/02/05/01:37:37,5759.845203,0.919687,0.739187,0.919687,0.739187,107,0,596
2026/02/05/01:37:38,5760.846254,0.919687,0.739187,0.919687,0.739187,107,0,596
2026/02/05/01:37:39,5761.847329,0.919687,0.739187,0.919687,0.739187,107,0,596
2026/02/05/01:37:40,5762.848402,0.919687,0.739187,0.919687,0.739187,107,0,596
2026/02/05/01:37:41,5763.849355,0.919687,0.739187,0.919687,0.739187,107,0,596
2026/02/05/01:37:42,5764.850116,0.919687,0.739187,0.919687,0.739187,107,0,596
2026/02/05/01:37:43,5765.851072,0.919687,0.739187,0.919687,0.739187,107,0,596
2026/02/05/01:37:44,5766.851962,0.909750,0.725305,0.909750,0.725305,104,0,599
2026/02/05/01:37:45,5767.852747,0.909750,0.725305,0.909750,0.725305,104,0,599
2026/02/05/01:37:46,5768.853652,0.909750,0.725305,0.909750,0.725305,104,0,599
2026/02/05/01:37:47,5769.854492,0.909750,0.725305,0.909750,0.725305,104,0,599
2026/02/05/01:37:48,5770.855541,0.909750,0.725305,0.909750,0.725305,104,0,599
2026/02/05/01:37:49,5771.856346,0.909750,0.725305,0.909750,0.725305,104,0,599
2026/02/05/01:37:50,5772.857210,0.909750,0.725305,0.909750,0.725305,104,0,599
2026/02/05/01:37:51,5773.858225,0.909750,0.725305,0.909750,0.725305,104,0,599
2026/02/05/01:37:52,5774.859073,0.909750,0.725305,0.909750,0.725305,104,0,599
2026/02/05/01:37:53,5775.860011,0.909750,0.725305,0.909750,0.725305,104,0,599
2026/02/05/01:37:54,5776.860842,0.909750,0.725305,0.909750,0.725305,104,0,599
2026/02/05/01:37:55,5777.861793,0.909750,0.725305,0.909750,0.725305,104,0,599
2026/02/05/01:37:56,5778.863834,0.909750,0.725305,0.909750,0.725305,104,0,599
2026/02/05/01:37:57,5779.864732,0.909750,0.725305,0.909750,0.725305,104,0,599
2026/02/05/01:37:58,5780.865521,0.909750,0.725305,0.909750,0.725305,104,0,599
2026/02/05/01:37:59,5781.866352,0.909750,0.725305,0.909750,0.725305,104,0,599
2026/02/05/01:38:00,5782.867178,0.909750,0.725305,0.909750,0.725305,104,0,599
2026/02/05/01:38:01,5783.867962,0.909750,0.725305,0.909750,0.725305,104,0,599
2026/02/05/01:38:02,5784.868897,0.909750,0.725305,0.909750,0.725305,104,0,599
2026/02/05/01:38:03,5785.869648,0.909750,0.725305,0.909750,0.725305,104,0,599
2026/02/05/01:38:04,5786.870563,0.909750,0.725305,0.909750,0.725305,104,0,599
2026/02/05/01:38:05,5787.871226,0.909750,0.725305,0.909750,0.725305,104,0,599
2026/02/05/01:38:06,5788.871898,0.909750,0.725305,0.909750,0.725305,104,0,599
2026/02/05/01:38:07,5789.872809,0.909750,0.725305,0.909750,0.725305,104,0,599
2026/02/05/01:38:08,5790.873785,0.909750,0.725305,0.909750,0.725305,104,0,599
2026/02/05/01:38:09,5791.874583,0.909750,0.725305,0.909750,0.725305,104,0,599
2026/02/05/01:38:10,5792.875564,0.909750,0.725305,0.909750,0.725305,104,0,599
2026/02/05/01:38:11,5793.876466,0.909750,0.725305,0.909750,0.725305,104,0,599
2026/02/05/01:38:12,5794.877401,0.909750,0.725305,0.909750,0.725305,104,0,599
2026/02/05/01:38:13,5795.878311,0.909750,0.725305,0.909750,0.725305,104,0,599
2026/02/05/01:38:14,5796.879201,0.909750,0.725305,0.909750,0.725305,104,0,599
2026/02/05/01:38:15,5797.880274,0.909750,0.725305,0.909750,0.725305,104,0,599
2026/02/05/01:38:16,5798.881172,0.909750,0.725305,0.909750,0.725305,104,0,599
2026/02/05/01:38:17,5799.882200,0.909750,0.725305,0.909750,0.725305,104,0,599
2026/02/05/01:38:18,5800.882997,0.909750,0.725305,0.909750,0.725305,104,0,599
2026/02/05/01:38:19,5801.883989,0.909750,0.725305,0.909750,0.725305,104,0,599
2026/02/05/01:38:20,5802.884962,0.909750,0.725305,0.909750,0.725305,104,0,599
2026/02/05/01:38:21,5803.885930,0.909750,0.725305,0.909750,0.725305,104,0,599
2026/02/05/01:38:22,5804.886847,0.909750,0.725305,0.909750,0.725305,104,0,599
2026/02/05/01:38:23,5805.887931,0.909750,0.725305,0.909750,0.725305,104,0,599
2026/02/05/01:38:24,5806.888828,0.909750,0.725305,0.909750,0.725305,104,0,599
2026/02/05/01:38:25,5807.889808,0.909750,0.725305,0.909750,0.725305,104,0,599
2026/02/05/01:38:26,5808.890738,0.909750,0.725305,0.909750,0.725305,104,0,599
2026/02/05/01:38:27,5809.891598,0.909750,0.725305,0.909750,0.725305,104,0,599
2026/02/05/01:38:28,5810.892680,0.909750,0.725305,0.909750,0.725305,104,0,599
2026/02/05/01:38:29,5811.893793,0.909750,0.725305,0.909750,0.725305,104,0,599
2026/02/05/01:38:30,5812.894686,0.909750,0.725305,0.909750,0.725305,104,0,599
2026/02/05/01:38:31,5813.895585,0.909750,0.725305,0.909750,0.725305,104,0,599
2026/02/05/01:38:32,5814.896385,0.909750,0.725305,0.909750,0.725305,104,0,599
2026/02/05/01:38:33,5815.897237,0.909750,0.725305,0.909750,0.725305,104,0,599
2026/02/05/01:38:34,5816.898221,0.909750,0.725305,0.909750,0.725305,104,0,599
2026/02/05/01:38:35,5817.899030,0.909750,0.725305,0.909750,0.725305,104,0,599
2026/02/05/01:38:36,5818.899849,0.909750,0.725305,0.909750,0.725305,104,0,599
2026/02/05/01:38:37,5819.900727,0.909750,0.725305,0.909750,0.725305,104,0,599
2026/02/05/01:38:38,5820.901492,0.890250,0.673110,0.890250,0.673110,102,0,601
2026/02/05/01:38:39,5821.902429,0.890250,0.673110,0.890250,0.673110,102,0,601
2026/02/05/01:38:40,5822.903199,0.890250,0.673110,0.890250,0.673110,102,0,601
2026/02/05/01:38:41,5823.904187,0.890250,0.673110,0.890250,0.673110,102,0,601
2026/02/05/01:38:42,5824.905130,0.890250,0.673110,0.890250,0.673110,102,0,601
2026/02/05/01:38:43,5825.905905,0.890250,0.673110,0.890250,0.673110,102,0,601
2026/02/05/01:38:44,5826.906784,0.890250,0.673110,0.890250,0.673110,102,0,601
2026/02/05/01:38:45,5827.907539,0.890250,0.673110,0.890250,0.673110,102,0,601
2026/02/05/01:38:46,5828.908618,0.890250,0.673110,0.890250,0.673110,102,0,601
2026/02/05/01:38:47,5829.909601,0.890250,0.673110,0.890250,0.673110,102,0,601
2026/02/05/01:38:48,5830.910667,0.890250,0.673110,0.890250,0.673110,102,0,601
2026/02/05/01:38:49,5831.911437,0.890250,0.673110,0.890250,0.673110,102,0,601
2026/02/05/01:38:50,5832.912415,0.890250,0.673110,0.890250,0.673110,102,0,601
2026/02/05/01:38:51,5833.913514,0.890250,0.673110,0.890250,0.673110,102,0,601
2026/02/05/01:38:52,5834.914541,0.890250,0.673110,0.890250,0.673110,102,0,601
2026/02/05/01:38:53,5835.915394,0.890250,0.673110,0.890250,0.673110,102,0,601
2026/02/05/01:38:54,5836.916370,0.890250,0.673110,0.890250,0.673110,102,0,601
2026/02/05/01:38:55,5837.917283,0.890250,0.673110,0.890250,0.673110,102,0,601
2026/02/05/01:38:56,5838.918280,0.890250,0.673110,0.890250,0.673110,102,0,601
2026/02/05/01:38:57,5839.919320,0.890250,0.673110,0.890250,0.673110,102,0,601
2026/02/05/01:38:58,5840.920276,0.890250,0.673110,0.890250,0.673110,102,0,601
2026/02/05/01:38:59,5841.920962,0.890250,0.673110,0.890250,0.673110,102,0,601
2026/02/05/01:39:00,5842.921753,0.890250,0.673110,0.890250,0.673110,102,0,601
2026/02/05/01:39:01,5843.922484,0.890250,0.673110,0.890250,0.673110,102,0,601
2026/02/05/01:39:02,5844.923223,0.890250,0.673110,0.890250,0.673110,102,0,601
2026/02/05/01:39:03,5845.924109,0.890250,0.673110,0.890250,0.673110,102,0,601
2026/02/05/01:39:04,5846.932963,0.890250,0.673110,0.890250,0.673110,102,0,601
2026/02/05/01:39:05,5847.933920,0.890250,0.673110,0.890250,0.673110,102,0,601
2026/02/05/01:39:06,5848.934833,0.890250,0.673110,0.890250,0.673110,102,0,601
2026/02/05/01:39:07,5849.935796,0.890250,0.673110,0.890250,0.673110,102,0,601
2026/02/05/01:39:08,5850.936735,0.890250,0.673110,0.890250,0.673110,102,0,601
2026/02/05/01:39:09,5851.937676,0.890250,0.673110,0.890250,0.673110,102,0,601
2026/02/05/01:39:10,5852.938437,0.890250,0.673110,0.890250,0.673110,102,0,601
2026/02/05/01:39:11,5853.939332,0.890250,0.673110,0.890250,0.673110,102,0,601
2026/02/05/01:39:12,5854.940241,0.890250,0.673110,0.890250,0.673110,102,0,601
2026/02/05/01:39:13,5855.941180,0.890250,0.673110,0.890250,0.673110,102,0,601
2026/02/05/01:39:14,5856.941965,0.890250,0.673110,0.890250,0.673110,102,0,601
2026/02/05/01:39:15,5857.942800,0.890250,0.673110,0.890250,0.673110,102,0,601
2026/02/05/01:39:16,5858.943536,0.890250,0.673110,0.890250,0.673110,102,0,601
2026/02/05/01:39:17,5859.944349,0.890250,0.673110,0.890250,0.673110,102,0,601
2026/02/05/01:39:18,5860.945120,0.890250,0.673110,0.890250,0.673110,102,0,601
2026/02/05/01:39:19,5861.945764,0.890250,0.673110,0.890250,0.673110,102,0,601
2026/02/05/01:39:20,5862.946800,0.890250,0.673110,0.890250,0.673110,102,0,601
2026/02/05/01:39:21,5863.947753,0.890250,0.673110,0.890250,0.673110,102,0,601
2026/02/05/01:39:22,5864.948699,0.890250,0.673110,0.890250,0.673110,102,0,601
2026/02/05/01:39:23,5865.949628,0.890250,0.673110,0.890250,0.673110,102,0,601
2026/02/05/01:39:24,5866.950613,0.890250,0.673110,0.890250,0.673110,102,0,601
2026/02/05/01:39:25,5867.951469,0.890250,0.673110,0.890250,0.673110,102,0,601
2026/02/05/01:39:26,5868.952472,0.890250,0.673110,0.890250,0.673110,102,0,601
2026/02/05/01:39:27,5869.953300,0.890250,0.673110,0.890250,0.673110,102,0,601
2026/02/05/01:39:28,5870.954218,0.890250,0.673110,0.890250,0.673110,102,0,601
2026/02/05/01:39:29,5871.955219,0.890250,0.673110,0.890250,0.673110,102,0,601
2026/02/05/01:39:30,5872.956117,0.890250,0.673110,0.890250,0.673110,102,0,601
2026/02/05/01:39:31,5873.956854,0.908875,0.703072,0.908875,0.703072,104,0,601
2026/02/05/01:39:32,5874.957687,0.908875,0.703072,0.908875,0.703072,104,0,601
2026/02/05/01:39:33,5875.958516,0.908875,0.703072,0.908875,0.703072,104,0,601
2026/02/05/01:39:34,5876.959346,0.908875,0.703072,0.908875,0.703072,104,0,601
2026/02/05/01:39:35,5877.960197,0.908875,0.703072,0.908875,0.703072,104,0,601
2026/02/05/01:39:36,5878.961083,0.908875,0.703072,0.908875,0.703072,104,0,601
2026/02/05/01:39:37,5879.961961,0.908875,0.703072,0.908875,0.703072,104,0,601
2026/02/05/01:39:38,5880.962832,0.908875,0.703072,0.908875,0.703072,104,0,601
2026/02/05/01:39:39,5881.963590,0.908875,0.703072,0.908875,0.703072,104,0,601
2026/02/05/01:39:40,5882.964371,0.908875,0.703072,0.908875,0.703072,104,0,601
2026/02/05/01:39:41,5883.965379,0.908875,0.703072,0.908875,0.703072,104,0,601
2026/02/05/01:39:42,5884.966172,0.908875,0.703072,0.908875,0.703072,104,0,601
2026/02/05/01:39:43,5885.966938,0.908875,0.703072,0.908875,0.703072,104,0,601
2026/02/05/01:39:44,5886.967696,0.908875,0.703072,0.908875,0.703072,104,0,601
2026/02/05/01:39:45,5887.968444,0.908875,0.703072,0.908875,0.703072,104,0,601
2026/02/05/01:39:46,5888.969203,0.908875,0.703072,0.908875,0.703072,104,0,601
2026/02/05/01:39:47,5889.970039,0.908875,0.703072,0.908875,0.703072,104,0,601
2026/02/05/01:39:48,5890.970989,0.908875,0.703072,0.908875,0.703072,104,0,601
2026/02/05/01:39:49,5891.971609,0.908875,0.703072,0.908875,0.703072,104,0,601
2026/02/05/01:39:50,5892.972416,0.908875,0.703072,0.908875,0.703072,104,0,601
2026/02/05/01:39:51,5893.973205,0.908875,0.703072,0.908875,0.703072,104,0,601
2026/02/05/01:39:52,5894.974076,0.908875,0.703072,0.908875,0.703072,104,0,601
2026/02/05/01:39:53,5895.975029,0.935625,0.720342,0.935625,0.720342,109,0,601
2026/02/05/01:39:54,5896.975745,0.943375,0.731003,0.952000,0.738261,111,1,601
2026/02/05/01:39:55,5897.976476,0.957750,0.750922,1.066500,0.817122,115,7,601
2026/02/05/01:39:56,5898.977279,0.963812,0.755427,1.123188,0.855964,115,11,604
2026/02/05/01:39:57,5899.977985,0.963812,0.755427,1.123188,0.855964,115,11,604
2026/02/05/01:39:58,5900.978757,0.963812,0.755427,1.123188,0.855964,115,11,604
2026/02/05/01:39:59,5901.979527,0.962375,0.755901,1.109312,0.849581,115,9,605
2026/02/05/01:40:00,5902.980584,0.962375,0.755901,1.087187,0.820001,115,7,605
2026/02/05/01:40:01,5903.981414,0.962375,0.755901,0.993437,0.793248,115,3,605
2026/02/05/01:40:02,5904.982296,0.959250,0.747260,0.990313,0.784607,114,3,606
2026/02/05/01:40:03,5905.982988,0.959250,0.747260,0.990313,0.784607,114,3,606
2026/02/05/01:40:04,5906.983669,0.959250,0.747260,0.990313,0.784607,114,3,606
2026/02/05/01:40:05,5907.984529,0.960063,0.744400,0.981688,0.777349,114,2,607
2026/02/05/01:40:06,5908.985285,0.960063,0.744400,0.981688,0.777349,114,2,607
2026/02/05/01:40:07,5909.986185,0.960063,0.744400,0.981688,0.777349,114,2,607
2026/02/05/01:40:08,5910.986945,0.960063,0.744400,0.981688,0.777349,114,2,607
2026/02/05/01:40:09,5911.987646,0.960063,0.744400,0.981688,0.777349,114,2,607
2026/02/05/01:40:10,5912.988359,0.960063,0.744400,0.981688,0.777349,114,2,607
2026/02/05/01:40:11,5913.989130,0.952313,0.733739,0.973938,0.766687,112,2,609
2026/02/05/01:40:12,5914.990029,0.952313,0.733739,0.973938,0.766687,112,2,609
2026/02/05/01:40:13,5915.991083,0.952313,0.733739,0.973938,0.766687,112,2,609
2026/02/05/01:40:14,5916.991847,0.952313,0.733739,0.973938,0.766687,112,2,609
2026/02/05/01:40:15,5917.992854,0.952313,0.733739,0.973938,0.766687,112,2,609
2026/02/05/01:40:16,5918.993583,0.952313,0.733739,0.973938,0.766687,112,2,609
2026/02/05/01:40:17,5919.994585,0.952313,0.733739,0.973938,0.766687,112,2,609
2026/02/05/01:40:18,5920.995406,0.952313,0.733739,0.973938,0.766687,112,2,609
2026/02/05/01:40:19,5921.996062,0.955313,0.736725,0.955313,0.736725,112,0,611
2026/02/05/01:40:20,5922.996859,0.955313,0.736725,0.955313,0.736725,112,0,611
2026/02/05/01:40:21,5923.997865,0.955313,0.736725,0.955313,0.736725,112,0,611
2026/02/05/01:40:22,5924.998670,0.955313,0.736725,0.955313,0.736725,112,0,611
2026/02/05/01:40:23,5925.999539,0.955313,0.736725,0.955313,0.736725,112,0,611
2026/02/05/01:40:24,5927.000365,0.955313,0.736725,0.955313,0.736725,112,0,611
2026/02/05/01:40:25,5928.001187,0.955313,0.736725,0.955313,0.736725,112,0,611
2026/02/05/01:40:26,5929.002035,0.955313,0.736725,0.955313,0.736725,112,0,611
2026/02/05/01:40:27,5930.002811,0.955313,0.736725,0.955313,0.736725,112,0,611
2026/02/05/01:40:28,5931.003579,0.955313,0.736725,0.955313,0.736725,112,0,611
2026/02/05/01:40:29,5932.004384,0.955313,0.736725,0.955313,0.736725,112,0,611
2026/02/05/01:40:30,5933.005110,0.903438,0.714419,0.903438,0.714419,110,0,613
2026/02/05/01:40:31,5934.005919,0.894000,0.710021,0.894000,0.710021,109,0,614
2026/02/05/01:40:32,5935.006713,0.894000,0.710021,0.894000,0.710021,109,0,614
2026/02/05/01:40:33,5936.007855,0.894000,0.710021,0.894000,0.710021,109,0,614
2026/02/05/01:40:34,5937.008847,0.894000,0.710021,0.894000,0.710021,109,0,614
2026/02/05/01:40:35,5938.009842,0.894000,0.710021,0.894000,0.710021,109,0,614
2026/02/05/01:40:36,5939.010750,0.894000,0.710021,0.894000,0.710021,109,0,614
2026/02/05/01:40:37,5940.011801,0.894000,0.710021,0.894000,0.710021,109,0,614
2026/02/05/01:40:38,5941.012794,0.894000,0.710021,0.894000,0.710021,109,0,614
2026/02/05/01:40:39,5942.013647,0.894000,0.710021,0.894000,0.710021,109,0,614
2026/02/05/01:40:40,5943.014564,0.894000,0.710021,0.894000,0.710021,109,0,614
2026/02/05/01:40:41,5944.015569,0.894000,0.710021,0.894000,0.710021,109,0,614
2026/02/05/01:40:42,5945.016470,0.894000,0.710021,0.894000,0.710021,109,0,614
2026/02/05/01:40:43,5946.017107,0.894000,0.710021,0.894000,0.710021,109,0,614
2026/02/05/01:40:44,5947.017922,0.894000,0.710021,0.894000,0.710021,109,0,614
2026/02/05/01:40:45,5948.018767,0.894000,0.710021,0.894000,0.710021,109,0,614
2026/02/05/01:40:46,5949.019674,0.894000,0.710021,0.894000,0.710021,109,0,614
2026/02/05/01:40:47,5950.020604,0.894000,0.710021,0.894000,0.710021,109,0,614
2026/02/05/01:40:48,5951.021254,0.894000,0.710021,0.894000,0.710021,109,0,614
2026/02/05/01:40:49,5952.022008,0.894000,0.710021,0.894000,0.710021,109,0,614
2026/02/05/01:40:50,5953.022859,0.894000,0.710021,0.894000,0.710021,109,0,614
2026/02/05/01:40:51,5954.023645,0.894000,0.710021,0.894000,0.710021,109,0,614
2026/02/05/01:40:52,5955.024545,0.894000,0.710021,0.894000,0.710021,109,0,614
2026/02/05/01:40:53,5956.025432,0.894000,0.710021,0.894000,0.710021,109,0,614
2026/02/05/01:40:54,5957.026330,0.894000,0.710021,0.894000,0.710021,109,0,614
2026/02/05/01:40:55,5958.027120,0.894000,0.710021,0.894000,0.710021,109,0,614
2026/02/05/01:40:56,5959.027937,0.894000,0.710021,0.894000,0.710021,109,0,614
2026/02/05/01:40:57,5960.030792,0.894000,0.710021,0.894000,0.710021,109,0,614
2026/02/05/01:40:58,5961.031508,0.894000,0.710021,0.894000,0.710021,109,0,614
2026/02/05/01:40:59,5962.032395,0.894000,0.710021,0.894000,0.710021,109,0,614
2026/02/05/01:41:00,5963.033448,0.894000,0.710021,0.894000,0.710021,109,0,614
2026/02/05/01:41:01,5964.034319,0.894000,0.710021,0.894000,0.710021,109,0,614
2026/02/05/01:41:02,5965.035269,0.894000,0.710021,0.894000,0.710021,109,0,614
2026/02/05/01:41:03,5966.036202,0.894000,0.710021,0.894000,0.710021,109,0,614
2026/02/05/01:41:04,5967.037003,0.894000,0.710021,0.894000,0.710021,109,0,614
2026/02/05/01:41:05,5968.038014,0.894000,0.710021,0.894000,0.710021,109,0,614
2026/02/05/01:41:06,5969.038749,0.894000,0.710021,0.894000,0.710021,109,0,614
2026/02/05/01:41:07,5970.039712,0.894000,0.710021,0.894000,0.710021,109,0,614
2026/02/05/01:41:08,5971.040481,0.894000,0.710021,0.894000,0.710021,109,0,614
2026/02/05/01:41:09,5972.041224,0.894000,0.710021,0.894000,0.710021,109,0,614
2026/02/05/01:41:10,5973.042239,0.894000,0.710021,0.894000,0.710021,109,0,614
2026/02/05/01:41:11,5974.043132,0.894000,0.710021,0.894000,0.710021,109,0,614
2026/02/05/01:41:12,5975.043936,0.894000,0.710021,0.894000,0.710021,109,0,614
2026/02/05/01:41:13,5976.044858,0.894000,0.710021,0.894000,0.710021,109,0,614
2026/02/05/01:41:14,5977.045706,0.894000,0.710021,0.894000,0.710021,109,0,614
2026/02/05/01:41:15,5978.046571,0.894000,0.710021,0.894000,0.710021,109,0,614
2026/02/05/01:41:16,5979.047259,0.894000,0.710021,0.894000,0.710021,109,0,614
2026/02/05/01:41:17,5980.048292,0.894000,0.710021,0.894000,0.710021,109,0,614
2026/02/05/01:41:18,5981.050396,0.894000,0.710021,0.894000,0.710021,109,0,614
2026/02/05/01:41:19,5982.051256,0.894000,0.710021,0.894000,0.710021,109,0,614
2026/02/05/01:41:20,5983.052106,0.894000,0.710021,0.894000,0.710021,109,0,614
2026/02/05/01:41:21,5984.052861,0.894000,0.710021,0.894000,0.710021,109,0,614
2026/02/05/01:41:22,5985.053528,0.894000,0.710021,0.894000,0.710021,109,0,614
2026/02/05/01:41:23,5986.054526,0.894000,0.710021,0.894000,0.710021,109,0,614
2026/02/05/01:41:24,5987.055309,0.894000,0.710021,0.894000,0.710021,109,0,614
2026/02/05/01:41:25,5988.056118,0.894000,0.710021,0.894000,0.710021,109,0,614
2026/02/05/01:41:26,5989.056857,0.894000,0.710021,0.894000,0.710021,109,0,614
2026/02/05/01:41:27,5990.057876,0.894000,0.710021,0.894000,0.710021,109,0,614
2026/02/05/01:41:28,5991.058720,0.894000,0.710021,0.894000,0.710021,109,0,614
2026/02/05/01:41:29,5992.059530,0.894000,0.710021,0.894000,0.710021,109,0,614
2026/02/05/01:41:31,5993.060504,0.894000,0.710021,0.894000,0.710021,109,0,614
2026/02/05/01:41:32,5994.061400,0.894000,0.710021,0.894000,0.710021,109,0,614
2026/02/05/01:41:33,5995.062263,0.894000,0.710021,0.894000,0.710021,109,0,614
2026/02/05/01:41:34,5996.063061,0.894000,0.710021,0.894000,0.710021,109,0,614
2026/02/05/01:41:35,5997.063743,0.894000,0.710021,0.894000,0.710021,109,0,614
2026/02/05/01:41:36,5998.064534,0.894000,0.710021,0.894000,0.710021,109,0,614
2026/02/05/01:41:37,5999.065429,0.894000,0.710021,0.894000,0.710021,109,0,614
2026/02/05/01:41:38,6000.066133,0.894000,0.710021,0.894000,0.710021,109,0,614
2026/02/05/01:41:39,6001.066948,0.894000,0.710021,0.894000,0.710021,109,0,614
2026/02/05/01:41:40,6002.067735,0.894000,0.710021,0.894000,0.710021,109,0,614
2026/02/05/01:41:41,6003.068479,0.894000,0.710021,0.894000,0.710021,109,0,614
2026/02/05/01:41:42,6004.069360,0.894000,0.710021,0.894000,0.710021,109,0,614
2026/02/05/01:41:43,6005.070101,0.894000,0.710021,0.894000,0.710021,109,0,614
2026/02/05/01:41:44,6006.070828,0.894000,0.710021,0.894000,0.710021,109,0,614
2026/02/05/01:41:45,6007.071629,0.894000,0.710021,0.894000,0.710021,109,0,614
2026/02/05/01:41:46,6008.072392,0.894000,0.710021,0.894000,0.710021,109,0,614
2026/02/05/01:41:47,6009.073163,0.894000,0.710021,0.894000,0.710021,109,0,614
2026/02/05/01:41:48,6010.074186,0.894000,0.710021,0.894000,0.710021,109,0,614
2026/02/05/01:41:49,6011.075043,0.894000,0.710021,0.894000,0.710021,109,0,614
2026/02/05/01:41:50,6012.075737,0.894000,0.710021,0.894000,0.710021,109,0,614
2026/02/05/01:41:51,6013.076673,0.894000,0.710021,0.894000,0.710021,109,0,614
2026/02/05/01:41:52,6014.077503,0.894000,0.710021,0.894000,0.710021,109,0,614
2026/02/05/01:41:53,6015.078530,0.894000,0.710021,0.894000,0.710021,109,0,614
2026/02/05/01:41:54,6016.079542,0.894000,0.710021,0.894000,0.710021,109,0,614
2026/02/05/01:41:55,6017.080225,0.894000,0.710021,0.894000,0.710021,109,0,614
2026/02/05/01:41:56,6018.081001,0.894000,0.710021,0.894000,0.710021,109,0,614
2026/02/05/01:41:57,6019.081867,0.894000,0.710021,0.894000,0.710021,109,0,614
2026/02/05/01:41:58,6020.082687,0.894000,0.710021,0.894000,0.710021,109,0,614
2026/02/05/01:41:59,6021.083545,0.894000,0.710021,0.894000,0.710021,109,0,614
2026/02/05/01:42:00,6022.084364,0.894000,0.710021,0.894000,0.710021,109,0,614
2026/02/05/01:42:01,6023.085253,0.894000,0.710021,0.894000,0.710021,109,0,614
2026/02/05/01:42:02,6024.086115,0.894000,0.710021,0.894000,0.710021,109,0,614
2026/02/05/01:42:03,6025.087095,0.894000,0.710021,0.894000,0.710021,109,0,614
2026/02/05/01:42:04,6026.087896,0.894000,0.710021,0.894000,0.710021,109,0,614
2026/02/05/01:42:05,6027.088644,0.894000,0.710021,0.894000,0.710021,109,0,614
2026/02/05/01:42:06,6028.089510,0.894000,0.710021,0.894000,0.710021,109,0,614
2026/02/05/01:42:07,6029.090216,0.894000,0.710021,0.894000,0.710021,109,0,614
2026/02/05/01:42:08,6030.091296,0.894000,0.710021,0.894000,0.710021,109,0,614
2026/02/05/01:42:09,6031.092247,0.894000,0.710021,0.894000,0.710021,109,0,614
2026/02/05/01:42:10,6032.093073,0.894000,0.710021,0.894000,0.710021,109,0,614
2026/02/05/01:42:11,6033.093844,0.894000,0.710021,0.894000,0.710021,109,0,614
2026/02/05/01:42:12,6034.094478,0.894000,0.710021,0.894000,0.710021,109,0,614
2026/02/05/01:42:13,6035.095456,0.894000,0.710021,0.894000,0.710021,109,0,614
2026/02/05/01:42:14,6036.096368,0.894000,0.710021,0.894000,0.710021,109,0,614
2026/02/05/01:42:15,6037.097104,0.894000,0.710021,0.894000,0.710021,109,0,614
2026/02/05/01:42:16,6038.097877,0.894000,0.710021,0.894000,0.710021,109,0,614
2026/02/05/01:42:17,6039.098647,0.894000,0.710021,0.894000,0.710021,109,0,614
2026/02/05/01:42:18,6040.099499,0.894000,0.710021,0.894000,0.710021,109,0,614
2026/02/05/01:42:19,6041.100352,0.894000,0.710021,0.894000,0.710021,109,0,614
2026/02/05/01:42:20,6042.101069,0.894000,0.710021,0.894000,0.710021,109,0,614
2026/02/05/01:42:21,6043.102009,0.894000,0.710021,0.894000,0.710021,109,0,614
2026/02/05/01:42:22,6044.102841,0.894000,0.710021,0.894000,0.710021,109,0,614
2026/02/05/01:42:23,6045.103874,0.894000,0.710021,0.894000,0.710021,109,0,614
2026/02/05/01:42:24,6046.104717,0.894000,0.710021,0.894000,0.710021,109,0,614
2026/02/05/01:42:25,6047.105531,0.894000,0.710021,0.894000,0.710021,109,0,614
2026/02/05/01:42:26,6048.106278,0.894000,0.710021,0.894000,0.710021,109,0,614
2026/02/05/01:42:27,6049.107126,0.894000,0.710021,0.894000,0.710021,109,0,614
2026/02/05/01:42:28,6050.107887,0.894000,0.710021,0.894000,0.710021,109,0,614
2026/02/05/01:42:29,6051.108827,0.894000,0.710021,0.894000,0.710021,109,0,614
2026/02/05/01:42:30,6052.109827,0.894000,0.710021,0.894000,0.710021,109,0,614
2026/02/05/01:42:31,6053.110555,0.894000,0.710021,0.894000,0.710021,109,0,614
2026/02/05/01:42:32,6054.111351,0.894000,0.710021,0.894000,0.710021,109,0,614
2026/02/05/01:42:33,6055.112167,0.894000,0.710021,0.894000,0.710021,109,0,614
2026/02/05/01:42:34,6056.112976,0.894000,0.710021,0.894000,0.710021,109,0,614
2026/02/05/01:42:35,6057.113766,0.882750,0.698743,0.882750,0.698743,106,0,617
2026/02/05/01:42:36,6058.114505,0.882750,0.698743,0.882750,0.698743,106,0,617
2026/02/05/01:42:37,6059.115236,0.882750,0.698743,0.882750,0.698743,106,0,617
2026/02/05/01:42:38,6060.116287,0.853750,0.686680,0.853750,0.686680,104,0,619
2026/02/05/01:42:39,6061.117358,0.853750,0.686680,0.853750,0.686680,104,0,619
2026/02/05/01:42:40,6062.118438,0.853750,0.686680,0.853750,0.686680,104,0,619
2026/02/05/01:42:41,6063.119360,0.853750,0.686680,0.853750,0.686680,104,0,619
2026/02/05/01:42:42,6064.120188,0.853750,0.686680,0.853750,0.686680,104,0,619
2026/02/05/01:42:43,6065.121224,0.853750,0.686680,0.853750,0.686680,104,0,619
2026/02/05/01:42:44,6066.122470,0.853750,0.686680,0.853750,0.686680,104,0,619
2026/02/05/01:42:45,6067.123455,0.853750,0.686680,0.853750,0.686680,104,0,619
2026/02/05/01:42:46,6068.124478,0.853750,0.686680,0.853750,0.686680,104,0,619
2026/02/05/01:42:47,6069.125414,0.853750,0.686680,0.853750,0.686680,104,0,619
2026/02/05/01:42:48,6070.126158,0.853750,0.686680,0.853750,0.686680,104,0,619
2026/02/05/01:42:49,6071.127034,0.853750,0.686680,0.853750,0.686680,104,0,619
2026/02/05/01:42:50,6072.127707,0.853750,0.686680,0.853750,0.686680,104,0,619
2026/02/05/01:42:51,6073.128434,0.853750,0.686680,0.853750,0.686680,104,0,619
2026/02/05/01:42:52,6074.129237,0.853750,0.686680,0.853750,0.686680,104,0,619
2026/02/05/01:42:53,6075.130105,0.853750,0.686680,0.853750,0.686680,104,0,619
2026/02/05/01:42:54,6076.130858,0.853750,0.686680,0.853750,0.686680,104,0,619
2026/02/05/01:42:55,6077.131550,0.853750,0.686680,0.853750,0.686680,104,0,619
2026/02/05/01:42:56,6078.132371,0.853750,0.686680,0.853750,0.686680,104,0,619
2026/02/05/01:42:57,6079.133164,0.853750,0.686680,0.853750,0.686680,104,0,619
2026/02/05/01:42:58,6080.134022,0.853750,0.686680,0.853750,0.686680,104,0,619
2026/02/05/01:42:59,6081.134848,0.853750,0.686680,0.853750,0.686680,104,0,619
2026/02/05/01:43:00,6082.135699,0.853750,0.686680,0.853750,0.686680,104,0,619
2026/02/05/01:43:01,6083.136753,0.853750,0.686680,0.853750,0.686680,104,0,619
2026/02/05/01:43:02,6084.137803,0.853750,0.686680,0.853750,0.686680,104,0,619
2026/02/05/01:43:03,6085.138520,0.853750,0.686680,0.853750,0.686680,104,0,619
2026/02/05/01:43:04,6086.139610,0.853750,0.686680,0.853750,0.686680,104,0,619
2026/02/05/01:43:05,6087.140556,0.853750,0.686680,0.853750,0.686680,104,0,619
2026/02/05/01:43:06,6088.141473,0.853750,0.686680,0.853750,0.686680,104,0,619
2026/02/05/01:43:07,6089.142240,0.853750,0.686680,0.853750,0.686680,104,0,619
2026/02/05/01:43:08,6090.142950,0.853750,0.686680,0.853750,0.686680,104,0,619
2026/02/05/01:43:09,6091.143712,0.853750,0.686680,0.853750,0.686680,104,0,619
2026/02/05/01:43:10,6092.144674,0.853750,0.686680,0.853750,0.686680,104,0,619
2026/02/05/01:43:11,6093.145467,0.853750,0.686680,0.853750,0.686680,104,0,619
2026/02/05/01:43:12,6094.146322,0.853750,0.686680,0.853750,0.686680,104,0,619
2026/02/05/01:43:13,6095.147142,0.853750,0.686680,0.853750,0.686680,104,0,619
2026/02/05/01:43:14,6096.148008,0.853750,0.686680,0.853750,0.686680,104,0,619
2026/02/05/01:43:15,6097.148937,0.853750,0.686680,0.853750,0.686680,104,0,619
2026/02/05/01:43:16,6098.149722,0.853750,0.686680,0.853750,0.686680,104,0,619
2026/02/05/01:43:17,6099.150462,0.853750,0.686680,0.853750,0.686680,104,0,619
2026/02/05/01:43:18,6100.151305,0.853750,0.686680,0.853750,0.686680,104,0,619
2026/02/05/01:43:19,6101.152267,0.853750,0.686680,0.853750,0.686680,104,0,619
2026/02/05/01:43:20,6102.152889,0.853750,0.686680,0.853750,0.686680,104,0,619
2026/02/05/01:43:21,6103.153650,0.853750,0.686680,0.853750,0.686680,104,0,619
2026/02/05/01:43:22,6104.154466,0.853750,0.686680,0.861062,0.696238,104,2,619
2026/02/05/01:43:23,6105.155162,0.865250,0.701374,0.865250,0.701374,107,0,619
2026/02/05/01:43:24,6106.155813,0.896813,0.743755,0.896813,0.743755,115,0,619
2026/02/05/01:43:25,6107.156611,0.917125,0.773668,0.925750,0.804142,120,1,619
2026/02/05/01:43:26,6108.157451,0.913438,0.770469,0.922063,0.800944,119,1,620
2026/02/05/01:43:27,6109.158200,0.901937,0.755775,0.901937,0.755775,116,0,623
2026/02/05/01:43:28,6110.159043,0.894563,0.747148,0.894563,0.747148,114,0,625
2026/02/05/01:43:29,6111.159923,0.894563,0.747148,0.894563,0.747148,114,0,625
2026/02/05/01:43:30,6112.160831,0.881437,0.729695,0.881437,0.729695,111,0,628
2026/02/05/01:43:31,6113.161755,0.874563,0.712718,0.874563,0.712718,109,0,630
2026/02/05/01:43:32,6114.162554,0.874563,0.712718,0.874563,0.712718,109,0,630
2026/02/05/01:43:33,6115.163613,0.867938,0.699222,0.867938,0.699222,107,0,632
2026/02/05/01:43:34,6116.164428,0.867938,0.699222,0.867938,0.699222,107,0,632
2026/02/05/01:43:35,6117.165046,0.867938,0.699222,0.867938,0.699222,107,0,632
2026/02/05/01:43:36,6118.165959,0.867938,0.699222,0.867938,0.699222,107,0,632
2026/02/05/01:43:37,6119.166955,0.867938,0.699222,0.867938,0.699222,107,0,632
2026/02/05/01:43:38,6120.167995,0.867938,0.699222,0.867938,0.699222,107,0,632
2026/02/05/01:43:39,6121.168803,0.867938,0.699222,0.867938,0.699222,107,0,632
2026/02/05/01:43:40,6122.169662,0.867938,0.699222,0.867938,0.699222,107,0,632
2026/02/05/01:43:41,6123.170535,0.867938,0.699222,0.867938,0.699222,107,0,632
2026/02/05/01:43:42,6124.171522,0.867938,0.699222,0.867938,0.699222,107,0,632
2026/02/05/01:43:43,6125.172474,0.867938,0.699222,0.867938,0.699222,107,0,632
2026/02/05/01:43:44,6126.173210,0.867938,0.699222,0.867938,0.699222,107,0,632
2026/02/05/01:43:45,6127.174090,0.867938,0.699222,0.867938,0.699222,107,0,632
2026/02/05/01:43:46,6128.174965,0.867938,0.699222,0.867938,0.699222,107,0,632
2026/02/05/01:43:47,6129.175819,0.867938,0.699222,0.867938,0.699222,107,0,632
2026/02/05/01:43:48,6130.176465,0.867938,0.699222,0.867938,0.699222,107,0,632
2026/02/05/01:43:49,6131.177312,0.867938,0.699222,0.867938,0.699222,107,0,632
2026/02/05/01:43:50,6132.178058,0.867938,0.699222,0.867938,0.699222,107,0,632
2026/02/05/01:43:51,6133.178915,0.867938,0.699222,0.867938,0.699222,107,0,632
2026/02/05/01:43:52,6134.179857,0.867938,0.699222,0.867938,0.699222,107,0,632
2026/02/05/01:43:53,6135.180615,0.867938,0.699222,0.867938,0.699222,107,0,632
2026/02/05/01:43:54,6136.181441,0.867938,0.699222,0.867938,0.699222,107,0,632
2026/02/05/01:43:55,6137.182198,0.867938,0.699222,0.867938,0.699222,107,0,632
2026/02/05/01:43:56,6138.182976,0.867938,0.699222,0.867938,0.699222,107,0,632
2026/02/05/01:43:57,6139.183944,0.867938,0.699222,0.867938,0.699222,107,0,632
2026/02/05/01:43:58,6140.184662,0.867938,0.699222,0.867938,0.699222,107,0,632
2026/02/05/01:43:59,6141.185503,0.867938,0.699222,0.867938,0.699222,107,0,632
2026/02/05/01:44:00,6142.186272,0.867938,0.699222,0.867938,0.699222,107,0,632
2026/02/05/01:44:01,6143.187222,0.867938,0.699222,0.867938,0.699222,107,0,632
2026/02/05/01:44:02,6144.188184,0.867938,0.699222,0.867938,0.699222,107,0,632
2026/02/05/01:44:03,6145.188944,0.878687,0.710731,0.878687,0.710731,109,0,632
2026/02/05/01:44:04,6146.189818,0.878687,0.710731,0.878687,0.710731,109,0,632
2026/02/05/01:44:05,6147.190573,0.878687,0.710731,0.878687,0.710731,109,0,632
2026/02/05/01:44:06,6148.191375,0.867938,0.699222,0.867938,0.699222,107,0,634
2026/02/05/01:44:07,6149.192246,0.867938,0.699222,0.867938,0.699222,107,0,634
2026/02/05/01:44:08,6150.193134,0.867938,0.699222,0.867938,0.699222,107,0,634
2026/02/05/01:44:09,6151.193982,0.867938,0.699222,0.867938,0.699222,107,0,634
2026/02/05/01:44:10,6152.194911,0.867938,0.699222,0.867938,0.699222,107,0,634
2026/02/05/01:44:11,6153.195862,0.867938,0.699222,0.867938,0.699222,107,0,634
2026/02/05/01:44:12,6154.196741,0.867938,0.699222,0.867938,0.699222,107,0,634
2026/02/05/01:44:13,6155.197504,0.867938,0.699222,0.867938,0.699222,107,0,634
2026/02/05/01:44:14,6156.198291,0.887625,0.733637,0.906937,0.822913,112,3,634
2026/02/05/01:44:15,6157.199148,0.887625,0.733637,0.906937,0.822913,112,3,634
2026/02/05/01:44:16,6158.200008,0.887625,0.733637,0.906937,0.822913,112,3,634
2026/02/05/01:44:17,6159.200751,0.887625,0.733637,0.906937,0.822913,112,3,634
2026/02/05/01:44:18,6160.201508,0.887625,0.733637,0.906937,0.822913,112,3,634
2026/02/05/01:44:19,6161.202332,0.887625,0.733637,0.887625,0.733637,112,0,634
2026/02/05/01:44:20,6162.202995,0.887625,0.733637,0.887625,0.733637,112,0,634
2026/02/05/01:44:21,6163.203870,0.887625,0.733637,0.887625,0.733637,112,0,634
2026/02/05/01:44:22,6164.204739,0.887625,0.733637,0.887625,0.733637,112,0,634
2026/02/05/01:44:23,6165.205655,0.887625,0.733637,0.887625,0.733637,112,0,634
2026/02/05/01:44:24,6166.206552,0.887625,0.733637,0.887625,0.733637,112,0,634
2026/02/05/01:44:25,6167.207493,0.887625,0.733637,0.887625,0.733637,112,0,634
2026/02/05/01:44:26,6168.208326,0.887625,0.733637,0.887625,0.733637,112,0,634
2026/02/05/01:44:27,6169.209213,0.878062,0.719535,0.878062,0.719535,109,0,637
2026/02/05/01:44:28,6170.210225,0.878062,0.719535,0.878062,0.719535,109,0,637
2026/02/05/01:44:29,6171.211122,0.878062,0.719535,0.878062,0.719535,109,0,637
2026/02/05/01:44:30,6172.211942,0.878062,0.719535,0.878062,0.719535,109,0,637
2026/02/05/01:44:31,6173.212730,0.878062,0.719535,0.878062,0.719535,109,0,637
2026/02/05/01:44:32,6174.213521,0.878062,0.719535,0.878062,0.719535,109,0,637
2026/02/05/01:44:33,6175.214552,0.878062,0.719535,0.878062,0.719535,109,0,637
2026/02/05/01:44:34,6176.215416,0.878062,0.719535,0.878062,0.719535,109,0,637
2026/02/05/01:44:35,6177.216344,0.878062,0.719535,0.878062,0.719535,109,0,637
2026/02/05/01:44:36,6178.217213,0.878062,0.719535,0.878062,0.719535,109,0,637
2026/02/05/01:44:37,6179.217951,0.878062,0.719535,0.878062,0.719535,109,0,637
2026/02/05/01:44:38,6180.218799,0.878062,0.719535,0.878062,0.719535,109,0,637
2026/02/05/01:44:39,6181.219666,0.878062,0.719535,0.878062,0.719535,109,0,637
2026/02/05/01:44:40,6182.220447,0.878062,0.719535,0.878062,0.719535,109,0,637
2026/02/05/01:44:41,6183.221290,0.878062,0.719535,0.878062,0.719535,109,0,637
2026/02/05/01:44:42,6184.222159,0.878062,0.719535,0.878062,0.719535,109,0,637
2026/02/05/01:44:43,6185.223110,0.878062,0.719535,0.878062,0.719535,109,0,637
2026/02/05/01:44:44,6186.223924,0.878062,0.719535,0.878062,0.719535,109,0,637
2026/02/05/01:44:45,6187.224663,0.878062,0.719535,0.878062,0.719535,109,0,637
2026/02/05/01:44:46,6188.225688,0.878062,0.719535,0.878062,0.719535,109,0,637
2026/02/05/01:44:47,6189.227436,0.878062,0.719535,0.878062,0.719535,109,0,637
2026/02/05/01:44:48,6190.228318,0.878062,0.719535,0.878062,0.719535,109,0,637
2026/02/05/01:44:49,6191.229037,0.878062,0.719535,0.878062,0.719535,109,0,637
2026/02/05/01:44:50,6192.229684,0.878062,0.719535,0.878062,0.719535,109,0,637
2026/02/05/01:44:51,6193.230616,0.878062,0.719535,0.878062,0.719535,109,0,637
2026/02/05/01:44:52,6194.231340,0.878062,0.719535,0.878062,0.719535,109,0,637
2026/02/05/01:44:53,6195.232172,0.878062,0.719535,0.878062,0.719535,109,0,637
2026/02/05/01:44:54,6196.233090,0.878062,0.719535,0.878062,0.719535,109,0,637
2026/02/05/01:44:55,6197.233840,0.878062,0.719535,0.878062,0.719535,109,0,637
2026/02/05/01:44:56,6198.234818,0.878062,0.719535,0.878062,0.719535,109,0,637
2026/02/05/01:44:57,6199.235525,0.878062,0.719535,0.878062,0.719535,109,0,637
2026/02/05/01:44:58,6200.236393,0.878062,0.719535,0.878062,0.719535,109,0,637
2026/02/05/01:44:59,6201.237529,0.878062,0.719535,0.878062,0.719535,109,0,637
2026/02/05/01:45:00,6202.238174,0.866313,0.711875,0.866313,0.711875,107,0,639
2026/02/05/01:45:01,6203.239006,0.866313,0.711875,0.866313,0.711875,107,0,639
2026/02/05/01:45:02,6204.239835,0.866313,0.711875,0.866313,0.711875,107,0,639
2026/02/05/01:45:03,6205.240582,0.866313,0.711875,0.866313,0.711875,107,0,639
2026/02/05/01:45:04,6206.241467,0.866313,0.711875,0.866313,0.711875,107,0,639
2026/02/05/01:45:05,6207.242247,0.866313,0.711875,0.866313,0.711875,107,0,639
2026/02/05/01:45:06,6208.243086,0.866313,0.711875,0.866313,0.711875,107,0,639
2026/02/05/01:45:07,6209.244000,0.866313,0.711875,0.866313,0.711875,107,0,639
2026/02/05/01:45:08,6210.245147,0.866313,0.711875,0.866313,0.711875,107,0,639
2026/02/05/01:45:09,6211.246347,0.866313,0.711875,0.866313,0.711875,107,0,639
2026/02/05/01:45:10,6212.247100,0.866313,0.711875,0.866313,0.711875,107,0,639
2026/02/05/01:45:11,6213.248050,0.866313,0.711875,0.866313,0.711875,107,0,639
2026/02/05/01:45:12,6214.248951,0.866313,0.711875,0.866313,0.711875,107,0,639
2026/02/05/01:45:13,6215.249840,0.866313,0.711875,0.866313,0.711875,107,0,639
2026/02/05/01:45:14,6216.250836,0.866313,0.711875,0.866313,0.711875,107,0,639
2026/02/05/01:45:15,6217.251724,0.866313,0.711875,0.866313,0.711875,107,0,639
2026/02/05/01:45:16,6218.252755,0.866313,0.711875,0.866313,0.711875,107,0,639
2026/02/05/01:45:17,6219.253643,0.866313,0.711875,0.866313,0.711875,107,0,639
2026/02/05/01:45:18,6220.254363,0.866313,0.711875,0.866313,0.711875,107,0,639
2026/02/05/01:45:19,6221.255240,0.866313,0.711875,0.866313,0.711875,107,0,639
2026/02/05/01:45:20,6222.256046,0.866313,0.711875,0.866313,0.711875,107,0,639
2026/02/05/01:45:21,6223.256815,0.866313,0.711875,0.866313,0.711875,107,0,639
2026/02/05/01:45:22,6224.257473,0.866313,0.711875,0.866313,0.711875,107,0,639
2026/02/05/01:45:23,6225.258225,0.866313,0.711875,0.866313,0.711875,107,0,639
2026/02/05/01:45:24,6226.258998,0.866313,0.711875,0.866313,0.711875,107,0,639
2026/02/05/01:45:25,6227.259820,0.866313,0.711875,0.866313,0.711875,107,0,639
2026/02/05/01:45:26,6228.260519,0.866313,0.711875,0.866313,0.711875,107,0,639
2026/02/05/01:45:27,6229.261274,0.866313,0.711875,0.866313,0.711875,107,0,639
2026/02/05/01:45:28,6230.261972,0.866313,0.711875,0.866313,0.711875,107,0,639
2026/02/05/01:45:29,6231.262886,0.866313,0.711875,0.866313,0.711875,107,0,639
2026/02/05/01:45:30,6232.263783,0.866313,0.711875,0.866313,0.711875,107,0,639
2026/02/05/01:45:31,6233.264528,0.866313,0.711875,0.866313,0.711875,107,0,639
2026/02/05/01:45:32,6234.265356,0.866313,0.711875,0.866313,0.711875,107,0,639
2026/02/05/01:45:33,6235.266205,0.866313,0.711875,0.866313,0.711875,107,0,639
2026/02/05/01:45:34,6236.267051,0.866313,0.711875,0.866313,0.711875,107,0,639
2026/02/05/01:45:35,6237.267808,0.866313,0.711875,0.866313,0.711875,107,0,639
2026/02/05/01:45:36,6238.268711,0.866313,0.711875,0.866313,0.711875,107,0,639
2026/02/05/01:45:37,6239.269542,0.866313,0.711875,0.866313,0.711875,107,0,639
2026/02/05/01:45:38,6240.270384,0.866313,0.711875,0.866313,0.711875,107,0,639
2026/02/05/01:45:39,6241.271211,0.866313,0.711875,0.866313,0.711875,107,0,639
2026/02/05/01:45:40,6242.272259,0.866313,0.711875,0.866313,0.711875,107,0,639
2026/02/05/01:45:41,6243.273219,0.866313,0.711875,0.866313,0.711875,107,0,639
2026/02/05/01:45:42,6244.274241,0.866313,0.711875,0.866313,0.711875,107,0,639
2026/02/05/01:45:43,6245.275158,0.866313,0.711875,0.866313,0.711875,107,0,639
2026/02/05/01:45:44,6246.275873,0.866313,0.711875,0.866313,0.711875,107,0,639
2026/02/05/01:45:45,6247.276865,0.866313,0.711875,0.866313,0.711875,107,0,639
2026/02/05/01:45:46,6248.277743,0.866313,0.711875,0.866313,0.711875,107,0,639
2026/02/05/01:45:47,6249.278673,0.866313,0.711875,0.866313,0.711875,107,0,639
2026/02/05/01:45:48,6250.279533,0.866313,0.711875,0.866313,0.711875,107,0,639
2026/02/05/01:45:49,6251.280286,0.866313,0.711875,0.866313,0.711875,107,0,639
2026/02/05/01:45:50,6252.281173,0.866313,0.711875,0.866313,0.711875,107,0,639
2026/02/05/01:45:51,6253.282054,0.866313,0.711875,0.866313,0.711875,107,0,639
2026/02/05/01:45:52,6254.282982,0.866313,0.711875,0.866313,0.711875,107,0,639
2026/02/05/01:45:53,6255.283933,0.866313,0.711875,0.866313,0.711875,107,0,639
2026/02/05/01:45:54,6256.284850,0.866313,0.711875,0.866313,0.711875,107,0,639
2026/02/05/01:45:55,6257.285856,0.866313,0.711875,0.866313,0.711875,107,0,639
2026/02/05/01:45:56,6258.286804,0.866313,0.711875,0.866313,0.711875,107,0,639
2026/02/05/01:45:57,6259.287628,0.866313,0.711875,0.866313,0.711875,107,0,639
2026/02/05/01:45:58,6260.288343,0.884938,0.741978,0.940937,0.776229,112,2,639
2026/02/05/01:45:59,6261.289183,0.919438,0.761324,0.975437,0.795574,115,2,639
2026/02/05/01:46:00,6262.290098,0.919438,0.761324,1.019375,0.839219,115,6,639
2026/02/05/01:46:01,6263.290912,0.915937,0.755245,1.015875,0.833140,114,6,640
2026/02/05/01:46:02,6264.291585,0.925562,0.755610,1.012375,0.827062,114,5,641
2026/02/05/01:46:03,6265.292328,0.917312,0.749153,0.977875,0.807716,113,3,644
2026/02/05/01:46:04,6266.293013,0.917312,0.749153,0.977875,0.807716,113,3,644
2026/02/05/01:46:05,6267.293850,0.917312,0.749153,0.977875,0.807716,113,3,644
2026/02/05/01:46:06,6268.294717,0.917312,0.749153,0.977875,0.807716,113,3,644
2026/02/05/01:46:07,6269.295389,0.917312,0.749153,0.977875,0.807716,113,3,644
2026/02/05/01:46:08,6270.296219,0.877938,0.729821,0.938500,0.788385,110,3,647
2026/02/05/01:46:09,6271.296837,0.877938,0.729821,0.938500,0.788385,110,3,647
2026/02/05/01:46:10,6272.297923,0.877938,0.729821,0.938500,0.788385,110,3,647
2026/02/05/01:46:11,6273.298564,0.877938,0.729821,0.938500,0.788385,110,3,647
2026/02/05/01:46:12,6274.299352,0.877938,0.729821,0.938500,0.788385,110,3,647
2026/02/05/01:46:13,6275.300299,0.877938,0.729821,0.938500,0.788385,110,3,647
2026/02/05/01:46:14,6276.301061,0.877938,0.729821,0.938500,0.788385,110,3,647
2026/02/05/01:46:15,6277.301846,0.877938,0.729821,0.938500,0.788385,110,3,647
2026/02/05/01:46:16,6278.302603,0.877938,0.729821,0.938500,0.788385,110,3,647
2026/02/05/01:46:17,6279.303506,0.877938,0.729821,0.938500,0.788385,110,3,647
2026/02/05/01:46:18,6280.304440,0.877938,0.729821,0.938500,0.788385,110,3,647
2026/02/05/01:46:19,6281.305583,0.877938,0.729821,0.938500,0.788385,110,3,647
2026/02/05/01:46:20,6282.306154,0.877938,0.729821,0.938500,0.788385,110,3,647
2026/02/05/01:46:21,6283.306841,0.877938,0.729821,0.938500,0.788385,110,3,647
2026/02/05/01:46:22,6284.307524,0.877938,0.729821,0.938500,0.788385,110,3,647
2026/02/05/01:46:23,6285.308247,0.877938,0.729821,0.938500,0.788385,110,3,647
2026/02/05/01:46:24,6286.309059,0.877938,0.729821,0.938500,0.788385,110,3,647
2026/02/05/01:46:25,6287.309763,0.877938,0.729821,0.938500,0.788385,110,3,647
2026/02/05/01:46:26,6288.310598,0.877938,0.729821,0.938500,0.788385,110,3,647
2026/02/05/01:46:27,6289.311383,0.877938,0.729821,0.938500,0.788385,110,3,647
2026/02/05/01:46:28,6290.312291,0.877938,0.729821,0.933937,0.764072,110,2,647
2026/02/05/01:46:29,6291.313275,0.877938,0.729821,0.933937,0.764072,110,2,647
2026/02/05/01:46:30,6292.314098,0.877938,0.729821,0.933937,0.764072,110,2,647
2026/02/05/01:46:31,6293.314835,0.877938,0.729821,0.933937,0.764072,110,2,647
2026/02/05/01:46:32,6294.315509,0.877938,0.729821,0.933937,0.764072,110,2,647
2026/02/05/01:46:33,6295.316288,0.877938,0.729821,0.933937,0.764072,110,2,647
2026/02/05/01:46:34,6296.317135,0.877938,0.729821,0.933937,0.764072,110,2,647
2026/02/05/01:46:35,6297.317820,0.877938,0.729821,0.933937,0.764072,110,2,647
2026/02/05/01:46:36,6298.318534,0.877938,0.729821,0.933937,0.764072,110,2,647
2026/02/05/01:46:37,6299.319294,0.877938,0.729821,0.933937,0.764072,110,2,647
2026/02/05/01:46:38,6300.320002,0.877938,0.729821,0.933937,0.764072,110,2,647
2026/02/05/01:46:39,6301.320865,0.877938,0.729821,0.933937,0.764072,110,2,647
2026/02/05/01:46:40,6302.321616,0.877938,0.729821,0.933937,0.764072,110,2,647
2026/02/05/01:46:41,6303.322408,0.877938,0.729821,0.933937,0.764072,110,2,647
2026/02/05/01:46:42,6304.323254,0.877938,0.729821,0.933937,0.764072,110,2,647
2026/02/05/01:46:43,6305.323998,0.877938,0.729821,0.933937,0.764072,110,2,647
2026/02/05/01:46:44,6306.324914,0.877938,0.729821,0.933937,0.764072,110,2,647
2026/02/05/01:46:45,6307.325950,0.877938,0.729821,0.933937,0.764072,110,2,647
2026/02/05/01:46:46,6308.326475,0.877938,0.729821,0.933937,0.764072,110,2,647
2026/02/05/01:46:47,6309.327085,0.933937,0.764072,0.933937,0.764072,112,0,649
2026/02/05/01:46:48,6310.328116,0.933937,0.764072,0.933937,0.764072,112,0,649
2026/02/05/01:46:49,6311.329155,0.933937,0.764072,0.933937,0.764072,112,0,649
2026/02/05/01:46:50,6312.329816,0.933937,0.764072,0.933937,0.764072,112,0,649
2026/02/05/01:46:51,6313.330472,0.933937,0.764072,0.933937,0.764072,112,0,649
2026/02/05/01:46:52,6314.331132,0.933937,0.764072,0.933937,0.764072,112,0,649
2026/02/05/01:46:53,6315.332073,0.933937,0.764072,0.933937,0.764072,112,0,649
2026/02/05/01:46:54,6316.332862,0.922312,0.746126,0.922312,0.746126,109,0,652
2026/02/05/01:46:55,6317.333688,0.944625,0.756845,0.944625,0.756845,112,0,652
2026/02/05/01:46:56,6318.334347,0.944625,0.756845,0.944625,0.756845,112,0,652
2026/02/05/01:46:57,6319.335008,0.944625,0.756845,0.944625,0.756845,112,0,652
2026/02/05/01:46:58,6320.335742,0.929250,0.750343,0.929250,0.750343,110,0,654
2026/02/05/01:46:59,6321.336378,0.947187,0.760175,0.947187,0.760175,113,0,654
2026/02/05/01:47:00,6322.337119,0.947187,0.760175,0.947187,0.760175,113,0,654
2026/02/05/01:47:01,6323.337879,0.957688,0.773117,0.957688,0.773117,115,0,654
2026/02/05/01:47:02,6324.338752,0.948812,0.766533,0.948812,0.766533,113,0,656
2026/02/05/01:47:03,6325.339464,0.948812,0.766533,0.948812,0.766533,113,0,656
2026/02/05/01:47:04,6326.340315,0.948812,0.766533,0.948812,0.766533,113,0,656
2026/02/05/01:47:05,6327.341094,0.948812,0.766533,0.948812,0.766533,113,0,656
2026/02/05/01:47:06,6328.341827,0.932813,0.759068,0.932813,0.759068,111,0,658
2026/02/05/01:47:07,6329.342571,0.932813,0.759068,0.932813,0.759068,111,0,658
2026/02/05/01:47:08,6330.343254,0.932813,0.759068,0.932813,0.759068,111,0,658
2026/02/05/01:47:09,6331.343953,0.932813,0.759068,0.932813,0.759068,111,0,658
2026/02/05/01:47:10,6332.344801,0.932813,0.759068,0.932813,0.759068,111,0,658
2026/02/05/01:47:11,6333.345858,0.932813,0.759068,0.932813,0.759068,111,0,658
2026/02/05/01:47:12,6334.346740,0.932813,0.759068,0.932813,0.759068,111,0,658
2026/02/05/01:47:13,6335.347554,0.932813,0.759068,0.932813,0.759068,111,0,658
2026/02/05/01:47:14,6336.348311,0.932813,0.759068,0.932813,0.759068,111,0,658
2026/02/05/01:47:15,6337.349090,0.932813,0.759068,0.932813,0.759068,111,0,658
2026/02/05/01:47:16,6338.349969,0.932813,0.759068,0.932813,0.759068,111,0,658
2026/02/05/01:47:17,6339.350688,0.932813,0.759068,0.932813,0.759068,111,0,658
2026/02/05/01:47:18,6340.351389,0.932813,0.759068,0.932813,0.759068,111,0,658
2026/02/05/01:47:19,6341.352156,0.932813,0.759068,0.932813,0.759068,111,0,658
2026/02/05/01:47:20,6342.352750,0.932813,0.759068,0.932813,0.759068,111,0,658
2026/02/05/01:47:21,6343.353460,0.932813,0.759068,0.932813,0.759068,111,0,658
2026/02/05/01:47:22,6344.354348,0.932813,0.759068,0.932813,0.759068,111,0,658
2026/02/05/01:47:23,6345.355221,0.932813,0.759068,0.932813,0.759068,111,0,658
2026/02/05/01:47:24,6346.356087,0.932813,0.759068,0.932813,0.759068,111,0,658
2026/02/05/01:47:25,6347.356855,0.932813,0.759068,0.932813,0.759068,111,0,658
2026/02/05/01:47:26,6348.357741,0.932813,0.759068,0.932813,0.759068,111,0,658
2026/02/05/01:47:27,6349.358617,0.932813,0.759068,0.932813,0.759068,111,0,658
2026/02/05/01:47:28,6350.359384,0.932813,0.759068,0.932813,0.759068,111,0,658
2026/02/05/01:47:29,6351.360224,0.932813,0.759068,0.932813,0.759068,111,0,658
2026/02/05/01:47:30,6352.361270,0.932813,0.759068,0.932813,0.759068,111,0,658
2026/02/05/01:47:31,6353.362194,0.932813,0.759068,0.932813,0.759068,111,0,658
2026/02/05/01:47:32,6354.362880,0.932813,0.759068,0.932813,0.759068,111,0,658
2026/02/05/01:47:33,6355.363899,0.932813,0.759068,0.932813,0.759068,111,0,658
2026/02/05/01:47:34,6356.364893,0.932813,0.759068,0.932813,0.759068,111,0,658
2026/02/05/01:47:35,6357.365749,0.932813,0.759068,0.932813,0.759068,111,0,658
2026/02/05/01:47:36,6358.366618,0.932813,0.759068,0.932813,0.759068,111,0,658
2026/02/05/01:47:37,6359.367547,0.932813,0.759068,0.932813,0.759068,111,0,658
2026/02/05/01:47:38,6360.368448,0.932813,0.759068,0.932813,0.759068,111,0,658
2026/02/05/01:47:39,6361.369219,0.932813,0.759068,0.932813,0.759068,111,0,658
2026/02/05/01:47:40,6362.370070,0.932813,0.759068,0.932813,0.759068,111,0,658
2026/02/05/01:47:41,6363.371031,0.932813,0.759068,0.932813,0.759068,111,0,658
2026/02/05/01:47:42,6364.372041,0.932813,0.759068,0.932813,0.759068,111,0,658
2026/02/05/01:47:43,6365.372872,0.932813,0.759068,0.932813,0.759068,111,0,658
2026/02/05/01:47:44,6366.373724,0.932813,0.759068,0.932813,0.759068,111,0,658
2026/02/05/01:47:45,6367.374398,0.932813,0.759068,0.932813,0.759068,111,0,658
2026/02/05/01:47:46,6368.375141,0.932813,0.759068,0.932813,0.759068,111,0,658
2026/02/05/01:47:47,6369.375913,0.932813,0.759068,0.932813,0.759068,111,0,658
2026/02/05/01:47:48,6370.376637,0.932813,0.759068,0.932813,0.759068,111,0,658
2026/02/05/01:47:49,6371.377525,0.932813,0.759068,0.932813,0.759068,111,0,658
2026/02/05/01:47:50,6372.378198,0.932813,0.759068,0.932813,0.759068,111,0,658
2026/02/05/01:47:51,6373.378999,0.932813,0.759068,0.932813,0.759068,111,0,658
2026/02/05/01:47:52,6374.379866,0.932813,0.759068,0.932813,0.759068,111,0,658
2026/02/05/01:47:53,6375.380871,0.932813,0.759068,0.932813,0.759068,111,0,658
2026/02/05/01:47:54,6376.381602,0.932813,0.759068,0.932813,0.759068,111,0,658
2026/02/05/01:47:55,6377.382603,0.932813,0.759068,0.932813,0.759068,111,0,658
2026/02/05/01:47:56,6378.383592,0.932813,0.759068,0.932813,0.759068,111,0,658
2026/02/05/01:47:57,6379.384338,0.932813,0.759068,0.932813,0.759068,111,0,658
2026/02/05/01:47:58,6380.385114,0.932813,0.759068,0.932813,0.759068,111,0,658
2026/02/05/01:47:59,6381.385923,0.932813,0.759068,0.932813,0.759068,111,0,658
2026/02/05/01:48:00,6382.386670,0.932813,0.759068,0.932813,0.759068,111,0,658
2026/02/05/01:48:01,6383.387704,0.932813,0.759068,0.932813,0.759068,111,0,658
2026/02/05/01:48:02,6384.388739,0.932813,0.759068,0.932813,0.759068,111,0,658
2026/02/05/01:48:03,6385.389639,0.932813,0.759068,0.932813,0.759068,111,0,658
2026/02/05/01:48:04,6386.390671,0.932813,0.759068,0.932813,0.759068,111,0,658
2026/02/05/01:48:05,6387.391628,0.932813,0.759068,0.932813,0.759068,111,0,658
2026/02/05/01:48:06,6388.392603,0.932813,0.759068,0.932813,0.759068,111,0,658
2026/02/05/01:48:07,6389.393722,0.932813,0.759068,0.932813,0.759068,111,0,658
2026/02/05/01:48:08,6390.394585,0.932813,0.759068,0.932813,0.759068,111,0,658
2026/02/05/01:48:09,6391.395326,0.932813,0.759068,0.932813,0.759068,111,0,658
2026/02/05/01:48:10,6392.396256,0.932813,0.759068,0.932813,0.759068,111,0,658
2026/02/05/01:48:11,6393.397188,0.932813,0.759068,0.932813,0.759068,111,0,658
2026/02/05/01:48:12,6394.398062,0.932813,0.759068,0.932813,0.759068,111,0,658
2026/02/05/01:48:13,6395.398968,0.932813,0.759068,0.932813,0.759068,111,0,658
2026/02/05/01:48:14,6396.399853,0.932813,0.759068,0.932813,0.759068,111,0,658
2026/02/05/01:48:15,6397.400837,0.932813,0.759068,0.932813,0.759068,111,0,658
2026/02/05/01:48:16,6398.401608,0.932813,0.759068,0.932813,0.759068,111,0,658
2026/02/05/01:48:17,6399.402631,0.932813,0.759068,0.932813,0.759068,111,0,658
2026/02/05/01:48:18,6400.403579,0.932813,0.759068,0.932813,0.759068,111,0,658
2026/02/05/01:48:19,6401.404340,0.932813,0.759068,0.932813,0.759068,111,0,658
2026/02/05/01:48:20,6402.404899,0.932813,0.759068,0.932813,0.759068,111,0,658
2026/02/05/01:48:21,6403.405637,0.932813,0.759068,0.932813,0.759068,111,0,658
2026/02/05/01:48:22,6404.406514,0.932813,0.759068,0.932813,0.759068,111,0,658
2026/02/05/01:48:23,6405.407392,0.932813,0.759068,0.932813,0.759068,111,0,658
2026/02/05/01:48:24,6406.408275,0.932813,0.759068,0.932813,0.759068,111,0,658
2026/02/05/01:48:25,6407.409110,0.932813,0.759068,0.932813,0.759068,111,0,658
2026/02/05/01:48:26,6408.409976,0.932813,0.759068,0.932813,0.759068,111,0,658
2026/02/05/01:48:27,6409.410881,0.932813,0.759068,0.932813,0.759068,111,0,658
2026/02/05/01:48:28,6410.411684,0.932813,0.759068,0.932813,0.759068,111,0,658
2026/02/05/01:48:29,6411.412674,0.932813,0.759068,0.932813,0.759068,111,0,658
2026/02/05/01:48:30,6412.413652,0.922312,0.746126,0.922312,0.746126,109,0,660
2026/02/05/01:48:31,6413.414538,0.922312,0.746126,0.922312,0.746126,109,0,660
2026/02/05/01:48:32,6414.415509,0.922312,0.746126,0.922312,0.746126,109,0,660
2026/02/05/01:48:33,6415.416687,0.922312,0.746126,0.922312,0.746126,109,0,660
2026/02/05/01:48:34,6416.417649,0.922312,0.746126,0.922312,0.746126,109,0,660
2026/02/05/01:48:35,6417.418492,0.922312,0.746126,0.922312,0.746126,109,0,660
2026/02/05/01:48:36,6418.419489,0.922312,0.746126,0.922312,0.746126,109,0,660
2026/02/05/01:48:37,6419.420273,0.922312,0.746126,0.922312,0.746126,109,0,660
2026/02/05/01:48:38,6420.421183,0.922312,0.746126,0.922312,0.746126,109,0,660
2026/02/05/01:48:39,6421.422026,0.922312,0.746126,0.922312,0.746126,109,0,660
2026/02/05/01:48:40,6422.423031,0.922312,0.746126,0.922312,0.746126,109,0,660
2026/02/05/01:48:41,6423.423884,0.922312,0.746126,0.922312,0.746126,109,0,660
2026/02/05/01:48:42,6424.424934,0.922312,0.746126,0.922312,0.746126,109,0,660
2026/02/05/01:48:43,6425.425936,0.922312,0.746126,0.922312,0.746126,109,0,660
2026/02/05/01:48:44,6426.426825,0.922312,0.746126,0.922312,0.746126,109,0,660
2026/02/05/01:48:45,6427.427558,0.922312,0.746126,0.922312,0.746126,109,0,660
2026/02/05/01:48:46,6428.428361,0.922312,0.746126,0.922312,0.746126,109,0,660
2026/02/05/01:48:47,6429.429275,0.922312,0.746126,0.922312,0.746126,109,0,660
2026/02/05/01:48:48,6430.430023,0.922312,0.746126,0.922312,0.746126,109,0,660
2026/02/05/01:48:49,6431.430932,0.922312,0.746126,0.922312,0.746126,109,0,660
2026/02/05/01:48:50,6432.431703,0.922312,0.746126,0.922312,0.746126,109,0,660
2026/02/05/01:48:51,6433.432495,0.922312,0.746126,0.922312,0.746126,109,0,660
2026/02/05/01:48:52,6434.433321,0.922312,0.746126,0.922312,0.746126,109,0,660
2026/02/05/01:48:53,6435.434238,0.922312,0.746126,0.922312,0.746126,109,0,660
2026/02/05/01:48:54,6436.435388,0.922312,0.746126,0.922312,0.746126,109,0,660
2026/02/05/01:48:55,6437.436223,0.922312,0.746126,0.922312,0.746126,109,0,660
2026/02/05/01:48:56,6438.436975,0.922312,0.746126,0.922312,0.746126,109,0,660
2026/02/05/01:48:57,6439.437968,0.922312,0.746126,0.922312,0.746126,109,0,660
2026/02/05/01:48:58,6440.438746,0.922312,0.746126,0.922312,0.746126,109,0,660
2026/02/05/01:48:59,6441.439801,0.922312,0.746126,0.922312,0.746126,109,0,660
2026/02/05/01:49:00,6442.440745,0.922312,0.746126,0.922312,0.746126,109,0,660
2026/02/05/01:49:01,6443.441669,0.922312,0.746126,0.922312,0.746126,109,0,660
2026/02/05/01:49:02,6444.442455,0.922312,0.746126,0.922312,0.746126,109,0,660
2026/02/05/01:49:03,6445.443500,0.922312,0.746126,0.922312,0.746126,109,0,660
2026/02/05/01:49:04,6446.444440,0.922312,0.746126,0.922312,0.746126,109,0,660
2026/02/05/01:49:05,6447.445126,0.922312,0.746126,0.922312,0.746126,109,0,660
2026/02/05/01:49:06,6448.445816,0.922312,0.746126,0.922312,0.746126,109,0,660
2026/02/05/01:49:07,6449.446817,0.922312,0.746126,0.922312,0.746126,109,0,660
2026/02/05/01:49:08,6450.447657,0.922312,0.746126,0.922312,0.746126,109,0,660
2026/02/05/01:49:09,6451.448381,0.922312,0.746126,0.922312,0.746126,109,0,660
2026/02/05/01:49:10,6452.449103,0.922312,0.746126,0.922312,0.746126,109,0,660
2026/02/05/01:49:11,6453.449877,0.916250,0.741818,0.916250,0.741818,108,0,661
2026/02/05/01:49:12,6454.450568,0.916250,0.741818,0.916250,0.741818,108,0,661
2026/02/05/01:49:13,6455.451377,0.916250,0.741818,0.916250,0.741818,108,0,661
2026/02/05/01:49:14,6456.452363,0.916250,0.741818,0.916250,0.741818,108,0,661
2026/02/05/01:49:15,6457.453333,0.916250,0.741818,0.916250,0.741818,108,0,661
2026/02/05/01:49:16,6458.454190,0.916250,0.741818,0.916250,0.741818,108,0,661
2026/02/05/01:49:17,6459.455049,0.916250,0.741818,0.916250,0.741818,108,0,661
2026/02/05/01:49:18,6460.455876,0.916250,0.741818,0.916250,0.741818,108,0,661
2026/02/05/01:49:19,6461.456832,0.916250,0.741818,0.916250,0.741818,108,0,661
2026/02/05/01:49:20,6462.457728,0.916250,0.741818,0.916250,0.741818,108,0,661
2026/02/05/01:49:21,6463.458494,0.916250,0.741818,0.916250,0.741818,108,0,661
2026/02/05/01:49:22,6464.459524,0.916250,0.741818,0.916250,0.741818,108,0,661
2026/02/05/01:49:23,6465.460244,0.916250,0.741818,0.916250,0.741818,108,0,661
2026/02/05/01:49:24,6466.460999,0.916250,0.741818,0.916250,0.741818,108,0,661
2026/02/05/01:49:25,6467.461739,0.916250,0.741818,0.916250,0.741818,108,0,661
2026/02/05/01:49:26,6468.462520,0.916250,0.741818,0.916250,0.741818,108,0,661
2026/02/05/01:49:27,6469.463268,0.916250,0.741818,0.916250,0.741818,108,0,661
2026/02/05/01:49:28,6470.464046,0.916250,0.741818,0.916250,0.741818,108,0,661
2026/02/05/01:49:29,6471.465040,0.916250,0.741818,0.916250,0.741818,108,0,661
2026/02/05/01:49:30,6472.465978,0.916250,0.741818,0.916250,0.741818,108,0,661
2026/02/05/01:49:31,6473.466908,0.916250,0.741818,0.916250,0.741818,108,0,661
2026/02/05/01:49:32,6474.467675,0.916250,0.741818,0.916250,0.741818,108,0,661
2026/02/05/01:49:33,6475.468543,0.916250,0.741818,0.916250,0.741818,108,0,661
2026/02/05/01:49:34,6476.469435,0.916250,0.741818,0.916250,0.741818,108,0,661
2026/02/05/01:49:35,6477.470325,0.916250,0.741818,0.916250,0.741818,108,0,661
2026/02/05/01:49:36,6478.471046,0.916250,0.741818,0.916250,0.741818,108,0,661
2026/02/05/01:49:37,6479.471936,0.916250,0.741818,0.916250,0.741818,108,0,661
2026/02/05/01:49:38,6480.472943,0.916250,0.741818,0.916250,0.741818,108,0,661
2026/02/05/01:49:39,6481.473793,0.916250,0.741818,0.916250,0.741818,108,0,661
2026/02/05/01:49:40,6482.474659,0.916250,0.741818,0.916250,0.741818,108,0,661
2026/02/05/01:49:41,6483.475550,0.916250,0.741818,0.916250,0.741818,108,0,661
2026/02/05/01:49:42,6484.476389,0.916250,0.741818,0.916250,0.741818,108,0,661
2026/02/05/01:49:43,6485.477302,0.916250,0.741818,0.916250,0.741818,108,0,661
2026/02/05/01:49:44,6486.478178,0.916250,0.741818,0.916250,0.741818,108,0,661
2026/02/05/01:49:45,6487.478845,0.916250,0.741818,0.916250,0.741818,108,0,661
2026/02/05/01:49:46,6488.479603,0.916250,0.741818,0.916250,0.741818,108,0,661
2026/02/05/01:49:47,6489.480474,0.916250,0.741818,0.916250,0.741818,108,0,661
2026/02/05/01:49:48,6490.481502,0.916250,0.741818,0.916250,0.741818,108,0,661
2026/02/05/01:49:49,6491.482306,0.916250,0.741818,0.916250,0.741818,108,0,661
2026/02/05/01:49:50,6492.483086,0.916250,0.741818,0.916250,0.741818,108,0,661
2026/02/05/01:49:51,6493.483743,0.916250,0.741818,0.916250,0.741818,108,0,661
2026/02/05/01:49:52,6494.484572,0.916250,0.741818,0.916250,0.741818,108,0,661
2026/02/05/01:49:53,6495.485379,0.916250,0.741818,0.916250,0.741818,108,0,661
2026/02/05/01:49:54,6496.486343,0.916250,0.741818,0.916250,0.741818,108,0,661
2026/02/05/01:49:55,6497.487166,0.916250,0.741818,0.916250,0.741818,108,0,661
2026/02/05/01:49:56,6498.487995,0.916250,0.741818,0.916250,0.741818,108,0,661
2026/02/05/01:49:57,6499.488853,0.916250,0.741818,0.916250,0.741818,108,0,661
2026/02/05/01:49:58,6500.489549,0.916250,0.741818,0.916250,0.741818,108,0,661
2026/02/05/01:49:59,6501.490396,0.916250,0.741818,0.916250,0.741818,108,0,661
2026/02/05/01:50:00,6502.491279,0.916250,0.741818,0.916250,0.741818,108,0,661
2026/02/05/01:50:01,6503.492280,0.916250,0.741818,0.916250,0.741818,108,0,661
2026/02/05/01:50:02,6504.493049,0.916250,0.741818,0.916250,0.741818,108,0,661
2026/02/05/01:50:03,6505.494090,0.916250,0.741818,0.916250,0.741818,108,0,661
2026/02/05/01:50:04,6506.494684,0.955375,0.809730,0.966875,0.864270,115,2,661
2026/02/05/01:50:05,6507.495485,0.958562,0.814817,1.014063,0.955248,116,8,661
2026/02/05/01:50:06,6508.496312,0.942187,0.806672,0.986187,0.892563,114,6,663
2026/02/05/01:50:07,6509.497206,0.942187,0.806672,0.971938,0.845152,114,4,663
2026/02/05/01:50:08,6510.497908,0.942187,0.806672,0.971938,0.845152,114,4,663
2026/02/05/01:50:09,6511.498859,0.944187,0.811099,0.968750,0.840065,114,3,664
2026/02/05/01:50:10,6512.499697,0.944187,0.811099,0.968750,0.840065,114,3,664
2026/02/05/01:50:11,6513.500738,0.944187,0.811099,0.968750,0.840065,114,3,664
2026/02/05/01:50:12,6514.501536,0.944187,0.811099,0.968750,0.840065,114,3,664
2026/02/05/01:50:13,6515.502463,0.944187,0.811099,0.968750,0.840065,114,3,664
2026/02/05/01:50:14,6516.503260,0.944187,0.811099,0.968750,0.840065,114,3,664
2026/02/05/01:50:15,6517.504026,0.944187,0.811099,0.968750,0.840065,114,3,664
2026/02/05/01:50:16,6518.504950,0.944187,0.811099,0.968750,0.840065,114,3,664
2026/02/05/01:50:17,6519.505856,0.944187,0.811099,0.968750,0.840065,114,3,664
2026/02/05/01:50:18,6520.506708,0.944187,0.811099,0.968750,0.840065,114,3,664
2026/02/05/01:50:19,6521.507455,0.940688,0.804640,0.965250,0.833606,113,3,665
2026/02/05/01:50:20,6522.508147,0.940688,0.804640,0.965250,0.833606,113,3,665
2026/02/05/01:50:21,6523.508842,0.940688,0.804640,0.965250,0.833606,113,3,665
2026/02/05/01:50:22,6524.509730,0.940688,0.804640,0.965250,0.833606,113,3,665
2026/02/05/01:50:23,6525.510538,0.940688,0.804640,0.965250,0.833606,113,3,665
2026/02/05/01:50:24,6526.511392,0.940688,0.804640,0.965250,0.833606,113,3,665
2026/02/05/01:50:25,6527.512154,0.940688,0.804640,0.965250,0.833606,113,3,665
2026/02/05/01:50:26,6528.519222,0.940688,0.804640,0.965250,0.833606,113,3,665
2026/02/05/01:50:27,6529.520180,0.940688,0.804640,0.965250,0.833606,113,3,665
2026/02/05/01:50:28,6530.521046,0.940688,0.804640,0.965250,0.833606,113,3,665
2026/02/05/01:50:29,6531.521835,0.940688,0.804640,0.965250,0.833606,113,3,665
2026/02/05/01:50:30,6532.543428,0.940688,0.804640,0.965250,0.833606,113,3,665
2026/02/05/01:50:31,6533.543718,0.965250,0.833606,0.965250,0.833606,116,0,667
2026/02/05/01:50:32,6534.544755,0.965250,0.833606,0.965250,0.833606,116,0,667
2026/02/05/01:50:33,6535.545701,0.965250,0.833606,0.965250,0.833606,116,0,667
2026/02/05/01:50:34,6536.546602,0.965250,0.833606,0.965250,0.833606,116,0,667
2026/02/05/01:50:35,6537.547506,0.965250,0.833606,0.965250,0.833606,116,0,667
2026/02/05/01:50:36,6538.548273,0.965250,0.833606,0.965250,0.833606,116,0,667
2026/02/05/01:50:37,6539.549146,0.965250,0.833606,0.965250,0.833606,116,0,667
2026/02/05/01:50:38,6540.549974,0.965250,0.833606,0.965250,0.833606,116,0,667
2026/02/05/01:50:39,6541.550821,0.965250,0.833606,0.965250,0.833606,116,0,667
2026/02/05/01:50:40,6542.551488,0.965250,0.833606,0.965250,0.833606,116,0,667
2026/02/05/01:50:41,6543.552416,0.954875,0.814577,0.954875,0.814577,114,0,669
2026/02/05/01:50:42,6544.553242,0.954875,0.814577,0.954875,0.814577,114,0,669
2026/02/05/01:50:43,6545.554279,0.954875,0.814577,0.954875,0.814577,114,0,669
2026/02/05/01:50:44,6546.555103,0.954875,0.814577,0.954875,0.814577,114,0,669
2026/02/05/01:50:45,6547.556042,0.954875,0.814577,0.954875,0.814577,114,0,669
2026/02/05/01:50:46,6548.557014,0.954875,0.814577,0.954875,0.814577,114,0,669
2026/02/05/01:50:47,6549.557795,0.954875,0.814577,0.954875,0.814577,114,0,669
2026/02/05/01:50:48,6550.558548,0.954875,0.814577,0.954875,0.814577,114,0,669
2026/02/05/01:50:49,6551.559481,0.954875,0.814577,0.954875,0.814577,114,0,669
2026/02/05/01:50:50,6552.560101,0.954875,0.814577,0.954875,0.814577,114,0,669
2026/02/05/01:50:51,6553.560826,0.954875,0.814577,0.954875,0.814577,114,0,669
2026/02/05/01:50:52,6554.561762,0.935500,0.795126,0.935500,0.795126,112,0,671
2026/02/05/01:50:53,6555.562519,0.935500,0.795126,0.935500,0.795126,112,0,671
2026/02/05/01:50:54,6556.563358,0.935500,0.795126,0.935500,0.795126,112,0,671
2026/02/05/01:50:55,6557.564286,0.935500,0.795126,0.935500,0.795126,112,0,671
2026/02/05/01:50:56,6558.565219,0.935500,0.795126,0.935500,0.795126,112,0,671
2026/02/05/01:50:57,6559.566109,0.935500,0.795126,0.935500,0.795126,112,0,671
2026/02/05/01:50:58,6560.566889,0.935500,0.795126,0.935500,0.795126,112,0,671
2026/02/05/01:50:59,6561.567575,0.935500,0.795126,0.935500,0.795126,112,0,671
2026/02/05/01:51:00,6562.568516,0.935500,0.795126,0.935500,0.795126,112,0,671
2026/02/05/01:51:01,6563.569426,0.935500,0.795126,0.935500,0.795126,112,0,671
2026/02/05/01:51:02,6564.570246,0.935500,0.795126,0.935500,0.795126,112,0,671
2026/02/05/01:51:03,6565.571193,0.935500,0.795126,0.935500,0.795126,112,0,671
2026/02/05/01:51:04,6566.571896,0.935500,0.795126,0.935500,0.795126,112,0,671
2026/02/05/01:51:05,6567.572764,0.935500,0.795126,0.935500,0.795126,112,0,671
2026/02/05/01:51:06,6568.573530,0.935500,0.795126,0.935500,0.795126,112,0,671
2026/02/05/01:51:07,6569.574410,0.935500,0.795126,0.935500,0.795126,112,0,671
2026/02/05/01:51:08,6570.575291,0.935500,0.795126,0.935500,0.795126,112,0,671
2026/02/05/01:51:09,6571.576055,0.935500,0.795126,0.935500,0.795126,112,0,671
2026/02/05/01:51:10,6572.576853,0.935500,0.795126,0.935500,0.795126,112,0,671
2026/02/05/01:51:11,6573.577861,0.935500,0.795126,0.935500,0.795126,112,0,671
2026/02/05/01:51:12,6574.578669,0.935500,0.795126,0.935500,0.795126,112,0,671
2026/02/05/01:51:13,6575.579358,0.935500,0.795126,0.935500,0.795126,112,0,671
2026/02/05/01:51:14,6576.580108,0.935500,0.795126,0.935500,0.795126,112,0,671
2026/02/05/01:51:15,6577.581070,0.935500,0.795126,0.935500,0.795126,112,0,671
2026/02/05/01:51:16,6578.581888,0.935500,0.795126,0.935500,0.795126,112,0,671
2026/02/05/01:51:17,6579.582727,0.935500,0.795126,0.935500,0.795126,112,0,671
2026/02/05/01:51:18,6580.583512,0.935500,0.795126,0.935500,0.795126,112,0,671
2026/02/05/01:51:19,6581.584391,0.935500,0.795126,0.935500,0.795126,112,0,671
2026/02/05/01:51:20,6582.585085,0.935500,0.795126,0.935500,0.795126,112,0,671
2026/02/05/01:51:21,6583.585981,0.935500,0.795126,0.935500,0.795126,112,0,671
2026/02/05/01:51:22,6584.586761,0.935500,0.795126,0.935500,0.795126,112,0,671
2026/02/05/01:51:23,6585.587470,0.935500,0.795126,0.935500,0.795126,112,0,671
2026/02/05/01:51:24,6586.588495,0.935500,0.795126,0.935500,0.795126,112,0,671
2026/02/05/01:51:25,6587.589306,0.954000,0.804058,0.976375,0.810762,114,2,671
2026/02/05/01:51:26,6588.590151,0.954000,0.804058,0.976375,0.810762,114,2,671
2026/02/05/01:51:27,6589.591075,0.966500,0.814841,0.995125,0.826936,116,3,671
2026/02/05/01:51:28,6590.591861,0.954250,0.811300,0.954250,0.811300,115,0,673
2026/02/05/01:51:29,6591.592607,0.954250,0.811300,0.954250,0.811300,115,0,673
2026/02/05/01:51:30,6592.593572,0.954250,0.811300,0.954250,0.811300,115,0,673
2026/02/05/01:51:31,6593.594373,0.966000,0.808994,1.004750,0.826964,115,2,676
2026/02/05/01:51:32,6594.595132,0.966000,0.808994,1.108000,0.927133,115,13,676
2026/02/05/01:51:33,6595.595899,0.964437,0.810124,1.096750,0.914801,115,11,678
2026/02/05/01:51:34,6596.596662,0.964437,0.810124,1.096750,0.914801,115,11,678
2026/02/05/01:51:35,6597.597661,0.964437,0.810124,1.096750,0.914801,115,11,678
2026/02/05/01:51:36,6598.599397,0.964437,0.810124,1.096750,0.914801,115,11,678
2026/02/05/01:51:37,6599.600512,0.956937,0.772049,1.074437,0.863278,113,9,681
2026/02/05/01:51:38,6600.601537,0.956937,0.772049,1.048563,0.850557,113,8,681
2026/02/05/01:51:39,6601.602330,0.956937,0.772049,1.048563,0.850557,113,8,681
2026/02/05/01:51:40,6602.603056,0.956937,0.772049,1.048563,0.850557,113,8,681
2026/02/05/01:51:41,6603.604153,0.956937,0.772049,1.027062,0.833373,113,6,681
2026/02/05/01:51:42,6604.604840,0.956937,0.772049,1.027062,0.833373,113,6,681
2026/02/05/01:51:43,6605.605730,0.956937,0.772049,1.027062,0.833373,113,6,681
2026/02/05/01:51:44,6606.606611,0.956937,0.772049,1.027062,0.833373,113,6,681
2026/02/05/01:51:45,6607.607544,0.956937,0.772049,1.027062,0.833373,113,6,681
2026/02/05/01:51:46,6608.608372,0.956937,0.772049,0.990062,0.823573,113,4,681
2026/02/05/01:51:47,6609.609320,0.956937,0.772049,0.990062,0.823573,113,4,681
2026/02/05/01:51:48,6610.610178,0.956937,0.772049,0.990062,0.823573,113,4,681
2026/02/05/01:51:49,6611.611087,0.956937,0.772049,0.990062,0.823573,113,4,681
2026/02/05/01:51:50,6612.611854,0.956937,0.772049,0.990062,0.823573,113,4,681
2026/02/05/01:51:51,6613.612566,0.956937,0.772049,0.990062,0.823573,113,4,681
2026/02/05/01:51:52,6614.613440,0.956937,0.772049,0.990062,0.823573,113,4,681
2026/02/05/01:51:53,6615.614241,0.956937,0.772049,0.990062,0.823573,113,4,681
2026/02/05/01:51:54,6616.614985,0.956937,0.772049,0.990062,0.823573,113,4,681
2026/02/05/01:51:55,6617.615787,0.956937,0.772049,0.990062,0.823573,113,4,681
2026/02/05/01:51:56,6618.616419,0.956937,0.772049,0.990062,0.823573,113,4,681
2026/02/05/01:51:57,6619.617156,0.956937,0.772049,0.990062,0.823573,113,4,681
2026/02/05/01:51:58,6620.617875,0.956937,0.772049,0.990062,0.823573,113,4,681
2026/02/05/01:51:59,6621.618665,0.956937,0.772049,0.990062,0.823573,113,4,681
2026/02/05/01:52:00,6622.619409,0.956937,0.772049,0.990062,0.823573,113,4,681
2026/02/05/01:52:01,6623.620227,0.956937,0.772049,0.990062,0.823573,113,4,681
2026/02/05/01:52:02,6624.621171,0.956937,0.772049,0.990062,0.823573,113,4,681
2026/02/05/01:52:03,6625.621931,0.956937,0.772049,0.990062,0.823573,113,4,681
2026/02/05/01:52:04,6626.622656,0.956937,0.772049,0.990062,0.823573,113,4,681
2026/02/05/01:52:05,6627.658277,0.959438,0.795568,0.979062,0.816242,113,2,683
2026/02/05/01:52:08,6630.741573,0.959438,0.795568,0.979062,0.816242,113,2,683
2026/02/05/01:52:11,6633.651231,0.959438,0.795568,0.979062,0.816242,113,2,683
2026/02/05/01:52:14,6636.444329,0.959438,0.795568,0.979062,0.816242,113,2,683
2026/02/05/01:52:17,6639.064856,0.959438,0.795568,0.979062,0.816242,113,2,683
2026/02/05/01:52:18,6640.244543,0.959438,0.795568,0.979062,0.816242,113,2,683
2026/02/05/01:52:21,6643.546141,0.959438,0.795568,0.979062,0.816242,113,2,683
2026/02/05/01:52:22,6644.546761,0.959438,0.795568,0.979062,0.816242,113,2,683
2026/02/05/01:52:23,6645.547662,0.959438,0.795568,0.979062,0.816242,113,2,683
2026/02/05/01:52:24,6646.548559,0.964688,0.800383,1.035062,0.862571,114,10,683
2026/02/05/01:52:25,6647.549338,0.964688,0.800383,1.035062,0.862571,114,10,683
2026/02/05/01:52:26,6648.550195,0.965375,0.800753,1.019313,0.848126,114,7,684
2026/02/05/01:52:27,6649.551134,0.965375,0.800753,1.011562,0.844759,114,6,684
2026/02/05/01:52:28,6650.552116,0.965375,0.800753,1.011562,0.844759,114,6,684
2026/02/05/01:52:29,6651.552803,0.965375,0.800753,0.999188,0.831482,114,4,684
2026/02/05/01:52:30,6652.553595,0.965375,0.800753,0.999188,0.831482,114,4,684
2026/02/05/01:52:31,6653.554339,0.965375,0.800753,0.999188,0.831482,114,4,684
2026/02/05/01:52:32,6654.555260,0.965375,0.800753,0.999188,0.831482,114,4,684
2026/02/05/01:52:33,6655.556038,0.965375,0.800753,0.999188,0.831482,114,4,684
2026/02/05/01:52:34,6656.556851,0.965375,0.800753,0.999188,0.831482,114,4,684
2026/02/05/01:52:35,6657.557518,0.965375,0.800753,0.999188,0.831482,114,4,684
2026/02/05/01:52:36,6658.558172,0.965375,0.800753,0.999188,0.831482,114,4,684
2026/02/05/01:52:37,6659.558940,0.965375,0.800753,0.999188,0.831482,114,4,684
2026/02/05/01:52:38,6660.559854,0.965375,0.800753,0.990938,0.826611,114,3,684
2026/02/05/01:52:39,6661.560666,0.965375,0.800753,0.990938,0.826611,114,3,684
2026/02/05/01:52:40,6662.561434,0.965375,0.800753,0.990938,0.826611,114,3,684
2026/02/05/01:52:41,6663.562286,0.965375,0.800753,0.990938,0.826611,114,3,684
2026/02/05/01:52:42,6664.563008,0.965375,0.800753,0.990938,0.826611,114,3,684
2026/02/05/01:52:43,6665.563799,0.965375,0.800753,0.990938,0.826611,114,3,684
2026/02/05/01:52:44,6666.564626,0.965375,0.800753,0.990938,0.826611,114,3,684
2026/02/05/01:52:45,6667.565393,0.965375,0.800753,0.990938,0.826611,114,3,684
2026/02/05/01:52:46,6668.566139,0.965375,0.800753,0.990938,0.826611,114,3,684
2026/02/05/01:52:47,6669.566849,0.965375,0.800753,0.990938,0.826611,114,3,684
2026/02/05/01:52:48,6670.567618,0.965375,0.800753,1.013813,0.854416,114,5,684
2026/02/05/01:52:49,6671.568414,0.965375,0.800753,1.044312,0.868146,114,9,684
2026/02/05/01:52:50,6672.569233,0.965375,0.800753,1.054437,0.875548,114,11,684
2026/02/05/01:52:51,6673.569988,0.965375,0.800753,1.042062,0.869238,114,9,684
2026/02/05/01:52:52,6674.570670,0.965375,0.800753,1.042062,0.869238,114,9,684
2026/02/05/01:52:53,6675.571471,0.965375,0.800753,1.042062,0.869238,114,9,684
2026/02/05/01:52:54,6676.572171,0.965375,0.800753,1.042062,0.869238,114,9,684
2026/02/05/01:52:55,6677.572922,0.965375,0.800753,1.042062,0.869238,114,9,684
2026/02/05/01:52:56,6678.573581,0.965375,0.800753,1.042062,0.869238,114,9,684
2026/02/05/01:52:57,6679.574425,0.965375,0.800753,1.051063,0.881075,114,11,684
2026/02/05/01:52:58,6680.575288,0.965375,0.800753,1.055625,0.884638,114,12,684
2026/02/05/01:52:59,6681.575994,0.965375,0.800753,1.079875,0.897467,114,14,684
2026/02/05/01:53:00,6682.576666,0.965375,0.800753,1.075312,0.893904,114,13,684
2026/02/05/01:53:01,6683.577489,0.965375,0.800753,1.075312,0.893904,114,13,684
2026/02/05/01:53:02,6684.578153,0.965375,0.800753,1.057187,0.886484,114,11,684
2026/02/05/01:53:03,6685.578919,0.965375,0.800753,1.057187,0.886484,114,11,684
2026/02/05/01:53:04,6686.579843,0.965375,0.800753,1.057187,0.886484,114,11,684
2026/02/05/01:53:05,6687.580711,0.965375,0.800753,1.057187,0.886484,114,11,684
2026/02/05/01:53:06,6688.581444,0.965375,0.800753,1.057187,0.886484,114,11,684
2026/02/05/01:53:07,6689.582227,0.965375,0.800753,1.057187,0.886484,114,11,684
2026/02/05/01:53:08,6690.582927,0.965375,0.800753,1.057187,0.886484,114,11,684
2026/02/05/01:53:09,6691.583814,0.965375,0.800753,1.057187,0.886484,114,11,684
2026/02/05/01:53:10,6692.584714,0.965375,0.800753,1.023937,0.861818,114,7,684
2026/02/05/01:53:11,6693.585435,0.965375,0.800753,1.023937,0.861818,114,7,684
2026/02/05/01:53:12,6694.586130,0.965375,0.800753,1.023937,0.861818,114,7,684
2026/02/05/01:53:13,6695.588121,0.965375,0.800753,1.023937,0.861818,114,7,684
2026/02/05/01:53:14,6696.589021,0.965375,0.800753,1.023937,0.861818,114,7,684
2026/02/05/01:53:15,6697.589794,0.965375,0.800753,1.023937,0.861818,114,7,684
2026/02/05/01:53:16,6698.590698,0.965375,0.800753,1.023937,0.861818,114,7,684
2026/02/05/01:53:17,6699.592154,0.965375,0.800753,1.023937,0.861818,114,7,684
2026/02/05/01:53:18,6700.593086,0.965375,0.800753,1.023937,0.861818,114,7,684
2026/02/05/01:53:19,6701.594046,0.965375,0.800753,1.023937,0.861818,114,7,684
2026/02/05/01:53:20,6702.594953,0.965375,0.800753,1.023937,0.861818,114,7,684
2026/02/05/01:53:21,6703.595660,0.965375,0.800753,1.023937,0.861818,114,7,684
2026/02/05/01:53:22,6704.596256,0.965375,0.800753,1.023937,0.861818,114,7,684
2026/02/05/01:53:23,6705.596991,0.965375,0.800753,1.023937,0.861818,114,7,684
2026/02/05/01:53:24,6706.597750,0.965375,0.800753,1.023937,0.861818,114,7,684
2026/02/05/01:53:25,6707.598562,0.965375,0.800753,1.023937,0.861818,114,7,684
2026/02/05/01:53:26,6708.599422,0.965375,0.800753,1.023937,0.861818,114,7,684
2026/02/05/01:53:27,6709.600328,0.965375,0.800753,1.023937,0.861818,114,7,684
2026/02/05/01:53:28,6710.601150,0.965375,0.800753,1.013813,0.854416,114,5,684
2026/02/05/01:53:29,6711.602205,0.965375,0.800753,1.013813,0.854416,114,5,684
2026/02/05/01:53:30,6712.603014,0.965375,0.800753,1.013813,0.854416,114,5,684
2026/02/05/01:53:31,6713.603681,0.965375,0.800753,1.013813,0.854416,114,5,684
2026/02/05/01:53:32,6714.604369,0.965375,0.800753,1.013813,0.854416,114,5,684
2026/02/05/01:53:33,6715.605172,0.965375,0.800753,1.013813,0.854416,114,5,684
2026/02/05/01:53:34,6716.605858,0.965375,0.800753,1.013813,0.854416,114,5,684
2026/02/05/01:53:35,6717.606674,0.965375,0.800753,1.013813,0.854416,114,5,684
2026/02/05/01:53:36,6718.607593,0.965375,0.800753,1.013813,0.854416,114,5,684
2026/02/05/01:53:37,6719.608377,0.965375,0.800753,1.013813,0.854416,114,5,684
2026/02/05/01:53:38,6720.609303,0.965375,0.800753,1.013813,0.854416,114,5,684
2026/02/05/01:53:39,6721.610049,0.965375,0.800753,1.013813,0.854416,114,5,684
2026/02/05/01:53:40,6722.610811,0.965375,0.800753,1.013813,0.854416,114,5,684
2026/02/05/01:53:41,6723.611761,0.965375,0.800753,1.013813,0.854416,114,5,684
2026/02/05/01:53:42,6724.612554,0.965375,0.800753,1.013813,0.854416,114,5,684
2026/02/05/01:53:43,6725.613419,0.965375,0.800753,1.013813,0.854416,114,5,684
2026/02/05/01:53:44,6726.614172,0.965375,0.800753,1.013813,0.854416,114,5,684
2026/02/05/01:53:45,6727.614868,0.965375,0.800753,1.013813,0.854416,114,5,684
2026/02/05/01:53:46,6728.615618,0.965375,0.800753,1.013813,0.854416,114,5,684
2026/02/05/01:53:47,6729.616514,0.965375,0.800753,1.013813,0.854416,114,5,684
2026/02/05/01:53:48,6730.617293,0.965375,0.800753,1.013813,0.854416,114,5,684
2026/02/05/01:53:49,6731.618124,0.965375,0.800753,1.013813,0.854416,114,5,684
2026/02/05/01:53:50,6732.619043,0.965375,0.800753,0.990938,0.826611,114,3,684
2026/02/05/01:53:51,6733.619867,0.965375,0.800753,0.990938,0.826611,114,3,684
2026/02/05/01:53:52,6734.620674,0.965375,0.800753,0.990938,0.826611,114,3,684
2026/02/05/01:53:53,6735.621481,0.965375,0.800753,0.990938,0.826611,114,3,684
2026/02/05/01:53:54,6736.622469,0.965375,0.800753,0.990938,0.826611,114,3,684
2026/02/05/01:53:55,6737.623307,0.965375,0.800753,0.990938,0.826611,114,3,684
2026/02/05/01:53:56,6738.624098,0.967688,0.810580,0.986500,0.821013,114,2,685
2026/02/05/01:53:57,6739.624854,0.967688,0.810580,0.986500,0.821013,114,2,685
2026/02/05/01:53:58,6740.625862,0.967688,0.810580,0.986500,0.821013,114,2,685
2026/02/05/01:53:59,6741.626943,0.967688,0.810580,0.986500,0.821013,114,2,685
2026/02/05/01:54:00,6742.628590,0.967688,0.810580,0.986500,0.821013,114,2,685
2026/02/05/01:54:01,6743.629383,0.967688,0.810580,0.986500,0.821013,114,2,685
2026/02/05/01:54:02,6744.630355,0.967688,0.810580,0.986500,0.821013,114,2,685
2026/02/05/01:54:03,6745.631070,0.967688,0.810580,0.986500,0.821013,114,2,685
2026/02/05/01:54:04,6746.631759,0.967688,0.810580,0.986500,0.821013,114,2,685
2026/02/05/01:54:05,6747.632538,0.947875,0.805267,0.947875,0.805267,113,0,687
2026/02/05/01:54:06,6748.633226,0.947875,0.805267,0.947875,0.805267,113,0,687
2026/02/05/01:54:07,6749.634130,0.947875,0.805267,0.947875,0.805267,113,0,687
2026/02/05/01:54:08,6750.634842,0.927625,0.758992,0.927625,0.758992,110,0,690
2026/02/05/01:54:09,6751.635741,0.927625,0.758992,0.927625,0.758992,110,0,690
2026/02/05/01:54:10,6752.636707,0.927625,0.758992,0.927625,0.758992,110,0,690
2026/02/05/01:54:11,6753.637576,0.927625,0.758992,0.927625,0.758992,110,0,690
2026/02/05/01:54:12,6754.638400,0.927625,0.758992,0.927625,0.758992,110,0,690
2026/02/05/01:54:13,6755.639304,0.927625,0.758992,0.927625,0.758992,110,0,690
2026/02/05/01:54:14,6756.640297,0.927625,0.758992,0.927625,0.758992,110,0,690
2026/02/05/01:54:15,6757.641349,0.927625,0.758992,0.927625,0.758992,110,0,690
2026/02/05/01:54:16,6758.642219,0.927625,0.758992,0.927625,0.758992,110,0,690
2026/02/05/01:54:17,6759.643005,0.927625,0.758992,0.927625,0.758992,110,0,690
2026/02/05/01:54:18,6760.643998,0.927625,0.758992,0.927625,0.758992,110,0,690
2026/02/05/01:54:19,6761.644897,0.927625,0.758992,0.927625,0.758992,110,0,690
2026/02/05/01:54:20,6762.645820,0.927625,0.758992,0.927625,0.758992,110,0,690
2026/02/05/01:54:21,6763.646757,0.927625,0.758992,0.927625,0.758992,110,0,690
2026/02/05/01:54:22,6764.647534,0.927625,0.758992,0.927625,0.758992,110,0,690
2026/02/05/01:54:23,6765.648381,0.927625,0.758992,0.927625,0.758992,110,0,690
2026/02/05/01:54:24,6766.649131,0.927625,0.758992,0.927625,0.758992,110,0,690
2026/02/05/01:54:25,6767.650045,0.927625,0.758992,0.927625,0.758992,110,0,690
2026/02/05/01:54:26,6768.650922,0.927625,0.758992,0.927625,0.758992,110,0,690
2026/02/05/01:54:27,6769.651757,0.927625,0.758992,0.927625,0.758992,110,0,690
2026/02/05/01:54:28,6770.652621,0.927625,0.758992,0.927625,0.758992,110,0,690
2026/02/05/01:54:29,6771.653596,0.927625,0.758992,0.927625,0.758992,110,0,690
2026/02/05/01:54:30,6772.654328,0.927625,0.758992,0.927625,0.758992,110,0,690
2026/02/05/01:54:31,6773.655244,0.927625,0.758992,0.927625,0.758992,110,0,690
2026/02/05/01:54:32,6774.656006,0.927625,0.758992,0.927625,0.758992,110,0,690
2026/02/05/01:54:33,6775.656964,0.927625,0.758992,0.927625,0.758992,110,0,690
2026/02/05/01:54:34,6776.657928,0.927625,0.758992,0.927625,0.758992,110,0,690
2026/02/05/01:54:35,6777.658684,0.927625,0.758992,0.927625,0.758992,110,0,690
2026/02/05/01:54:36,6778.659490,0.927625,0.758992,0.927625,0.758992,110,0,690
2026/02/05/01:54:37,6779.660158,0.927625,0.758992,0.927625,0.758992,110,0,690
2026/02/05/01:54:38,6780.660913,0.927625,0.758992,0.927625,0.758992,110,0,690
2026/02/05/01:54:39,6781.661671,0.927625,0.758992,0.927625,0.758992,110,0,690
2026/02/05/01:54:40,6782.662496,0.927625,0.758992,0.927625,0.758992,110,0,690
2026/02/05/01:54:41,6783.663464,0.927625,0.758992,0.927625,0.758992,110,0,690
2026/02/05/01:54:42,6784.664290,0.927625,0.758992,0.927625,0.758992,110,0,690
2026/02/05/01:54:43,6785.665169,0.927625,0.758992,1.016125,0.793689,110,3,690
2026/02/05/01:54:44,6786.665837,0.948438,0.794099,1.050062,0.857045,114,4,690
2026/02/05/01:54:45,6787.666629,0.948438,0.794099,1.050062,0.857045,114,4,690
2026/02/05/01:54:46,6788.667432,0.948438,0.794099,1.050062,0.857045,114,4,690
2026/02/05/01:54:47,6789.668246,0.948438,0.794099,1.036938,0.828797,114,3,690
2026/02/05/01:54:48,6790.669065,0.948438,0.794099,0.948438,0.794099,114,0,690
2026/02/05/01:54:49,6791.669848,0.948438,0.794099,0.948438,0.794099,114,0,690
2026/02/05/01:54:50,6792.670767,0.948438,0.794099,0.948438,0.794099,114,0,690
2026/02/05/01:54:51,6793.671589,0.948438,0.794099,0.948438,0.794099,114,0,690
2026/02/05/01:54:52,6794.672200,0.942937,0.789065,0.942937,0.789065,113,0,691
2026/02/05/01:54:53,6795.673155,0.942937,0.789065,0.942937,0.789065,113,0,691
2026/02/05/01:54:54,6796.674026,0.942937,0.789065,0.942937,0.789065,113,0,691
2026/02/05/01:54:55,6797.675030,0.942937,0.789065,0.942937,0.789065,113,0,691
2026/02/05/01:54:56,6798.675996,0.942937,0.789065,0.942937,0.789065,113,0,691
2026/02/05/01:54:57,6799.676743,0.942937,0.789065,0.942937,0.789065,113,0,691
2026/02/05/01:54:58,6800.677714,0.942937,0.789065,0.942937,0.789065,113,0,691
2026/02/05/01:54:59,6801.678520,0.942937,0.789065,0.942937,0.789065,113,0,691
2026/02/05/01:55:00,6802.679246,0.942937,0.789065,0.942937,0.789065,113,0,691
2026/02/05/01:55:01,6803.680226,0.942937,0.789065,0.942937,0.789065,113,0,691
2026/02/05/01:55:02,6804.681096,0.942937,0.789065,0.942937,0.789065,113,0,691
2026/02/05/01:55:03,6805.681896,0.942937,0.789065,0.942937,0.789065,113,0,691
2026/02/05/01:55:04,6806.682820,0.942937,0.789065,0.942937,0.789065,113,0,691
2026/02/05/01:55:05,6807.683724,0.942937,0.789065,0.942937,0.789065,113,0,691
2026/02/05/01:55:06,6808.684383,0.942937,0.789065,0.942937,0.789065,113,0,691
2026/02/05/01:55:07,6809.685478,0.942937,0.789065,0.942937,0.789065,113,0,691
2026/02/05/01:55:08,6810.686315,0.942937,0.789065,0.942937,0.789065,113,0,691
2026/02/05/01:55:09,6811.687279,0.942937,0.789065,0.942937,0.789065,113,0,691
2026/02/05/01:55:10,6812.688244,0.942937,0.789065,0.942937,0.789065,113,0,691
2026/02/05/01:55:11,6813.689211,0.942937,0.789065,0.942937,0.789065,113,0,691
2026/02/05/01:55:12,6814.689991,0.942937,0.789065,0.942937,0.789065,113,0,691
2026/02/05/01:55:13,6815.691052,0.942937,0.789065,0.942937,0.789065,113,0,691
2026/02/05/01:55:14,6816.691802,0.942937,0.789065,0.942937,0.789065,113,0,691
2026/02/05/01:55:15,6817.692730,0.942937,0.789065,0.942937,0.789065,113,0,691
2026/02/05/01:55:16,6818.693588,0.942937,0.789065,0.942937,0.789065,113,0,691
2026/02/05/01:55:17,6819.694390,0.942937,0.789065,0.942937,0.789065,113,0,691
2026/02/05/01:55:18,6820.695381,0.942937,0.789065,0.942937,0.789065,113,0,691
2026/02/05/01:55:19,6821.696179,0.942937,0.789065,0.942937,0.789065,113,0,691
2026/02/05/01:55:20,6822.697059,0.942937,0.789065,0.942937,0.789065,113,0,691
2026/02/05/01:55:21,6823.697890,0.942937,0.789065,0.942937,0.789065,113,0,691
2026/02/05/01:55:22,6824.698560,0.942937,0.789065,0.942937,0.789065,113,0,691
2026/02/05/01:55:23,6825.699594,0.942937,0.789065,0.942937,0.789065,113,0,691
2026/02/05/01:55:24,6826.700402,0.942937,0.789065,0.942937,0.789065,113,0,691
2026/02/05/01:55:25,6827.701199,0.942937,0.789065,0.942937,0.789065,113,0,691
2026/02/05/01:55:26,6828.702089,0.942937,0.789065,0.942937,0.789065,113,0,691
2026/02/05/01:55:27,6829.702876,0.942937,0.789065,0.942937,0.789065,113,0,691
2026/02/05/01:55:28,6830.703665,0.942937,0.789065,0.942937,0.789065,113,0,691
2026/02/05/01:55:29,6831.704376,0.942937,0.789065,0.942937,0.789065,113,0,691
2026/02/05/01:55:30,6832.705313,0.942937,0.789065,0.942937,0.789065,113,0,691
2026/02/05/01:55:31,6833.706187,0.942937,0.789065,0.942937,0.789065,113,0,691
2026/02/05/01:55:32,6834.707113,0.942937,0.789065,0.942937,0.789065,113,0,691
2026/02/05/01:55:33,6835.707850,0.942937,0.789065,0.942937,0.789065,113,0,691
2026/02/05/01:55:34,6836.708949,0.958875,0.808459,0.958875,0.808459,116,0,691
2026/02/05/01:55:35,6837.709736,0.958875,0.808459,0.958875,0.808459,116,0,691
2026/02/05/01:55:36,6838.710638,0.958875,0.808459,0.958875,0.808459,116,0,691
2026/02/05/01:55:37,6839.711482,0.950937,0.804572,0.950937,0.804572,115,0,692
2026/02/05/01:55:38,6840.712359,0.950937,0.804572,0.950937,0.804572,115,0,692
2026/02/05/01:55:39,6841.713103,0.950937,0.804572,0.950937,0.804572,115,0,692
2026/02/05/01:55:40,6842.713845,0.950937,0.804572,0.950937,0.804572,115,0,692
2026/02/05/01:55:41,6843.714529,0.950937,0.804572,0.950937,0.804572,115,0,692
2026/02/05/01:55:42,6844.715393,0.950937,0.804572,0.950937,0.804572,115,0,692
2026/02/05/01:55:43,6845.716240,0.950937,0.804572,0.950937,0.804572,115,0,692
2026/02/05/01:55:44,6846.716856,0.950937,0.804572,0.950937,0.804572,115,0,692
2026/02/05/01:55:45,6847.717653,0.950937,0.804572,0.950937,0.804572,115,0,692
2026/02/05/01:55:46,6848.718518,0.950937,0.804572,0.950937,0.804572,115,0,692
2026/02/05/01:55:47,6849.719442,0.950937,0.804572,0.950937,0.804572,115,0,692
2026/02/05/01:55:48,6850.720368,0.950937,0.804572,0.950937,0.804572,115,0,692
2026/02/05/01:55:49,6851.721191,0.950937,0.804572,0.950937,0.804572,115,0,692
2026/02/05/01:55:50,6852.722003,0.950937,0.804572,0.950937,0.804572,115,0,692
2026/02/05/01:55:51,6853.722853,0.950937,0.804572,0.950937,0.804572,115,0,692
2026/02/05/01:55:52,6854.723583,0.950937,0.804572,0.950937,0.804572,115,0,692
2026/02/05/01:55:53,6855.724410,0.950937,0.804572,0.950937,0.804572,115,0,692
2026/02/05/01:55:54,6856.725020,0.950937,0.804572,0.950937,0.804572,115,0,692
2026/02/05/01:55:55,6857.725898,0.950937,0.804572,0.950937,0.804572,115,0,692
2026/02/05/01:55:56,6858.726564,0.950937,0.804572,0.950937,0.804572,115,0,692
2026/02/05/01:55:57,6859.727339,0.950937,0.804572,0.950937,0.804572,115,0,692
2026/02/05/01:55:58,6860.728240,0.950937,0.804572,0.950937,0.804572,115,0,692
2026/02/05/01:55:59,6861.729130,0.950937,0.804572,0.950937,0.804572,115,0,692
2026/02/05/01:56:00,6862.729959,0.950937,0.804572,0.950937,0.804572,115,0,692
2026/02/05/01:56:01,6863.730868,0.958500,0.808483,1.001562,0.852904,116,7,692
2026/02/05/01:56:02,6864.731679,0.969000,0.816722,1.017313,0.919359,118,8,692
2026/02/05/01:56:03,6865.732422,0.969000,0.816722,1.017313,0.919359,118,8,692
2026/02/05/01:56:04,6866.733216,0.964625,0.818156,1.006813,0.911120,117,7,694
2026/02/05/01:56:05,6867.734112,0.958937,0.814128,0.971187,0.833473,116,2,696
2026/02/05/01:56:06,6868.734981,0.958937,0.814128,0.971187,0.833473,116,2,696
2026/02/05/01:56:07,6869.735917,0.958937,0.814128,0.971187,0.833473,116,2,696
2026/02/05/01:56:08,6870.736828,0.958937,0.814128,0.971187,0.833473,116,2,696
2026/02/05/01:56:09,6871.737565,0.958937,0.814128,0.971187,0.833473,116,2,696
2026/02/05/01:56:10,6872.738586,0.958937,0.814128,0.971187,0.833473,116,2,696
2026/02/05/01:56:11,6873.739436,0.958937,0.814128,0.971187,0.833473,116,2,696
2026/02/05/01:56:12,6874.740187,0.952313,0.810875,0.964562,0.830220,115,2,697
2026/02/05/01:56:13,6875.741035,0.952313,0.810875,0.964562,0.830220,115,2,697
2026/02/05/01:56:14,6876.741871,0.952313,0.810875,0.964562,0.830220,115,2,697
2026/02/05/01:56:15,6877.742646,0.952313,0.810875,0.964562,0.830220,115,2,697
2026/02/05/01:56:16,6878.743370,0.952313,0.810875,0.964562,0.830220,115,2,697
2026/02/05/01:56:17,6879.744138,0.952313,0.810875,0.964562,0.830220,115,2,697
2026/02/05/01:56:18,6880.744807,0.952313,0.810875,0.964562,0.830220,115,2,697
2026/02/05/01:56:19,6881.745511,0.952313,0.810875,0.964562,0.830220,115,2,697
2026/02/05/01:56:20,6882.746230,0.952313,0.810875,0.964562,0.830220,115,2,697
2026/02/05/01:56:21,6883.746977,0.952313,0.810875,0.964562,0.830220,115,2,697
2026/02/05/01:56:22,6884.747668,0.952313,0.810875,0.964562,0.830220,115,2,697
2026/02/05/01:56:23,6885.748533,0.952313,0.810875,0.964562,0.830220,115,2,697
2026/02/05/01:56:24,6886.749387,0.956562,0.814713,0.956562,0.814713,115,0,699
2026/02/05/01:56:25,6887.750238,0.956562,0.814713,0.956562,0.814713,115,0,699
2026/02/05/01:56:26,6888.751114,0.956562,0.814713,0.956562,0.814713,115,0,699
2026/02/05/01:56:27,6889.751738,0.956562,0.814713,0.956562,0.814713,115,0,699
2026/02/05/01:56:28,6890.752461,0.950000,0.810458,0.950000,0.810458,114,0,700
2026/02/05/01:56:29,6891.753339,0.950000,0.810458,0.950000,0.810458,114,0,700
2026/02/05/01:56:30,6892.754259,0.950000,0.810458,0.950000,0.810458,114,0,700
2026/02/05/01:56:31,6893.755177,0.950000,0.810458,0.950000,0.810458,114,0,700
2026/02/05/01:56:32,6894.756052,0.950000,0.810458,0.950000,0.810458,114,0,700
2026/02/05/01:56:33,6895.756797,0.950000,0.810458,0.950000,0.810458,114,0,700
2026/02/05/01:56:34,6896.757550,0.950000,0.810458,0.950000,0.810458,114,0,700
2026/02/05/01:56:35,6897.758263,0.950000,0.810458,0.950000,0.810458,114,0,700
2026/02/05/01:56:36,6898.758988,0.950000,0.810458,0.950000,0.810458,114,0,700
2026/02/05/01:56:37,6899.759906,0.950000,0.810458,0.950000,0.810458,114,0,700
2026/02/05/01:56:38,6900.760916,0.950000,0.810458,0.950000,0.810458,114,0,700
2026/02/05/01:56:39,6901.761653,0.950000,0.810458,0.950000,0.810458,114,0,700
2026/02/05/01:56:40,6902.762497,0.950000,0.810458,0.950000,0.810458,114,0,700
2026/02/05/01:56:41,6903.763189,0.950000,0.810458,0.950000,0.810458,114,0,700
2026/02/05/01:56:42,6904.764002,0.950000,0.810458,0.950000,0.810458,114,0,700
2026/02/05/01:56:43,6905.764868,0.950000,0.810458,0.950000,0.810458,114,0,700
2026/02/05/01:56:44,6906.765836,0.923375,0.773941,0.923375,0.773941,109,0,705
2026/02/05/01:56:45,6907.766732,0.923375,0.773941,0.923375,0.773941,109,0,705
2026/02/05/01:56:46,6908.767401,0.923375,0.773941,0.923375,0.773941,109,0,705
2026/02/05/01:56:47,6909.768251,0.923375,0.773941,0.923375,0.773941,109,0,705
2026/02/05/01:56:48,6910.769110,0.923375,0.773941,0.923375,0.773941,109,0,705
2026/02/05/01:56:49,6911.769954,0.923375,0.773941,0.923375,0.773941,109,0,705
2026/02/05/01:56:50,6912.770865,0.923375,0.773941,0.923375,0.773941,109,0,705
2026/02/05/01:56:51,6913.771789,0.923375,0.773941,0.923375,0.773941,109,0,705
2026/02/05/01:56:52,6914.772515,0.923375,0.773941,0.923375,0.773941,109,0,705
2026/02/05/01:56:53,6915.773291,0.940813,0.785245,0.940813,0.785245,112,0,705
2026/02/05/01:56:54,6916.774144,0.960313,0.824578,1.000250,0.883907,117,6,705
2026/02/05/01:56:55,6917.774881,0.968437,0.833617,1.012438,0.897466,119,7,705
2026/02/05/01:56:56,6918.775659,0.968437,0.833617,0.992750,0.855696,119,4,705
2026/02/05/01:56:57,6919.776504,0.969000,0.825979,0.983375,0.838130,119,2,707
2026/02/05/01:56:58,6920.777310,0.962250,0.818912,0.976625,0.831062,117,2,709
2026/02/05/01:56:59,6921.778023,0.962250,0.818912,0.976625,0.831062,117,2,709
2026/02/05/01:57:00,6922.778851,0.955937,0.810761,0.964437,0.817503,115,1,712
2026/02/05/01:57:01,6923.779586,0.955937,0.810761,0.955937,0.810761,115,0,712
2026/02/05/01:57:02,6924.780505,0.955937,0.810761,0.955937,0.810761,115,0,712
2026/02/05/01:57:03,6925.781291,0.955937,0.810761,0.955937,0.810761,115,0,712
2026/02/05/01:57:04,6926.782138,0.955937,0.810761,0.955937,0.810761,115,0,712
2026/02/05/01:57:05,6927.782945,0.944187,0.799944,0.944187,0.799944,113,0,714
2026/02/05/01:57:06,6928.783804,0.944187,0.799944,0.944187,0.799944,113,0,714
2026/02/05/01:57:07,6929.784480,0.944187,0.799944,0.944187,0.799944,113,0,714
2026/02/05/01:57:08,6930.785228,0.944187,0.799944,0.944187,0.799944,113,0,714
2026/02/05/01:57:09,6931.786144,0.944187,0.799944,0.944187,0.799944,113,0,714
2026/02/05/01:57:10,6932.787061,0.944187,0.799944,0.944187,0.799944,113,0,714
2026/02/05/01:57:11,6933.787850,0.944187,0.799944,0.944187,0.799944,113,0,714
2026/02/05/01:57:12,6934.788627,0.944187,0.799944,0.944187,0.799944,113,0,714
2026/02/05/01:57:13,6935.789737,0.944187,0.799944,1.028188,0.827689,113,3,714
2026/02/05/01:57:14,6936.790710,0.944187,0.799944,1.028188,0.827689,113,3,714
2026/02/05/01:57:15,6937.791534,0.944187,0.799944,1.028188,0.827689,113,3,714
2026/02/05/01:57:16,6938.792255,0.944187,0.799944,1.028188,0.827689,113,3,714
2026/02/05/01:57:17,6939.793115,0.944187,0.799944,1.028188,0.827689,113,3,714
2026/02/05/01:57:18,6940.793826,0.944187,0.799944,1.028188,0.827689,113,3,714
2026/02/05/01:57:19,6941.794552,0.944187,0.799944,1.028188,0.827689,113,3,714
2026/02/05/01:57:20,6942.795313,0.944187,0.799944,1.028188,0.827689,113,3,714
2026/02/05/01:57:21,6943.796083,0.944187,0.799944,1.028188,0.827689,113,3,714
2026/02/05/01:57:22,6944.796897,0.944187,0.799944,1.028188,0.827689,113,3,714
2026/02/05/01:57:23,6945.797721,0.944187,0.799944,1.028188,0.827689,113,3,714
2026/02/05/01:57:24,6946.798624,0.944187,0.799944,1.028188,0.827689,113,3,714
2026/02/05/01:57:25,6947.799595,0.944187,0.799944,1.028188,0.827689,113,3,714
2026/02/05/01:57:26,6948.800564,0.944187,0.799944,1.028188,0.827689,113,3,714
2026/02/05/01:57:27,6949.801309,0.944187,0.799944,1.028188,0.827689,113,3,714
2026/02/05/01:57:28,6950.802192,0.944187,0.799944,0.944187,0.799944,113,0,714
2026/02/05/01:57:29,6951.803026,0.944187,0.799944,0.944187,0.799944,113,0,714
2026/02/05/01:57:30,6952.803897,0.944187,0.799944,0.944187,0.799944,113,0,714
2026/02/05/01:57:31,6953.804658,0.944187,0.799944,0.944187,0.799944,113,0,714
2026/02/05/01:57:32,6954.805269,0.944187,0.799944,0.944187,0.799944,113,0,714
2026/02/05/01:57:33,6955.806078,0.944187,0.799944,0.944187,0.799944,113,0,714
2026/02/05/01:57:34,6956.806825,0.944187,0.799944,0.944187,0.799944,113,0,714
2026/02/05/01:57:35,6957.807525,0.944187,0.799944,0.944187,0.799944,113,0,714
2026/02/05/01:57:36,6958.808400,0.944187,0.799944,0.944187,0.799944,113,0,714
2026/02/05/01:57:37,6959.809225,0.944187,0.799944,0.944187,0.799944,113,0,714
2026/02/05/01:57:38,6960.809992,0.944187,0.799944,0.944187,0.799944,113,0,714
2026/02/05/01:57:39,6961.810696,0.944187,0.799944,0.944187,0.799944,113,0,714
2026/02/05/01:57:40,6962.811461,0.944187,0.799944,0.944187,0.799944,113,0,714
2026/02/05/01:57:41,6963.812368,0.944187,0.799944,0.944187,0.799944,113,0,714
2026/02/05/01:57:42,6964.813108,0.944187,0.799944,0.944187,0.799944,113,0,714
2026/02/05/01:57:43,6965.813865,0.944187,0.799944,0.944187,0.799944,113,0,714
2026/02/05/01:57:44,6966.814613,0.944187,0.799944,0.944187,0.799944,113,0,714
2026/02/05/01:57:45,6967.815431,0.944187,0.799944,0.944187,0.799944,113,0,714
2026/02/05/01:57:46,6968.816314,0.944187,0.799944,0.944187,0.799944,113,0,714
2026/02/05/01:57:47,6969.817034,0.960375,0.829950,0.968625,0.854296,117,2,714
2026/02/05/01:57:48,6970.818003,0.960375,0.829950,0.968625,0.854296,117,2,714
2026/02/05/01:57:49,6971.818837,0.960375,0.829950,0.968625,0.854296,117,2,714
2026/02/05/01:57:50,6972.819560,0.959875,0.846171,0.959875,0.846171,117,0,716
2026/02/05/01:57:51,6973.820415,0.959875,0.846171,0.959875,0.846171,117,0,716
2026/02/05/01:57:52,6974.820941,0.956562,0.836464,0.956562,0.836464,116,0,717
2026/02/05/01:57:53,6975.821612,0.944187,0.799944,0.944187,0.799944,113,0,720
2026/02/05/01:57:54,6976.822351,0.925625,0.776821,0.925625,0.776821,110,0,723
2026/02/05/01:57:55,6977.824382,0.925625,0.776821,0.925625,0.776821,110,0,723
2026/02/05/01:57:56,6978.825068,0.937625,0.821734,0.981625,0.870458,113,4,723
2026/02/05/01:57:57,6979.825683,0.937625,0.821734,0.981625,0.870458,113,4,723
2026/02/05/01:57:58,6980.826435,0.937625,0.821734,0.981625,0.870458,113,4,723
2026/02/05/01:57:59,6981.827330,0.937625,0.821734,0.981625,0.870458,113,4,723
2026/02/05/01:58:00,6982.828046,0.925625,0.776821,0.969625,0.825545,110,4,726
2026/02/05/01:58:01,6983.828791,0.925625,0.776821,0.969625,0.825545,110,4,726
2026/02/05/01:58:02,6984.829600,0.925625,0.776821,0.969625,0.825545,110,4,726
2026/02/05/01:58:03,6985.830374,0.925625,0.776821,0.969625,0.825545,110,4,726
2026/02/05/01:58:04,6986.830990,0.925625,0.776821,0.969625,0.825545,110,4,726
2026/02/05/01:58:05,6987.831733,0.925625,0.776821,0.969625,0.825545,110,4,726
2026/02/05/01:58:06,6988.832587,0.925625,0.776821,0.969625,0.825545,110,4,726
2026/02/05/01:58:07,6989.833287,0.925625,0.776821,0.969625,0.825545,110,4,726
2026/02/05/01:58:08,6990.833998,0.925625,0.776821,0.969625,0.825545,110,4,726
2026/02/05/01:58:09,6991.834682,0.925625,0.776821,0.969625,0.825545,110,4,726
2026/02/05/01:58:10,6992.835448,0.925625,0.776821,0.969625,0.825545,110,4,726
2026/02/05/01:58:11,6993.836242,0.925625,0.776821,0.969625,0.825545,110,4,726
2026/02/05/01:58:12,6994.934041,0.925625,0.776821,0.969625,0.825545,110,4,726
2026/02/05/01:58:13,6995.934763,0.925625,0.776821,0.969625,0.825545,110,4,726
2026/02/05/01:58:14,6996.934825,0.925625,0.776821,0.969625,0.825545,110,4,726
2026/02/05/01:58:16,6998.600121,0.925625,0.776821,0.969625,0.825545,110,4,726
2026/02/05/01:58:17,6999.600930,0.969625,0.825545,0.969625,0.825545,114,0,730
2026/02/05/01:58:18,7000.601760,0.969625,0.825545,0.969625,0.825545,114,0,730
2026/02/05/01:58:19,7001.602486,0.969625,0.825545,0.969625,0.825545,114,0,730
2026/02/05/01:58:20,7002.603352,0.969625,0.825545,0.969625,0.825545,114,0,730
2026/02/05/01:58:21,7003.604038,0.969625,0.825545,0.969625,0.825545,114,0,730
2026/02/05/01:58:22,7004.604843,0.969625,0.825545,0.969625,0.825545,114,0,730
2026/02/05/01:58:23,7005.605397,0.969625,0.825545,0.969625,0.825545,114,0,730
2026/02/05/01:58:24,7006.606191,0.969625,0.825545,0.969625,0.825545,114,0,730
2026/02/05/01:58:25,7007.607054,0.969625,0.825545,0.969625,0.825545,114,0,730
2026/02/05/01:58:26,7008.607833,0.945000,0.793187,0.945000,0.793187,112,0,732
2026/02/05/01:58:27,7009.608708,0.945000,0.793187,0.945000,0.793187,112,0,732
2026/02/05/01:58:28,7010.609797,0.945000,0.793187,0.945000,0.793187,112,0,732
2026/02/05/01:58:29,7011.610553,0.945000,0.793187,0.945000,0.793187,112,0,732
2026/02/05/01:58:30,7012.611184,0.945000,0.793187,0.945000,0.793187,112,0,732
2026/02/05/01:58:31,7013.611983,0.945000,0.793187,0.945000,0.793187,112,0,732
2026/02/05/01:58:32,7014.612805,0.945000,0.793187,0.945000,0.793187,112,0,732
2026/02/05/01:58:33,7015.613477,0.945000,0.793187,0.945000,0.793187,112,0,732
2026/02/05/01:58:34,7016.614164,0.945000,0.793187,0.945000,0.793187,112,0,732
2026/02/05/01:58:35,7017.615024,0.945000,0.793187,0.945000,0.793187,112,0,732
2026/02/05/01:58:36,7018.615835,0.945000,0.793187,0.945000,0.793187,112,0,732
2026/02/05/01:58:37,7019.616635,0.945000,0.793187,0.945000,0.793187,112,0,732
2026/02/05/01:58:38,7020.617330,0.945000,0.793187,0.945000,0.793187,112,0,732
2026/02/05/01:58:39,7021.618195,0.945000,0.793187,0.945000,0.793187,112,0,732
2026/02/05/01:58:40,7022.618976,0.945000,0.793187,0.945000,0.793187,112,0,732
2026/02/05/01:58:41,7023.619905,0.945000,0.793187,0.945000,0.793187,112,0,732
2026/02/05/01:58:42,7024.620682,0.945000,0.793187,0.945000,0.793187,112,0,732
2026/02/05/01:58:43,7025.621578,0.945000,0.793187,0.945000,0.793187,112,0,732
2026/02/05/01:58:44,7026.622313,0.945000,0.793187,0.945000,0.793187,112,0,732
2026/02/05/01:58:45,7027.623216,0.945000,0.793187,0.945000,0.793187,112,0,732
2026/02/05/01:58:46,7028.623950,0.945000,0.793187,0.945000,0.793187,112,0,732
2026/02/05/01:58:47,7029.624623,0.945000,0.793187,0.945000,0.793187,112,0,732
2026/02/05/01:58:48,7030.625528,0.945000,0.793187,0.945000,0.793187,112,0,732
2026/02/05/01:58:49,7031.626271,0.938750,0.775824,0.938750,0.775824,111,0,733
2026/02/05/01:58:50,7032.627072,0.938750,0.775824,0.938750,0.775824,111,0,733
2026/02/05/01:58:51,7033.627991,0.938750,0.775824,0.938750,0.775824,111,0,733
2026/02/05/01:58:52,7034.628860,0.938750,0.775824,0.938750,0.775824,111,0,733
2026/02/05/01:58:53,7035.629499,0.938750,0.775824,0.938750,0.775824,111,0,733
2026/02/05/01:58:54,7036.630316,0.938750,0.775824,0.938750,0.775824,111,0,733
2026/02/05/01:58:55,7037.631255,0.938750,0.775824,0.938750,0.775824,111,0,733
2026/02/05/01:58:56,7038.631879,0.938750,0.775824,0.938750,0.775824,111,0,733
2026/02/05/01:58:57,7039.632707,0.938750,0.775824,0.938750,0.775824,111,0,733
2026/02/05/01:58:58,7040.633646,0.938750,0.775824,0.938750,0.775824,111,0,733
2026/02/05/01:58:59,7041.634453,0.938750,0.775824,0.938750,0.775824,111,0,733
2026/02/05/01:59:00,7042.635516,0.938750,0.775824,0.938750,0.775824,111,0,733
2026/02/05/01:59:01,7043.636178,0.938750,0.775824,0.938750,0.775824,111,0,733
2026/02/05/01:59:02,7044.637047,0.938750,0.775824,0.938750,0.775824,111,0,733
2026/02/05/01:59:03,7045.637991,0.938750,0.775824,0.938750,0.775824,111,0,733
2026/02/05/01:59:04,7046.638751,0.938750,0.775824,0.938750,0.775824,111,0,733
2026/02/05/01:59:05,7047.639734,0.938750,0.775824,0.938750,0.775824,111,0,733
2026/02/05/01:59:06,7048.640505,0.938750,0.775824,0.938750,0.775824,111,0,733
2026/02/05/01:59:07,7049.641366,0.938750,0.775824,0.938750,0.775824,111,0,733
2026/02/05/01:59:08,7050.642279,0.938750,0.775824,0.938750,0.775824,111,0,733
2026/02/05/01:59:09,7051.643103,0.938750,0.775824,0.938750,0.775824,111,0,733
2026/02/05/01:59:10,7052.643994,0.938750,0.775824,0.938750,0.775824,111,0,733
2026/02/05/01:59:11,7053.644803,0.938750,0.775824,0.938750,0.775824,111,0,733
2026/02/05/01:59:12,7054.645630,0.938750,0.775824,0.938750,0.775824,111,0,733
2026/02/05/01:59:13,7055.646507,0.938750,0.775824,0.938750,0.775824,111,0,733
2026/02/05/01:59:14,7056.647290,0.938750,0.775824,0.938750,0.775824,111,0,733
2026/02/05/01:59:15,7057.648093,0.938750,0.775824,0.938750,0.775824,111,0,733
2026/02/05/01:59:16,7058.650143,0.938750,0.775824,0.938750,0.775824,111,0,733
2026/02/05/01:59:17,7059.651083,0.938750,0.775824,0.938750,0.775824,111,0,733
2026/02/05/01:59:18,7060.652012,0.938750,0.775824,0.938750,0.775824,111,0,733
2026/02/05/01:59:19,7061.652882,0.938750,0.775824,0.938750,0.775824,111,0,733
2026/02/05/01:59:20,7062.653522,0.938750,0.775824,0.938750,0.775824,111,0,733
2026/02/05/01:59:21,7063.654457,0.938750,0.775824,0.938750,0.775824,111,0,733
2026/02/05/01:59:22,7064.655224,0.938750,0.775824,0.938750,0.775824,111,0,733
2026/02/05/01:59:23,7065.655843,0.938750,0.775824,0.938750,0.775824,111,0,733
2026/02/05/01:59:24,7066.656666,0.938750,0.775824,0.938750,0.775824,111,0,733
2026/02/05/01:59:25,7067.657420,0.938750,0.775824,0.938750,0.775824,111,0,733
2026/02/05/01:59:26,7068.658424,0.938750,0.775824,0.938750,0.775824,111,0,733
2026/02/05/01:59:27,7069.659279,0.938750,0.775824,0.938750,0.775824,111,0,733
2026/02/05/01:59:28,7070.660101,0.938750,0.775824,0.938750,0.775824,111,0,733
2026/02/05/01:59:29,7071.661120,0.938750,0.775824,0.938750,0.775824,111,0,733
2026/02/05/01:59:30,7072.661935,0.938750,0.775824,0.938750,0.775824,111,0,733
2026/02/05/01:59:31,7073.663532,0.938750,0.775824,0.938750,0.775824,111,0,733
2026/02/05/01:59:32,7074.664335,0.938750,0.775824,0.938750,0.775824,111,0,733
2026/02/05/01:59:33,7075.665331,0.938750,0.775824,0.938750,0.775824,111,0,733
2026/02/05/01:59:34,7076.666015,0.938750,0.775824,0.938750,0.775824,111,0,733
2026/02/05/01:59:35,7077.666940,0.938750,0.775824,0.938750,0.775824,111,0,733
2026/02/05/01:59:36,7078.667835,0.938750,0.775824,0.938750,0.775824,111,0,733
2026/02/05/01:59:37,7079.668801,0.938750,0.775824,0.938750,0.775824,111,0,733
2026/02/05/01:59:38,7080.669640,0.938750,0.775824,0.938750,0.775824,111,0,733
2026/02/05/01:59:39,7081.670788,0.938750,0.775824,0.938750,0.775824,111,0,733
2026/02/05/01:59:40,7082.671587,0.938750,0.775824,0.938750,0.775824,111,0,733
2026/02/05/01:59:41,7083.672492,0.938750,0.775824,0.938750,0.775824,111,0,733
2026/02/05/01:59:42,7084.673464,0.938750,0.775824,0.938750,0.775824,111,0,733
2026/02/05/01:59:43,7085.674251,0.938750,0.775824,0.938750,0.775824,111,0,733
2026/02/05/01:59:44,7086.674989,0.938750,0.775824,0.938750,0.775824,111,0,733
2026/02/05/01:59:45,7087.675730,0.938750,0.775824,0.938750,0.775824,111,0,733
2026/02/05/01:59:46,7088.676601,0.938750,0.775824,0.938750,0.775824,111,0,733
2026/02/05/01:59:47,7089.677490,0.938750,0.775824,0.938750,0.775824,111,0,733
2026/02/05/01:59:48,7090.678271,0.938750,0.775824,0.938750,0.775824,111,0,733
2026/02/05/01:59:49,7091.678948,0.938750,0.775824,0.938750,0.775824,111,0,733
2026/02/05/01:59:50,7092.679727,0.938750,0.775824,0.938750,0.775824,111,0,733
2026/02/05/01:59:51,7093.680563,0.938750,0.775824,0.938750,0.775824,111,0,733
2026/02/05/01:59:52,7094.681312,0.938750,0.775824,0.938750,0.775824,111,0,733
2026/02/05/01:59:53,7095.681964,0.938750,0.775824,0.938750,0.775824,111,0,733
2026/02/05/01:59:54,7096.683096,0.938750,0.775824,0.938750,0.775824,111,0,733
2026/02/05/01:59:55,7097.683810,0.938750,0.775824,0.938750,0.775824,111,0,733
2026/02/05/01:59:56,7098.684712,0.938750,0.775824,0.938750,0.775824,111,0,733
2026/02/05/01:59:57,7099.685442,0.938750,0.775824,0.938750,0.775824,111,0,733
2026/02/05/01:59:58,7100.686198,0.938750,0.775824,0.938750,0.775824,111,0,733
2026/02/05/01:59:59,7101.686858,0.935375,0.761125,0.935375,0.761125,110,0,734
2026/02/05/02:00:00,7102.687713,0.935375,0.761125,0.935375,0.761125,110,0,734
2026/02/05/02:00:01,7103.688573,0.935375,0.761125,0.935375,0.761125,110,0,734
2026/02/05/02:00:02,7104.689307,0.935375,0.761125,0.935375,0.761125,110,0,734
2026/02/05/02:00:03,7105.690103,0.935375,0.761125,0.935375,0.761125,110,0,734
2026/02/05/02:00:04,7106.690924,0.935375,0.761125,0.935375,0.761125,110,0,734
2026/02/05/02:00:05,7107.691700,0.935375,0.761125,0.935375,0.761125,110,0,734
2026/02/05/02:00:06,7108.692533,0.935375,0.761125,0.935375,0.761125,110,0,734
2026/02/05/02:00:07,7109.693264,0.935375,0.761125,0.935375,0.761125,110,0,734
2026/02/05/02:00:08,7110.693956,0.935375,0.761125,0.935375,0.761125,110,0,734
2026/02/05/02:00:09,7111.694746,0.935375,0.761125,0.935375,0.761125,110,0,734
2026/02/05/02:00:10,7112.695487,0.935375,0.761125,0.935375,0.761125,110,0,734
2026/02/05/02:00:11,7113.696394,0.935375,0.761125,0.935375,0.761125,110,0,734
2026/02/05/02:00:12,7114.697271,0.935375,0.761125,0.935375,0.761125,110,0,734
2026/02/05/02:00:13,7115.698208,0.935375,0.761125,0.935375,0.761125,110,0,734
2026/02/05/02:00:14,7116.699052,0.935375,0.761125,0.935375,0.761125,110,0,734
2026/02/05/02:00:15,7117.699735,0.935375,0.761125,0.935375,0.761125,110,0,734
2026/02/05/02:00:16,7118.700579,0.935375,0.761125,0.935375,0.761125,110,0,734
2026/02/05/02:00:17,7119.701371,0.935375,0.761125,0.935375,0.761125,110,0,734
2026/02/05/02:00:18,7120.702267,0.935375,0.761125,0.935375,0.761125,110,0,734
2026/02/05/02:00:19,7121.703662,0.935375,0.761125,0.935375,0.761125,110,0,734
2026/02/05/02:00:20,7122.705501,0.935375,0.761125,0.935375,0.761125,110,0,734
2026/02/05/02:00:21,7123.706263,0.917937,0.749821,0.917937,0.749821,107,0,737
2026/02/05/02:00:22,7124.707151,0.917937,0.749821,0.917937,0.749821,107,0,737
2026/02/05/02:00:23,7125.707719,0.917937,0.749821,0.917937,0.749821,107,0,737
2026/02/05/02:00:24,7126.708545,0.917937,0.749821,0.917937,0.749821,107,0,737
2026/02/05/02:00:25,7127.709267,0.917937,0.749821,0.917937,0.749821,107,0,737
2026/02/05/02:00:26,7128.710071,0.917937,0.749821,0.917937,0.749821,107,0,737
2026/02/05/02:00:27,7129.710825,0.917937,0.749821,0.917937,0.749821,107,0,737
2026/02/05/02:00:28,7130.711596,0.917937,0.749821,0.917937,0.749821,107,0,737
2026/02/05/02:00:29,7131.712333,0.917937,0.749821,0.917937,0.749821,107,0,737
2026/02/05/02:00:30,7132.713088,0.917937,0.749821,0.917937,0.749821,107,0,737
2026/02/05/02:00:31,7133.713988,0.917937,0.749821,0.917937,0.749821,107,0,737
2026/02/05/02:00:32,7134.714821,0.917937,0.749821,0.917937,0.749821,107,0,737
2026/02/05/02:00:33,7135.715596,0.917937,0.749821,0.917937,0.749821,107,0,737
2026/02/05/02:00:34,7136.716391,0.917937,0.749821,0.917937,0.749821,107,0,737
2026/02/05/02:00:35,7137.717087,0.917937,0.749821,0.917937,0.749821,107,0,737
2026/02/05/02:00:36,7138.718108,0.917937,0.749821,0.917937,0.749821,107,0,737
2026/02/05/02:00:37,7139.718841,0.909813,0.741587,0.909813,0.741587,105,0,739
2026/02/05/02:00:38,7140.719526,0.909813,0.741587,0.909813,0.741587,105,0,739
2026/02/05/02:00:39,7141.720402,0.909813,0.741587,0.909813,0.741587,105,0,739
2026/02/05/02:00:40,7142.721123,0.924250,0.756767,0.924250,0.756767,108,0,739
2026/02/05/02:00:41,7143.721859,0.924250,0.756767,0.924250,0.756767,108,0,739
2026/02/05/02:00:42,7144.722601,0.924250,0.756767,0.924250,0.756767,108,0,739
2026/02/05/02:00:43,7145.723258,0.924250,0.756767,0.924250,0.756767,108,0,739
2026/02/05/02:00:44,7146.724045,0.924250,0.756767,0.924250,0.756767,108,0,739
2026/02/05/02:00:45,7147.724971,0.924250,0.756767,0.924250,0.756767,108,0,739
2026/02/05/02:00:46,7148.725679,0.924250,0.756767,0.924250,0.756767,108,0,739
2026/02/05/02:00:47,7149.726530,0.924250,0.756767,0.924250,0.756767,108,0,739
2026/02/05/02:00:48,7150.727203,0.920438,0.753398,0.920438,0.753398,107,0,740
2026/02/05/02:00:49,7151.727934,0.920438,0.753398,0.920438,0.753398,107,0,740
2026/02/05/02:00:50,7152.728911,0.920438,0.753398,0.920438,0.753398,107,0,740
2026/02/05/02:00:51,7153.729662,0.920438,0.753398,0.920438,0.753398,107,0,740
2026/02/05/02:00:52,7154.730699,0.920438,0.753398,0.920438,0.753398,107,0,740
2026/02/05/02:00:53,7155.731340,0.920438,0.753398,0.920438,0.753398,107,0,740
2026/02/05/02:00:54,7156.732218,0.920438,0.753398,0.920438,0.753398,107,0,740
2026/02/05/02:00:55,7157.733332,0.920438,0.753398,0.920438,0.753398,107,0,740
2026/02/05/02:00:56,7158.734435,0.920438,0.753398,0.920438,0.753398,107,0,740
2026/02/05/02:00:57,7159.735643,0.920438,0.753398,0.920438,0.753398,107,0,740
2026/02/05/02:00:58,7160.736686,0.920438,0.753398,0.920438,0.753398,107,0,740
2026/02/05/02:00:59,7161.737696,0.920438,0.753398,0.920438,0.753398,107,0,740
2026/02/05/02:01:00,7162.738654,0.920438,0.753398,0.920438,0.753398,107,0,740
2026/02/05/02:01:01,7163.739614,0.920438,0.753398,0.920438,0.753398,107,0,740
2026/02/05/02:01:02,7164.740627,0.920438,0.753398,0.920438,0.753398,107,0,740
2026/02/05/02:01:03,7165.741493,0.920438,0.753398,0.920438,0.753398,107,0,740
2026/02/05/02:01:04,7166.742601,0.920438,0.753398,0.920438,0.753398,107,0,740
2026/02/05/02:01:05,7167.743601,0.920438,0.753398,0.920438,0.753398,107,0,740
2026/02/05/02:01:06,7168.744661,0.920438,0.753398,0.920438,0.753398,107,0,740
2026/02/05/02:01:07,7169.745631,0.920438,0.753398,0.920438,0.753398,107,0,740
2026/02/05/02:01:08,7170.746791,0.920438,0.753398,0.920438,0.753398,107,0,740
2026/02/05/02:01:09,7171.747924,0.920438,0.753398,0.920438,0.753398,107,0,740
2026/02/05/02:01:10,7172.748718,0.913000,0.737565,0.913000,0.737565,106,0,741
2026/02/05/02:01:11,7173.749681,0.913000,0.737565,0.913000,0.737565,106,0,741
2026/02/05/02:01:12,7174.750662,0.913000,0.737565,0.913000,0.737565,106,0,741
2026/02/05/02:01:13,7175.751493,0.913000,0.737565,0.913000,0.737565,106,0,741
2026/02/05/02:01:14,7176.752400,0.913000,0.737565,0.913000,0.737565,106,0,741
2026/02/05/02:01:15,7177.753273,0.913000,0.737565,0.913000,0.737565,106,0,741
2026/02/05/02:01:16,7178.754289,0.913000,0.737565,0.913000,0.737565,106,0,741
2026/02/05/02:01:17,7179.755156,0.913000,0.737565,0.913000,0.737565,106,0,741
2026/02/05/02:01:18,7180.756248,0.913000,0.737565,0.913000,0.737565,106,0,741
2026/02/05/02:01:19,7181.757284,0.913000,0.737565,0.913000,0.737565,106,0,741
2026/02/05/02:01:20,7182.758188,0.913000,0.737565,0.913000,0.737565,106,0,741
2026/02/05/02:01:21,7183.759324,0.913000,0.737565,0.913000,0.737565,106,0,741
2026/02/05/02:01:22,7184.760457,0.913000,0.737565,0.913000,0.737565,106,0,741
2026/02/05/02:01:23,7185.770801,0.913000,0.737565,0.913000,0.737565,106,0,741
2026/02/05/02:01:24,7186.773352,0.913000,0.737565,0.913000,0.737565,106,0,741
2026/02/05/02:01:25,7187.774277,0.913000,0.737565,0.913000,0.737565,106,0,741
2026/02/05/02:01:26,7188.775013,0.913000,0.737565,0.913000,0.737565,106,0,741
2026/02/05/02:01:27,7189.775989,0.913000,0.737565,0.913000,0.737565,106,0,741
2026/02/05/02:01:28,7190.776812,0.913000,0.737565,0.913000,0.737565,106,0,741
2026/02/05/02:01:29,7191.777627,0.913000,0.737565,0.913000,0.737565,106,0,741
2026/02/05/02:01:30,7192.778758,0.913000,0.737565,0.913000,0.737565,106,0,741
2026/02/05/02:01:31,7193.779918,0.913000,0.737565,0.913000,0.737565,106,0,741
2026/02/05/02:01:32,7194.780909,0.913000,0.737565,0.913000,0.737565,106,0,741
2026/02/05/02:01:33,7195.781653,0.913000,0.737565,0.913000,0.737565,106,0,741
2026/02/05/02:01:34,7196.782537,0.913000,0.737565,0.913000,0.737565,106,0,741
2026/02/05/02:01:35,7197.783343,0.913000,0.737565,0.913000,0.737565,106,0,741
2026/02/05/02:01:36,7198.784230,0.913000,0.737565,0.913000,0.737565,106,0,741
2026/02/05/02:01:37,7199.785115,0.913000,0.737565,0.913000,0.737565,106,0,741
2026/02/05/02:01:38,7200.785937,0.913000,0.737565,0.913000,0.737565,106,0,741
2026/02/05/02:01:39,7201.786797,0.913000,0.737565,0.913000,0.737565,106,0,741
