timestamp,time_s,cpu_run_util,mem_run_util,cpu_req_util,mem_req_util,running_p1,running_p2,running_p3,running_p4,unsched_p1,unsched_p2,unsched_p3,unsched_p4,deletions_cum_p1,deletions_cum_p2,deletions_cum_p3,deletions_cum_p4
2026/02/05/14:22:55,3.523556,0.182000,0.194372,0.182000,0.194372,23,11,8,2,0,0,0,0,0,0,0,0
2026/02/05/14:22:56,4.524415,0.234813,0.231226,0.234813,0.231226,25,13,12,4,0,0,0,0,0,0,0,0
2026/02/05/14:22:57,5.525259,0.261031,0.261148,0.261031,0.261148,27,14,15,6,0,0,0,0,0,0,0,0
2026/02/05/14:22:58,6.526273,0.316000,0.313671,0.316000,0.313671,32,15,15,9,0,0,0,0,0,0,0,0
2026/02/05/14:22:59,7.527152,0.372250,0.342718,0.372250,0.342718,36,19,15,10,0,0,0,0,0,0,0,0
2026/02/05/14:23:00,8.527975,0.434531,0.364419,0.442719,0.367326,38,19,18,16,0,1,0,0,0,0,0,0
2026/02/05/14:23:01,9.528792,0.505906,0.431371,0.505906,0.431371,39,25,19,19,0,0,0,0,0,0,0,0
2026/02/05/14:23:02,10.529572,0.524219,0.450714,0.524219,0.450714,41,27,19,21,0,0,0,0,0,0,0,0
2026/02/05/14:23:03,11.530241,0.546312,0.481835,0.546312,0.481835,45,27,22,24,0,0,0,0,0,0,0,0
2026/02/05/14:23:04,12.530981,0.606281,0.511472,0.606281,0.511472,47,32,25,25,0,0,0,0,0,0,0,0
2026/02/05/14:23:05,13.531554,0.641219,0.547635,0.687250,0.558023,53,32,25,28,0,3,0,0,0,0,0,0
2026/02/05/14:23:06,14.532271,0.662500,0.579685,0.708531,0.590073,55,33,29,31,0,3,0,0,0,0,0,0
2026/02/05/14:23:07,15.532939,0.696625,0.642279,0.747062,0.654700,59,36,29,34,0,3,1,0,0,0,0,0
2026/02/05/14:23:08,16.533553,0.727500,0.662638,0.809531,0.680332,61,38,33,34,0,3,0,3,0,0,0,0
2026/02/05/14:23:09,17.534217,0.773094,0.721098,0.855125,0.738792,67,40,34,36,0,3,0,3,0,0,0,0
2026/02/05/14:23:10,18.534817,0.793469,0.738067,0.885813,0.757545,69,41,35,37,1,3,0,3,0,0,0,0
2026/02/05/14:23:11,19.535431,0.812562,0.753419,0.915219,0.774679,69,48,35,37,2,3,0,3,0,0,0,0
2026/02/05/14:23:12,20.535998,0.812562,0.753419,0.915219,0.774679,69,48,35,37,2,3,0,3,0,0,0,0
2026/02/05/14:23:13,21.536871,0.812562,0.753419,0.915219,0.774679,69,48,35,37,2,3,0,3,0,0,0,0
2026/02/05/14:23:14,22.537736,0.814406,0.758649,0.917063,0.779909,69,49,35,37,2,3,0,3,0,0,0,0
2026/02/05/14:23:15,23.538319,0.817844,0.763933,0.920500,0.785193,69,49,36,37,2,3,0,3,0,0,0,0
2026/02/05/14:23:16,24.538960,0.813594,0.765308,0.916250,0.786568,69,47,37,37,2,3,0,3,0,2,0,0
2026/02/05/14:23:17,25.539555,0.808813,0.759109,0.911469,0.780370,69,44,37,37,2,3,0,3,0,5,0,0
2026/02/05/14:23:18,26.540124,0.814094,0.765913,0.916750,0.787174,71,45,37,37,2,3,0,3,0,5,0,0
2026/02/05/14:23:19,27.541070,0.814094,0.765913,0.916750,0.787174,71,45,37,37,2,3,0,3,0,5,0,0
2026/02/05/14:23:20,28.541734,0.814094,0.765913,0.916750,0.787174,71,45,37,37,2,3,0,3,0,5,0,0
2026/02/05/14:23:21,29.542375,0.814094,0.765913,0.916750,0.787174,71,45,37,37,2,3,0,3,0,5,0,0
2026/02/05/14:23:22,30.543029,0.814094,0.765913,0.916750,0.787174,71,45,37,37,2,3,0,3,0,5,0,0
2026/02/05/14:23:23,31.543694,0.814094,0.765913,0.916750,0.787174,71,45,37,37,2,3,0,3,0,5,0,0
2026/02/05/14:23:24,32.544281,0.810844,0.761531,0.913500,0.782792,69,45,37,37,2,3,0,3,2,5,0,0
2026/02/05/14:23:25,33.544826,0.845156,0.786106,0.973812,0.810966,73,51,37,37,2,3,0,5,2,5,0,0
2026/02/05/14:23:26,34.545425,0.835219,0.778240,0.963875,0.803099,73,48,37,37,2,3,0,5,2,8,0,0
2026/02/05/14:23:27,35.546009,0.835219,0.778240,0.963875,0.803099,73,48,37,37,2,3,0,5,2,8,0,0
2026/02/05/14:23:28,36.546856,0.835219,0.778240,0.963875,0.803099,73,48,37,37,2,3,0,5,2,8,0,0
2026/02/05/14:23:29,37.547562,0.826187,0.762847,0.954844,0.787707,71,45,37,37,2,3,0,5,4,11,0,0
2026/02/05/14:23:30,38.548320,0.822000,0.759353,0.950656,0.784213,69,45,37,37,2,3,0,5,6,11,0,0
2026/02/05/14:23:31,39.548974,0.822000,0.759353,0.950656,0.784213,69,45,37,37,2,3,0,5,6,11,0,0
2026/02/05/14:23:32,40.549656,0.822000,0.759353,0.930031,0.780646,69,45,37,37,0,3,0,5,6,11,0,0
2026/02/05/14:23:33,41.550484,0.822000,0.759353,0.930031,0.780646,69,45,37,37,0,3,0,5,6,11,0,0
2026/02/05/14:23:34,42.551333,0.822000,0.759353,0.930031,0.780646,69,45,37,37,0,3,0,5,6,11,0,0
2026/02/05/14:23:35,43.551962,0.796500,0.748442,0.904531,0.769735,69,42,36,37,0,3,0,5,6,14,1,0
2026/02/05/14:23:36,44.552598,0.796500,0.748442,0.904531,0.769735,69,42,36,37,0,3,0,5,6,14,1,0
2026/02/05/14:23:37,45.553116,0.796500,0.748442,0.904531,0.769735,69,42,36,37,0,3,0,5,6,14,1,0
2026/02/05/14:23:38,46.553732,0.796500,0.748442,0.904531,0.769735,69,42,36,37,0,3,0,5,6,14,1,0
2026/02/05/14:23:39,47.554333,0.796500,0.748442,0.904531,0.769735,69,42,36,37,0,3,0,5,6,14,1,0
2026/02/05/14:23:40,48.554994,0.801188,0.759329,0.909219,0.780622,72,42,36,37,0,3,0,5,6,14,1,0
2026/02/05/14:23:41,49.555750,0.801188,0.759329,0.909219,0.780622,72,42,36,37,0,3,0,5,6,14,1,0
2026/02/05/14:23:42,50.556486,0.801188,0.759329,0.909219,0.780622,72,42,36,37,0,3,0,5,6,14,1,0
2026/02/05/14:23:43,51.557262,0.801188,0.759329,0.909219,0.780622,72,42,36,37,0,3,0,5,6,14,1,0
2026/02/05/14:23:44,52.557924,0.801188,0.759329,0.909219,0.780622,72,42,36,37,0,3,0,5,6,14,1,0
2026/02/05/14:23:45,53.558787,0.801188,0.759329,0.909219,0.780622,72,42,36,37,0,3,0,5,6,14,1,0
2026/02/05/14:23:46,54.559501,0.796500,0.748442,0.904531,0.769735,69,42,36,37,0,3,0,5,9,14,1,0
2026/02/05/14:23:47,55.560216,0.796500,0.748442,0.904531,0.769735,69,42,36,37,0,3,0,5,9,14,1,0
2026/02/05/14:23:48,56.561111,0.796500,0.748442,0.904531,0.769735,69,42,36,37,0,3,0,5,9,14,1,0
2026/02/05/14:23:49,57.561743,0.796500,0.748442,0.904531,0.769735,69,42,36,37,0,3,0,5,9,14,1,0
2026/02/05/14:23:50,58.562324,0.796500,0.748442,0.904531,0.769735,69,42,36,37,0,3,0,5,9,14,1,0
2026/02/05/14:23:51,59.563152,0.796500,0.748442,0.904531,0.769735,69,42,36,37,0,3,0,5,9,14,1,0
2026/02/05/14:23:52,60.563958,0.796500,0.748442,0.918312,0.771576,69,42,36,37,0,3,0,6,9,14,1,0
2026/02/05/14:23:53,61.564793,0.796500,0.748442,0.918312,0.771576,69,42,36,37,0,3,0,6,9,14,1,0
2026/02/05/14:23:54,62.565524,0.806312,0.757378,0.928125,0.780512,71,42,36,38,0,3,0,6,9,14,1,0
2026/02/05/14:23:55,63.566236,0.806312,0.757378,0.928125,0.780512,71,42,36,38,0,3,0,6,9,14,1,0
2026/02/05/14:23:56,64.566801,0.806312,0.757378,0.914344,0.778672,71,42,36,38,0,3,0,5,9,14,1,0
2026/02/05/14:23:57,65.567655,0.803875,0.755224,0.911906,0.776518,70,42,36,38,0,3,0,5,10,14,1,0
2026/02/05/14:23:58,66.568822,0.803875,0.755224,0.911906,0.776518,70,42,36,38,0,3,0,5,10,14,1,0
2026/02/05/14:23:59,67.569574,0.857563,0.790288,0.965594,0.811582,73,44,37,41,0,3,0,5,10,14,1,0
2026/02/05/14:24:00,68.570453,0.857563,0.790288,0.965594,0.811582,73,44,37,41,0,3,0,5,10,14,1,0
2026/02/05/14:24:01,69.571074,0.852500,0.780554,0.960531,0.801847,73,43,37,40,0,3,0,5,10,15,1,1
2026/02/05/14:24:02,70.571679,0.852500,0.780554,0.960531,0.801847,73,43,37,40,0,3,0,5,10,15,1,1
2026/02/05/14:24:03,71.572245,0.852500,0.780554,0.960531,0.801847,73,43,37,40,0,3,0,5,10,15,1,1
2026/02/05/14:24:04,72.572774,0.848594,0.778934,0.956625,0.800227,73,43,36,40,0,3,0,5,10,15,2,1
2026/02/05/14:24:05,73.573602,0.833969,0.769344,0.942000,0.790638,73,43,36,37,0,3,0,5,10,15,2,4
2026/02/05/14:24:06,74.574264,0.835750,0.774407,0.943781,0.795700,73,44,36,37,0,3,0,5,10,15,2,4
2026/02/05/14:24:07,75.574869,0.839656,0.776456,0.947688,0.797749,74,44,36,37,0,3,0,5,10,15,2,4
2026/02/05/14:24:08,76.575566,0.825594,0.770379,0.933625,0.791672,74,42,36,37,0,3,0,5,10,17,2,4
2026/02/05/14:24:09,77.585134,0.825594,0.770379,0.933625,0.791672,74,42,36,37,0,3,0,5,10,17,2,4
2026/02/05/14:24:10,78.585725,0.825594,0.770379,0.933625,0.791672,74,42,36,37,0,3,0,5,10,17,2,4
2026/02/05/14:24:11,79.586251,0.823812,0.765316,0.931844,0.786609,74,41,36,37,0,3,0,5,10,18,2,4
2026/02/05/14:24:12,80.586375,0.829438,0.769352,0.937469,0.790645,74,41,36,38,0,3,0,5,10,18,2,4
2026/02/05/14:24:15,82.743338,0.833562,0.783950,0.941594,0.805244,76,41,36,38,0,3,0,5,10,18,2,4
2026/02/05/14:24:16,83.743813,0.831156,0.777291,0.939187,0.798585,75,41,36,38,0,3,0,5,11,18,2,4
2026/02/05/14:24:17,84.744488,0.831156,0.777291,0.939187,0.798585,75,41,36,38,0,3,0,5,11,18,2,4
2026/02/05/14:24:18,85.744773,0.831156,0.777291,0.939187,0.798585,75,41,36,38,0,3,0,5,11,18,2,4
2026/02/05/14:24:22,89.939419,0.835844,0.778680,0.943875,0.799973,75,41,38,38,0,3,0,5,13,18,2,4
2026/02/05/14:24:23,90.939859,0.858344,0.796354,0.987281,0.824405,79,41,38,40,3,3,0,5,13,18,2,4
2026/02/05/14:24:24,91.940322,0.865094,0.779884,0.973125,0.801177,77,45,36,38,0,3,0,5,15,18,4,6
2026/02/05/14:24:25,92.940924,0.865094,0.779884,0.973125,0.801177,77,45,36,38,0,3,0,5,15,18,4,6
2026/02/05/14:24:26,93.941476,0.858781,0.775364,0.966812,0.796657,75,45,36,38,0,3,0,5,17,18,4,6
2026/02/05/14:24:27,94.948060,0.884500,0.799575,0.992531,0.820868,76,47,40,39,0,3,0,5,17,18,4,6
2026/02/05/14:24:28,95.948707,0.905625,0.823573,1.018500,0.851288,76,47,45,41,1,3,0,5,17,18,4,6
2026/02/05/14:24:29,96.949385,0.906813,0.822433,1.014844,0.843726,77,47,45,40,0,3,0,5,17,18,4,7
2026/02/05/14:24:30,97.950008,0.883938,0.800536,0.991969,0.821830,75,45,43,40,0,3,0,5,19,20,6,7
2026/02/05/14:24:31,98.950591,0.872469,0.790716,0.980500,0.812009,75,45,40,39,0,3,0,5,19,20,9,8
2026/02/05/14:24:32,99.951167,0.862469,0.784323,0.970500,0.805616,75,45,40,37,0,3,0,5,19,20,9,10
2026/02/05/14:24:33,100.951707,0.853719,0.781189,0.961750,0.802483,75,43,40,37,0,3,0,5,19,22,9,10
2026/02/05/14:24:34,101.957972,0.853719,0.781189,0.961750,0.802483,75,43,40,37,0,3,0,5,19,22,9,10
2026/02/05/14:24:35,102.958619,0.849562,0.777784,0.957594,0.799077,74,43,40,37,0,3,0,5,20,22,9,10
2026/02/05/14:24:36,103.959231,0.849562,0.777784,0.957594,0.799077,74,43,40,37,0,3,0,5,20,22,9,10
2026/02/05/14:24:37,104.959832,0.839875,0.773885,0.947906,0.795178,72,43,40,37,0,3,0,5,22,22,9,10
2026/02/05/14:24:38,105.960474,0.839875,0.773885,0.947906,0.795178,72,43,40,37,0,3,0,5,22,22,9,10
2026/02/05/14:24:39,106.961222,0.830406,0.756820,0.938438,0.778113,71,43,37,37,0,3,0,5,23,22,12,10
2026/02/05/14:24:40,107.961899,0.828375,0.755086,0.936406,0.776379,71,43,36,37,0,3,0,5,23,22,13,10
2026/02/05/14:24:41,108.962514,0.826031,0.750595,0.934063,0.771888,70,43,36,37,0,3,0,5,24,22,13,10
2026/02/05/14:24:42,109.963407,0.826031,0.750595,0.934063,0.771888,70,43,36,37,0,3,0,5,24,22,13,10
2026/02/05/14:24:43,110.964137,0.826031,0.750595,0.934063,0.771888,70,43,36,37,0,3,0,5,24,22,13,10
2026/02/05/14:24:44,111.964756,0.826031,0.750595,0.934063,0.771888,70,43,36,37,0,3,0,5,24,22,13,10
2026/02/05/14:24:45,112.965439,0.826031,0.750595,0.934063,0.771888,70,43,36,37,0,3,0,5,24,22,13,10
2026/02/05/14:24:46,113.966136,0.826031,0.750595,0.934063,0.771888,70,43,36,37,0,3,0,5,24,22,13,10
2026/02/05/14:24:47,114.966799,0.826031,0.750595,0.934063,0.771888,70,43,36,37,0,3,0,5,24,22,13,10
2026/02/05/14:24:48,115.967373,0.826031,0.750595,0.934063,0.771888,70,43,36,37,0,3,0,5,24,22,13,10
2026/02/05/14:24:49,116.968101,0.826031,0.750595,0.934063,0.771888,70,43,36,37,0,3,0,5,24,22,13,10
2026/02/05/14:24:50,117.968987,0.826031,0.750595,0.934063,0.771888,70,43,36,37,0,3,0,5,24,22,13,10
2026/02/05/14:24:51,118.969754,0.826031,0.750595,0.934063,0.771888,70,43,36,37,0,3,0,5,24,22,13,10
2026/02/05/14:24:52,119.970500,0.826031,0.750595,0.934063,0.771888,70,43,36,37,0,3,0,5,24,22,13,10
2026/02/05/14:24:53,120.971213,0.826031,0.750595,0.934063,0.771888,70,43,36,37,0,3,0,5,24,22,13,10
2026/02/05/14:24:54,121.972075,0.826031,0.750595,0.934063,0.771888,70,43,36,37,0,3,0,5,24,22,13,10
2026/02/05/14:24:55,122.972791,0.827406,0.757574,0.942469,0.785693,74,41,36,38,2,3,0,6,24,24,13,10
2026/02/05/14:24:56,123.973630,0.834438,0.764400,0.942469,0.785693,76,41,36,39,0,3,0,5,24,24,13,10
2026/02/05/14:24:57,124.974207,0.836094,0.766603,0.947438,0.792302,76,41,36,40,0,3,0,7,24,24,13,10
2026/02/05/14:24:58,125.974801,0.848719,0.797660,0.956750,0.818953,76,43,36,44,0,3,0,5,24,24,13,10
2026/02/05/14:24:59,126.975499,0.848719,0.797660,0.956750,0.818953,76,43,36,44,0,3,0,5,24,24,13,10
2026/02/05/14:25:00,127.976157,0.849031,0.775236,0.957063,0.796529,75,42,36,44,0,3,0,5,25,26,13,10
2026/02/05/14:25:01,128.976887,0.841344,0.767879,0.958375,0.792940,75,42,36,42,0,3,1,5,25,26,13,12
2026/02/05/14:25:02,129.977524,0.841344,0.767879,0.958375,0.792940,75,42,36,42,0,3,1,5,25,26,13,12
2026/02/05/14:25:03,130.978290,0.841344,0.767879,0.958375,0.792940,75,42,36,42,0,3,1,5,25,26,13,12
2026/02/05/14:25:04,131.979112,0.841344,0.767879,0.958375,0.792940,75,42,36,42,0,3,1,5,25,26,13,12
2026/02/05/14:25:05,132.979835,0.841594,0.751391,0.949625,0.772684,72,42,37,41,0,3,0,5,28,26,13,13
2026/02/05/14:25:06,133.980483,0.874188,0.790757,0.982219,0.812050,79,45,37,41,0,3,0,5,28,26,13,13
2026/02/05/14:25:07,134.981266,0.865187,0.784749,0.973219,0.806042,76,45,37,41,0,3,0,5,31,26,13,13
2026/02/05/14:25:08,135.981996,0.871406,0.785618,0.979437,0.806911,78,45,37,41,0,3,0,5,32,26,13,13
2026/02/05/14:25:09,136.982757,0.871406,0.785618,0.979437,0.806911,78,45,37,41,0,3,0,5,32,26,13,13
2026/02/05/14:25:10,137.983418,0.865781,0.781582,0.973812,0.802875,78,45,37,40,0,3,0,5,32,26,13,14
2026/02/05/14:25:11,138.984004,0.856781,0.777814,0.964812,0.799108,78,45,36,40,0,3,0,5,32,26,14,14
2026/02/05/14:25:12,139.984610,0.858688,0.778404,0.966719,0.799697,78,45,39,38,0,3,0,5,32,26,14,16
2026/02/05/14:25:13,140.985361,0.869938,0.786022,0.977969,0.807315,82,45,39,38,0,3,0,5,32,26,14,16
2026/02/05/14:25:14,141.986041,0.864594,0.764144,0.972625,0.785437,82,42,39,38,0,3,0,5,32,29,14,16
2026/02/05/14:25:15,142.986686,0.851344,0.755751,0.959375,0.777045,77,42,39,38,0,3,0,5,37,29,14,16
2026/02/05/14:25:16,143.987357,0.851344,0.755751,0.959375,0.777045,77,42,39,38,0,3,0,5,37,29,14,16
2026/02/05/14:25:17,144.988118,0.839625,0.747256,0.947656,0.768549,74,42,39,38,0,3,0,5,40,29,14,16
2026/02/05/14:25:18,145.988907,0.839625,0.747256,0.947656,0.768549,74,42,39,38,0,3,0,5,40,29,14,16
2026/02/05/14:25:19,146.989746,0.839625,0.747256,0.947656,0.768549,74,42,39,38,0,3,0,5,40,29,14,16
2026/02/05/14:25:20,147.990388,0.839625,0.747256,0.947656,0.768549,74,42,39,38,0,3,0,5,40,29,14,16
2026/02/05/14:25:21,148.991143,0.839625,0.747256,0.947656,0.768549,74,42,39,38,0,3,0,5,40,29,14,16
2026/02/05/14:25:22,149.991877,0.839625,0.747256,0.947656,0.768549,74,42,39,38,0,3,0,5,40,29,14,16
2026/02/05/14:25:23,150.992497,0.832250,0.743322,0.940281,0.764615,72,42,39,38,0,3,0,5,42,29,14,16
2026/02/05/14:25:24,151.993289,0.819875,0.738169,0.927906,0.759462,69,42,39,38,0,3,0,5,45,29,14,16
2026/02/05/14:25:25,152.994079,0.814719,0.733412,0.922750,0.754706,69,42,36,38,0,3,0,5,45,29,17,16
2026/02/05/14:25:26,153.994883,0.814719,0.733412,0.922750,0.754706,69,42,36,38,0,3,0,5,45,29,17,16
2026/02/05/14:25:27,154.995544,0.831375,0.747915,0.963656,0.778775,70,44,38,38,2,3,0,5,45,29,17,16
2026/02/05/14:25:28,155.996291,0.849969,0.764226,0.982250,0.795087,75,44,38,38,2,3,0,5,45,29,17,16
2026/02/05/14:25:29,156.997001,0.849969,0.764226,0.982250,0.795087,75,44,38,38,2,3,0,5,45,29,17,16
2026/02/05/14:25:30,157.997654,0.849969,0.764226,0.982250,0.795087,75,44,38,38,2,3,0,5,45,29,17,16
2026/02/05/14:25:31,158.998525,0.844656,0.759104,0.976938,0.789964,73,44,38,38,2,3,0,5,47,29,17,16
2026/02/05/14:25:32,159.999072,0.840750,0.757237,0.973031,0.788097,72,44,38,38,2,3,0,5,48,29,17,16
2026/02/05/14:25:33,160.999818,0.840750,0.757237,0.973031,0.788097,72,44,38,38,2,3,0,5,48,29,17,16
2026/02/05/14:25:34,162.000395,0.837500,0.753254,0.969781,0.784114,72,42,38,38,2,3,0,5,48,31,17,16
2026/02/05/14:25:35,163.000996,0.837500,0.753254,0.969781,0.784114,72,42,38,38,2,3,0,5,48,31,17,16
2026/02/05/14:25:36,164.001635,0.834969,0.748114,0.967250,0.778975,71,42,38,38,2,3,0,5,49,31,17,16
2026/02/05/14:25:37,165.002434,0.834969,0.748114,0.967250,0.778975,71,42,38,38,2,3,0,5,49,31,17,16
2026/02/05/14:25:38,166.003075,0.834969,0.748114,0.973437,0.784840,71,42,38,38,4,3,0,5,49,31,17,16
2026/02/05/14:25:39,167.003701,0.843250,0.767417,0.975531,0.798277,74,42,38,38,2,3,0,5,50,31,17,16
2026/02/05/14:25:40,168.004545,0.843250,0.767417,0.951281,0.788710,74,42,38,38,0,3,0,5,50,31,17,16
2026/02/05/14:25:41,169.005321,0.843250,0.767417,0.951281,0.788710,74,42,38,38,0,3,0,5,50,31,17,16
2026/02/05/14:25:42,170.006001,0.843250,0.767417,0.951281,0.788710,74,42,38,38,0,3,0,5,50,31,17,16
2026/02/05/14:25:43,171.006824,0.843250,0.767417,0.951281,0.788710,74,42,38,38,0,3,0,5,50,31,17,16
2026/02/05/14:25:44,172.007531,0.843250,0.767417,0.951281,0.788710,74,42,38,38,0,3,0,5,50,31,17,16
2026/02/05/14:25:45,173.008228,0.843250,0.767417,0.951281,0.788710,74,42,38,38,0,3,0,5,50,31,17,16
2026/02/05/14:25:46,174.009132,0.843250,0.767417,0.951281,0.788710,74,42,38,38,0,3,0,5,50,31,17,16
2026/02/05/14:25:47,175.009745,0.836875,0.752320,0.944906,0.773613,72,42,38,38,0,3,0,5,52,31,17,16
2026/02/05/14:25:48,176.010686,0.836875,0.752320,0.944906,0.773613,72,42,38,38,0,3,0,5,52,31,17,16
2026/02/05/14:25:49,177.011382,0.836875,0.752320,0.944906,0.773613,72,42,38,38,0,3,0,5,52,31,17,16
2026/02/05/14:25:50,178.011969,0.836875,0.752320,0.944906,0.773613,72,42,38,38,0,3,0,5,52,31,17,16
2026/02/05/14:25:51,179.012578,0.836875,0.752320,0.944906,0.773613,72,42,38,38,0,3,0,5,52,31,17,16
2026/02/05/14:25:52,180.013206,0.836875,0.752320,0.944906,0.773613,72,42,38,38,0,3,0,5,52,31,17,16
2026/02/05/14:25:53,181.014020,0.836875,0.752320,0.944906,0.773613,72,42,38,38,0,3,0,5,52,31,17,16
2026/02/05/14:25:54,182.014663,0.836875,0.752320,0.944906,0.773613,72,42,38,38,0,3,0,5,52,31,17,16
2026/02/05/14:25:55,183.015334,0.836875,0.752320,0.944906,0.773613,72,42,38,38,0,3,0,5,52,31,17,16
2026/02/05/14:25:56,184.015999,0.856844,0.769806,0.964875,0.791099,72,42,41,41,0,3,0,5,52,31,17,16
2026/02/05/14:25:57,185.016455,0.868969,0.781357,1.005406,0.811438,74,44,41,41,0,6,0,5,52,31,17,16
2026/02/05/14:25:58,186.017051,0.885000,0.796356,1.021437,0.826437,76,47,42,38,0,6,0,5,52,31,17,19
2026/02/05/14:25:59,187.020877,0.911156,0.810153,1.049969,0.857364,77,52,41,38,1,6,0,5,52,31,19,19
2026/02/05/14:26:00,188.021594,0.928125,0.840241,1.071094,0.911127,82,53,42,38,1,5,2,5,52,31,19,19
2026/02/05/14:26:01,189.022302,0.919969,0.833913,1.069562,0.906368,80,54,44,38,1,6,2,5,55,34,20,19
2026/02/05/14:26:02,190.023256,0.924875,0.840424,1.074469,0.912879,78,55,45,39,1,6,2,5,57,34,20,19
2026/02/05/14:26:03,191.023751,0.917531,0.847729,1.068938,0.929726,79,49,46,40,1,6,2,6,57,42,20,19
2026/02/05/14:26:04,192.024152,0.902781,0.815047,1.090000,0.889202,78,50,43,39,0,7,5,5,58,44,23,23
2026/02/05/14:26:05,193.024694,0.915281,0.836310,1.127875,0.934280,76,54,43,39,1,8,5,7,60,44,23,26
2026/02/05/14:26:06,194.025162,0.914375,0.831199,1.085781,0.924978,78,49,45,39,1,8,2,7,60,49,23,26
2026/02/05/14:26:07,195.025729,0.911000,0.828218,1.061031,0.918690,78,48,45,39,1,8,2,5,60,50,23,26
2026/02/05/14:26:08,196.026335,0.911000,0.828218,1.061031,0.918690,78,48,45,39,1,8,2,5,60,50,23,26
2026/02/05/14:26:09,197.028569,0.903250,0.824626,1.053281,0.915097,76,48,45,39,1,8,2,5,62,50,23,26
2026/02/05/14:26:10,198.029265,0.901625,0.812867,1.048406,0.879821,76,47,45,39,1,6,2,5,62,51,23,26
2026/02/05/14:26:11,199.029900,0.887969,0.804274,1.034750,0.871228,75,47,43,39,1,6,2,5,64,51,26,26
2026/02/05/14:26:12,200.031054,0.902937,0.813901,1.044781,0.877696,75,49,43,39,1,6,2,5,64,51,26,27
2026/02/05/14:26:13,201.031675,0.914844,0.832592,1.089875,0.930959,75,53,44,39,3,5,6,5,64,51,26,27
2026/02/05/14:26:14,202.032380,0.916844,0.828218,1.086781,0.922757,75,53,44,39,3,5,5,5,64,51,27,27
2026/02/05/14:26:15,203.032984,0.912875,0.815181,1.071594,0.887880,75,53,41,39,1,5,4,5,64,51,31,27
2026/02/05/14:26:16,204.033926,0.910875,0.812779,1.069594,0.885479,74,53,41,39,1,5,4,5,65,51,31,27
2026/02/05/14:26:17,205.034767,0.910875,0.812779,1.069594,0.885479,74,53,41,39,1,5,4,5,65,51,31,27
2026/02/05/14:26:18,206.035344,0.897000,0.797203,1.047156,0.866457,74,51,39,39,1,5,3,5,65,53,33,27
2026/02/05/14:26:19,207.036267,0.897000,0.797203,1.047156,0.866457,74,51,39,39,1,5,3,5,65,53,33,27
2026/02/05/14:26:20,208.036835,0.880687,0.781133,1.023688,0.845491,71,51,39,39,1,4,3,5,68,54,33,27
2026/02/05/14:26:21,209.037423,0.880687,0.781133,1.023688,0.845491,71,51,39,39,1,4,3,5,68,54,33,27
2026/02/05/14:26:22,210.038037,0.876250,0.777660,1.019250,0.842018,71,49,39,39,1,4,3,5,68,56,33,27
2026/02/05/14:26:23,211.038826,0.876250,0.777660,1.019250,0.842018,71,49,39,39,1,4,3,5,68,56,33,27
2026/02/05/14:26:24,212.039451,0.870062,0.771795,1.003969,0.833223,69,49,39,39,0,4,3,5,70,56,33,27
2026/02/05/14:26:25,213.040047,0.858062,0.760037,0.982500,0.818535,69,47,39,39,0,3,3,5,70,59,33,27
2026/02/05/14:26:26,214.040604,0.843125,0.773449,0.954094,0.809747,69,44,41,39,0,3,1,5,70,62,33,27
2026/02/05/14:26:27,215.041196,0.835438,0.765451,0.946406,0.801749,69,44,41,36,0,3,1,5,70,62,33,30
2026/02/05/14:26:28,216.041774,0.828594,0.758168,0.939562,0.794467,69,44,41,35,0,3,1,5,70,62,33,31
2026/02/05/14:26:29,217.042504,0.838500,0.761360,0.946531,0.782653,69,45,42,37,0,3,0,5,70,62,34,31
2026/02/05/14:26:30,218.043314,0.838500,0.761360,0.946531,0.782653,69,45,42,37,0,3,0,5,70,62,34,31
2026/02/05/14:26:31,219.044211,0.838500,0.761360,0.946531,0.782653,69,45,42,37,0,3,0,5,70,62,34,31
2026/02/05/14:26:32,220.044903,0.832094,0.747207,0.940125,0.768500,69,44,42,35,0,3,0,5,70,63,34,33
2026/02/05/14:26:33,221.045891,0.837469,0.744353,0.933500,0.763210,69,44,40,36,0,3,0,4,70,63,36,33
2026/02/05/14:26:34,222.046881,0.831031,0.740309,0.927063,0.759166,69,44,38,36,0,3,0,4,70,63,38,33
2026/02/05/14:26:35,223.047690,0.831031,0.740309,0.927063,0.759166,69,44,38,36,0,3,0,4,70,63,38,33
2026/02/05/14:26:36,224.048436,0.839844,0.764442,0.935875,0.783300,69,47,38,36,0,3,0,4,70,63,38,33
2026/02/05/14:26:37,225.049125,0.839844,0.764442,0.935875,0.783300,69,47,38,36,0,3,0,4,70,63,38,33
2026/02/05/14:26:38,226.049814,0.831031,0.740309,0.927063,0.759166,69,44,38,36,0,3,0,4,70,66,38,33
2026/02/05/14:26:39,227.050573,0.831031,0.740309,0.927063,0.759166,69,44,38,36,0,3,0,4,70,66,38,33
2026/02/05/14:26:40,228.051174,0.831031,0.740309,0.901062,0.755567,69,44,38,36,0,3,0,2,70,66,38,33
2026/02/05/14:26:41,229.051712,0.831031,0.740309,0.901062,0.755567,69,44,38,36,0,3,0,2,70,66,38,33
2026/02/05/14:26:42,230.052303,0.831031,0.740309,0.901062,0.755567,69,44,38,36,0,3,0,2,70,66,38,33
2026/02/05/14:26:43,231.053026,0.831031,0.740309,0.901062,0.755567,69,44,38,36,0,3,0,2,70,66,38,33
2026/02/05/14:26:44,232.053682,0.831031,0.740309,0.901062,0.755567,69,44,38,36,0,3,0,2,70,66,38,33
2026/02/05/14:26:45,233.054415,0.831031,0.740309,0.901062,0.755567,69,44,38,36,0,3,0,2,70,66,38,33
2026/02/05/14:26:46,234.055197,0.831031,0.740309,0.901062,0.755567,69,44,38,36,0,3,0,2,70,66,38,33
2026/02/05/14:26:47,235.055738,0.831031,0.740309,0.901062,0.755567,69,44,38,36,0,3,0,2,70,66,38,33
2026/02/05/14:26:48,236.056621,0.831031,0.740309,0.901062,0.755567,69,44,38,36,0,3,0,2,70,66,38,33
2026/02/05/14:26:49,237.057556,0.831031,0.740309,0.901062,0.755567,69,44,38,36,0,3,0,2,70,66,38,33
2026/02/05/14:26:50,238.058340,0.831031,0.740309,0.901062,0.755567,69,44,38,36,0,3,0,2,70,66,38,33
2026/02/05/14:26:51,239.058885,0.831031,0.740309,0.901062,0.755567,69,44,38,36,0,3,0,2,70,66,38,33
2026/02/05/14:26:52,240.059552,0.831031,0.740309,0.901062,0.755567,69,44,38,36,0,3,0,2,70,66,38,33
2026/02/05/14:26:53,241.060214,0.826812,0.738432,0.896844,0.753690,69,43,38,36,0,3,0,2,70,67,38,33
2026/02/05/14:26:54,242.060858,0.826812,0.738432,0.896844,0.753690,69,43,38,36,0,3,0,2,70,67,38,33
2026/02/05/14:26:55,243.061462,0.836375,0.757507,0.906406,0.772765,72,43,39,36,0,3,0,2,70,67,38,33
2026/02/05/14:26:56,244.062181,0.836375,0.757507,0.906406,0.772765,72,43,39,36,0,3,0,2,70,67,38,33
2026/02/05/14:26:57,245.062674,0.836375,0.757507,0.906406,0.772765,72,43,39,36,0,3,0,2,70,67,38,33
2026/02/05/14:26:58,246.063303,0.836375,0.757507,0.913719,0.783098,72,43,39,36,0,3,3,2,70,67,38,33
2026/02/05/14:26:59,247.063963,0.843688,0.767840,0.913719,0.783098,72,43,42,36,0,3,0,2,70,67,38,33
2026/02/05/14:27:00,248.064533,0.843688,0.767840,0.913719,0.783098,72,43,42,36,0,3,0,2,70,67,38,33
2026/02/05/14:27:01,249.065456,0.836219,0.750073,0.906250,0.765332,70,43,41,36,0,3,0,2,72,67,39,33
2026/02/05/14:27:02,250.066082,0.836219,0.750073,0.906250,0.765332,70,43,41,36,0,3,0,2,72,67,39,33
2026/02/05/14:27:03,251.066884,0.836219,0.750073,0.906250,0.765332,70,43,41,36,0,3,0,2,72,67,39,33
2026/02/05/14:27:04,252.067543,0.828250,0.745176,0.898281,0.760435,67,43,41,36,0,3,0,2,75,67,39,33
2026/02/05/14:27:05,253.068173,0.826531,0.738841,0.896563,0.754100,67,42,41,36,0,3,0,2,75,68,39,33
2026/02/05/14:27:06,254.068785,0.826531,0.738841,0.896563,0.754100,67,42,41,36,0,3,0,2,75,68,39,33
2026/02/05/14:27:07,255.069439,0.819219,0.726270,0.889250,0.741528,65,42,41,36,0,3,0,2,77,68,39,33
2026/02/05/14:27:08,256.070235,0.820438,0.726962,0.878469,0.739785,65,41,41,37,0,3,0,1,77,69,39,33
2026/02/05/14:27:09,257.070946,0.813125,0.716629,0.871156,0.729452,65,41,38,37,0,3,0,1,77,69,42,33
2026/02/05/14:27:10,258.071603,0.813125,0.716629,0.871156,0.729452,65,41,38,37,0,3,0,1,77,69,42,33
2026/02/05/14:27:11,259.072481,0.813125,0.716629,0.871156,0.729452,65,41,38,37,0,3,0,1,77,69,42,33
2026/02/05/14:27:12,260.073172,0.813125,0.716629,0.871156,0.729452,65,41,38,37,0,3,0,1,77,69,42,33
2026/02/05/14:27:13,261.073833,0.811469,0.712882,0.869500,0.725705,65,41,38,36,0,3,0,1,77,69,42,34
2026/02/05/14:27:14,262.074488,0.811469,0.712882,0.869500,0.725705,65,41,38,36,0,3,0,1,77,69,42,34
2026/02/05/14:27:15,263.075375,0.807562,0.690783,0.853594,0.701171,61,41,38,37,0,3,0,0,81,69,42,34
2026/02/05/14:27:16,264.076166,0.807562,0.690783,0.853594,0.701171,61,41,38,37,0,3,0,0,81,69,42,34
2026/02/05/14:27:17,265.076986,0.807562,0.690783,0.853594,0.701171,61,41,38,37,0,3,0,0,81,69,42,34
2026/02/05/14:27:18,266.077592,0.807562,0.690783,0.853594,0.701171,61,41,38,37,0,3,0,0,81,69,42,34
2026/02/05/14:27:19,267.078171,0.807562,0.690783,0.853594,0.701171,61,41,38,37,0,3,0,0,81,69,42,34
2026/02/05/14:27:20,268.078866,0.807562,0.690783,0.853594,0.701171,61,41,38,37,0,3,0,0,81,69,42,34
2026/02/05/14:27:21,269.079478,0.807562,0.690783,0.853594,0.701171,61,41,38,37,0,3,0,0,81,69,42,34
2026/02/05/14:27:22,270.080111,0.807562,0.690783,0.853594,0.701171,61,41,38,37,0,3,0,0,81,69,42,34
2026/02/05/14:27:23,271.080730,0.807562,0.690783,0.853594,0.701171,61,41,38,37,0,3,0,0,81,69,42,34
2026/02/05/14:27:24,272.081502,0.829937,0.717200,0.875969,0.727588,66,42,41,37,0,3,0,0,81,69,42,34
2026/02/05/14:27:25,273.082356,0.829937,0.717200,0.875969,0.727588,66,42,41,37,0,3,0,0,81,69,42,34
2026/02/05/14:27:26,274.082997,0.853563,0.760395,0.910344,0.780888,66,49,41,37,1,4,0,0,81,69,42,34
2026/02/05/14:27:27,275.083534,0.864906,0.774522,0.919719,0.791894,67,52,41,37,0,4,0,0,81,69,42,34
2026/02/05/14:27:28,276.084161,0.854000,0.760677,0.900031,0.771065,61,52,41,37,0,3,0,0,87,70,42,34
2026/02/05/14:27:29,277.085034,0.851969,0.758840,0.898000,0.769228,61,51,41,37,0,3,0,0,87,71,42,34
2026/02/05/14:27:30,278.085688,0.843500,0.752847,0.889531,0.763235,61,49,43,37,0,3,0,0,87,73,42,34
2026/02/05/14:27:31,279.086587,0.843500,0.752847,0.889531,0.763235,61,49,43,37,0,3,0,0,87,73,42,34
2026/02/05/14:27:32,280.087533,0.843500,0.752847,0.889531,0.763235,61,49,43,37,0,3,0,0,87,73,42,34
2026/02/05/14:27:33,281.088392,0.839812,0.747984,0.885844,0.758372,61,49,41,37,0,3,0,0,87,73,44,34
2026/02/05/14:27:34,282.089236,0.839812,0.747984,0.885844,0.758372,61,49,41,37,0,3,0,0,87,73,44,34
2026/02/05/14:27:35,283.090080,0.837031,0.738641,0.883062,0.749028,60,49,41,37,0,3,0,0,88,73,44,34
2026/02/05/14:27:36,284.090651,0.837031,0.738641,0.883062,0.749028,60,49,41,37,0,3,0,0,88,73,44,34
2026/02/05/14:27:37,285.091249,0.834500,0.734180,0.880531,0.744567,60,49,41,37,0,3,0,0,88,76,44,34
2026/02/05/14:27:38,286.091856,0.836344,0.736410,0.882375,0.746798,60,49,41,38,0,3,0,0,88,76,44,34
2026/02/05/14:27:39,287.092399,0.836344,0.736410,0.882375,0.746798,60,49,41,38,0,3,0,0,88,76,44,34
2026/02/05/14:27:40,288.093029,0.836344,0.736410,0.882375,0.746798,60,49,41,38,0,3,0,0,88,76,44,34
2026/02/05/14:27:41,289.093555,0.836344,0.736410,0.882375,0.746798,60,49,41,38,0,3,0,0,88,76,44,34
2026/02/05/14:27:42,290.094163,0.830625,0.713990,0.876656,0.724377,60,46,41,38,0,3,0,0,88,79,44,34
2026/02/05/14:27:43,291.094934,0.830625,0.713990,0.876656,0.724377,60,46,41,38,0,3,0,0,88,79,44,34
2026/02/05/14:27:44,292.095639,0.830625,0.713990,0.876656,0.724377,60,46,41,38,0,3,0,0,88,79,44,34
2026/02/05/14:27:45,293.096501,0.830625,0.713990,0.876656,0.724377,60,46,41,38,0,3,0,0,88,79,44,34
2026/02/05/14:27:46,294.097321,0.830625,0.713990,0.876656,0.724377,60,46,41,38,0,3,0,0,88,79,44,34
2026/02/05/14:27:47,295.098190,0.839812,0.721537,0.885844,0.731924,60,46,41,41,0,3,0,0,88,79,44,34
2026/02/05/14:27:48,296.099013,0.839812,0.721537,0.885844,0.731924,60,46,41,41,0,3,0,0,88,79,44,34
2026/02/05/14:27:49,297.099579,0.839812,0.721537,0.885844,0.731924,60,46,41,41,0,3,0,0,88,79,44,34
2026/02/05/14:27:50,298.100378,0.839812,0.721537,0.885844,0.731924,60,46,41,41,0,3,0,0,88,79,44,34
2026/02/05/14:27:51,299.101260,0.871125,0.790739,0.917156,0.801127,63,46,44,44,0,3,0,0,88,79,44,34
2026/02/05/14:27:52,300.101838,0.861656,0.782995,0.907687,0.793382,63,46,41,44,0,3,0,0,88,79,47,34
2026/02/05/14:27:53,301.102825,0.861656,0.782995,0.907687,0.793382,63,46,41,44,0,3,0,0,88,79,47,34
2026/02/05/14:27:54,302.103490,0.849063,0.772956,0.895094,0.783343,63,45,41,41,0,3,0,0,88,80,47,37
2026/02/05/14:27:55,303.105864,0.849063,0.772956,0.895094,0.783343,63,45,41,41,0,3,0,0,88,80,47,37
2026/02/05/14:27:56,304.106464,0.849063,0.772956,0.895094,0.783343,63,45,41,41,0,3,0,0,88,80,47,37
2026/02/05/14:27:57,305.107135,0.849063,0.772956,0.895094,0.783343,63,45,41,41,0,3,0,0,88,80,47,37
2026/02/05/14:27:58,306.108004,0.849063,0.772956,0.895094,0.783343,63,45,41,41,0,3,0,0,88,80,47,37
2026/02/05/14:27:59,307.108700,0.849063,0.772956,0.895094,0.783343,63,45,41,41,0,3,0,0,88,80,47,37
2026/02/05/14:28:00,308.109456,0.849063,0.772956,0.895094,0.783343,63,45,41,41,0,3,0,0,88,80,47,37
2026/02/05/14:28:01,309.110218,0.849063,0.772956,0.895094,0.783343,63,45,41,41,0,3,0,0,88,80,47,37
2026/02/05/14:28:02,310.110901,0.849063,0.772956,0.895094,0.783343,63,45,41,41,0,3,0,0,88,80,47,37
2026/02/05/14:28:03,311.111616,0.849063,0.772956,0.895094,0.783343,63,45,41,41,0,3,0,0,88,80,47,37
2026/02/05/14:28:04,312.112493,0.849063,0.772956,0.895094,0.783343,63,45,41,41,0,3,0,0,88,80,47,37
2026/02/05/14:28:05,313.113371,0.849063,0.772956,0.895094,0.783343,63,45,41,41,0,3,0,0,88,80,47,37
2026/02/05/14:28:06,314.113984,0.849063,0.772956,0.895094,0.783343,63,45,41,41,0,3,0,0,88,80,47,37
2026/02/05/14:28:07,315.114799,0.849063,0.772956,0.895094,0.783343,63,45,41,41,0,3,0,0,88,80,47,37
2026/02/05/14:28:08,316.115284,0.849063,0.772956,0.895094,0.783343,63,45,41,41,0,3,0,0,88,80,47,37
2026/02/05/14:28:09,317.115875,0.849063,0.772956,0.895094,0.783343,63,45,41,41,0,3,0,0,88,80,47,37
2026/02/05/14:28:10,318.154954,0.843719,0.766351,0.889750,0.776739,63,43,41,41,0,3,0,0,88,82,47,37
2026/02/05/14:28:11,319.154999,0.834344,0.755345,0.880375,0.765733,63,40,41,41,0,3,0,0,88,85,47,37
2026/02/05/14:28:13,320.854977,0.834344,0.755345,0.880375,0.765733,63,40,41,41,0,3,0,0,88,85,47,37
2026/02/05/14:28:14,321.855585,0.881594,0.764347,0.898188,0.769905,64,43,42,40,1,0,1,0,94,85,47,40
2026/02/05/14:28:15,322.856205,0.885156,0.770925,0.942250,0.794488,66,43,42,40,0,3,2,0,94,85,47,40
2026/02/05/14:28:16,323.856944,0.879812,0.761058,0.936906,0.784621,63,43,42,40,0,3,2,0,97,85,47,40
2026/02/05/14:28:17,324.857766,0.875156,0.748946,0.922781,0.765372,63,43,41,38,0,3,1,0,97,85,49,42
2026/02/05/14:28:18,325.858595,0.875156,0.748946,0.922781,0.765372,63,43,41,38,0,3,1,0,97,85,49,42
2026/02/05/14:28:19,326.859323,0.875156,0.748946,0.922781,0.765372,63,43,41,38,0,3,1,0,97,85,49,42
2026/02/05/14:28:20,327.860156,0.865781,0.719410,0.913406,0.735837,63,43,41,35,0,3,1,0,97,85,49,45
2026/02/05/14:28:21,328.860727,0.865781,0.719410,0.913406,0.735837,63,43,41,35,0,3,1,0,97,85,49,45
2026/02/05/14:28:22,329.861574,0.865781,0.719410,0.880594,0.721679,63,43,41,35,0,0,1,0,97,85,49,45
2026/02/05/14:28:23,330.862283,0.891188,0.758807,0.906000,0.761076,64,47,44,35,0,0,1,0,97,85,49,45
2026/02/05/14:28:24,331.863147,0.891188,0.758807,0.906000,0.761076,64,47,44,35,0,0,1,0,97,85,49,45
2026/02/05/14:28:25,332.863811,0.882188,0.737002,0.897000,0.739271,61,47,44,35,0,0,1,0,100,85,49,45
2026/02/05/14:28:26,333.864633,0.875250,0.707387,0.890062,0.709656,61,44,44,35,0,0,1,0,100,88,49,45
2026/02/05/14:28:27,334.865357,0.862875,0.701877,0.877687,0.704146,61,44,41,35,0,0,1,0,100,88,52,45
2026/02/05/14:28:28,335.866130,0.873031,0.716309,0.887844,0.718578,63,45,41,37,0,0,1,0,100,88,52,45
2026/02/05/14:28:29,336.869840,0.868719,0.713789,0.883531,0.716058,63,44,41,37,0,0,1,0,100,89,52,45
2026/02/05/14:28:30,337.870586,0.868719,0.713789,0.883531,0.716058,63,44,41,37,0,0,1,0,100,89,52,45
2026/02/05/14:28:31,338.871288,0.866812,0.710536,0.881625,0.712805,63,43,41,37,0,0,1,0,100,90,52,45
2026/02/05/14:28:32,339.871935,0.864875,0.708143,0.879687,0.710412,63,43,41,36,0,0,1,0,100,90,52,46
2026/02/05/14:28:33,340.872547,0.864875,0.708143,0.879687,0.710412,63,43,41,36,0,0,1,0,100,90,52,46
2026/02/05/14:28:34,341.873175,0.864875,0.708143,0.879687,0.710412,63,43,41,36,0,0,1,0,100,90,52,46
2026/02/05/14:28:35,342.873957,0.864875,0.708143,0.879687,0.710412,63,43,41,36,0,0,1,0,100,90,52,46
2026/02/05/14:28:36,343.874851,0.864875,0.708143,0.879687,0.710412,63,43,41,36,0,0,1,0,100,90,52,46
2026/02/05/14:28:37,344.875978,0.864875,0.708143,0.879687,0.710412,63,43,41,36,0,0,1,0,100,90,52,46
2026/02/05/14:28:38,345.876698,0.864875,0.708143,0.879687,0.710412,63,43,41,36,0,0,1,0,100,90,52,46
2026/02/05/14:28:39,346.877657,0.864875,0.708143,0.879687,0.710412,63,43,41,36,0,0,1,0,100,90,52,46
2026/02/05/14:28:40,347.878519,0.864875,0.708143,0.879687,0.710412,63,43,41,36,0,0,1,0,100,90,52,46
2026/02/05/14:28:41,348.879431,0.864875,0.708143,0.879687,0.710412,63,43,41,36,0,0,1,0,100,90,52,46
2026/02/05/14:28:42,349.880154,0.864875,0.708143,0.879687,0.710412,63,43,41,36,0,0,1,0,100,90,52,46
2026/02/05/14:28:43,350.880913,0.864875,0.708143,0.879687,0.710412,63,43,41,36,0,0,1,0,100,90,52,46
2026/02/05/14:28:44,351.882037,0.862594,0.698960,0.877406,0.701229,63,42,41,36,0,0,1,0,100,91,52,46
2026/02/05/14:28:45,352.882632,0.862594,0.698960,0.877406,0.701229,63,42,41,36,0,0,1,0,100,91,52,46
2026/02/05/14:28:46,353.962939,0.862594,0.698960,0.877406,0.701229,63,42,41,36,0,0,1,0,100,91,52,46
2026/02/05/14:28:47,354.963659,0.862594,0.698960,0.877406,0.701229,63,42,41,36,0,0,1,0,100,91,52,46
2026/02/05/14:28:48,355.964268,0.862594,0.698960,0.877406,0.701229,63,42,41,36,0,0,1,0,100,91,52,46
2026/02/05/14:28:49,356.964760,0.877406,0.701229,0.877406,0.701229,63,42,42,36,0,0,0,0,102,91,52,46
2026/02/05/14:28:50,357.965788,0.877406,0.701229,0.877406,0.701229,63,42,42,36,0,0,0,0,102,91,52,46
2026/02/05/14:28:51,358.966527,0.877406,0.701229,0.877406,0.701229,63,42,42,36,0,0,0,0,102,91,52,46
2026/02/05/14:28:52,359.967219,0.877406,0.701229,0.877406,0.701229,63,42,42,36,0,0,0,0,102,91,52,46
2026/02/05/14:28:53,360.967814,0.877406,0.701229,0.877406,0.701229,63,42,42,36,0,0,0,0,102,91,52,46
2026/02/05/14:28:54,361.968435,0.877406,0.701229,0.877406,0.701229,63,42,42,36,0,0,0,0,102,91,52,46
2026/02/05/14:28:55,362.969161,0.894500,0.725673,0.902781,0.727701,66,42,43,36,1,0,0,0,102,91,52,46
2026/02/05/14:28:56,363.969859,0.894500,0.725673,0.902781,0.727701,66,42,43,36,1,0,0,0,102,91,52,46
2026/02/05/14:28:57,364.970418,0.899656,0.733265,0.907937,0.735293,66,42,46,36,1,0,0,0,102,91,52,46
2026/02/05/14:28:58,365.970968,0.899656,0.733265,0.907937,0.735293,66,42,46,36,1,0,0,0,102,91,52,46
2026/02/05/14:28:59,366.971524,0.901000,0.735062,0.909281,0.737089,66,42,45,38,1,0,0,0,102,91,53,46
2026/02/05/14:29:00,367.972151,0.903969,0.724044,0.950625,0.743880,67,42,45,38,0,1,3,0,103,91,56,46
2026/02/05/14:29:01,368.972928,0.912406,0.767799,0.956844,0.775291,67,46,45,38,0,0,3,0,103,91,56,46
2026/02/05/14:29:02,369.973495,0.912406,0.767799,0.956844,0.775291,67,46,45,38,0,0,3,0,103,91,56,46
2026/02/05/14:29:03,370.974189,0.918469,0.769843,0.968969,0.779379,67,46,46,38,0,0,4,0,103,91,56,46
2026/02/05/14:29:04,371.974761,0.920375,0.771281,0.970875,0.780817,67,45,46,39,0,0,4,0,103,92,56,46
2026/02/05/14:29:05,372.975321,0.917250,0.767554,0.985500,0.790963,67,45,46,38,3,0,4,0,103,92,56,47
2026/02/05/14:29:06,373.976245,0.919188,0.771179,0.985500,0.790963,68,45,46,38,2,0,4,0,103,92,56,47
2026/02/05/14:29:07,374.976737,0.919188,0.771179,0.985500,0.790963,68,45,46,38,2,0,4,0,103,92,56,47
2026/02/05/14:29:08,375.977463,0.922094,0.766912,0.982344,0.784652,67,45,47,38,2,0,3,0,104,92,56,47
2026/02/05/14:29:09,376.978133,0.920063,0.764256,0.980313,0.781995,66,45,47,38,2,0,3,0,105,92,56,47
2026/02/05/14:29:10,377.978839,0.920063,0.764256,0.980313,0.781995,66,45,47,38,2,0,3,0,105,92,56,47
2026/02/05/14:29:11,378.979652,0.924719,0.764186,0.977062,0.776802,67,45,47,36,1,0,3,0,105,92,56,49
2026/02/05/14:29:12,379.980267,0.921031,0.756027,0.973375,0.768643,67,45,47,35,1,0,3,0,105,92,56,50
2026/02/05/14:29:13,380.980850,0.921031,0.756027,0.973375,0.768643,67,45,47,35,1,0,3,0,105,92,56,50
2026/02/05/14:29:14,381.981645,0.921031,0.756027,0.973375,0.768643,67,45,47,35,1,0,3,0,105,92,56,50
2026/02/05/14:29:15,382.982536,0.921031,0.756027,0.973375,0.768643,67,45,47,35,1,0,3,0,105,92,56,50
2026/02/05/14:29:16,383.983474,0.921031,0.756027,0.973375,0.768643,67,45,47,35,1,0,3,0,105,92,56,50
2026/02/05/14:29:17,384.984307,0.921031,0.756027,0.973375,0.768643,67,45,47,35,1,0,3,0,105,92,56,50
2026/02/05/14:29:18,385.985164,0.921031,0.756027,0.973375,0.768643,67,45,47,35,1,0,3,0,105,92,56,50
2026/02/05/14:29:19,386.985945,0.929937,0.771471,0.982812,0.804365,67,48,48,35,0,0,5,0,106,92,56,50
2026/02/05/14:29:20,387.986549,0.929937,0.771471,0.982812,0.804365,67,48,48,35,0,0,5,0,106,92,56,50
2026/02/05/14:29:21,388.987252,0.928375,0.769371,0.981250,0.802266,67,47,48,35,0,0,5,0,106,93,56,50
2026/02/05/14:29:22,389.987832,0.949906,0.796557,1.011781,0.850078,68,51,50,37,5,0,3,0,106,93,57,50
2026/02/05/14:29:23,390.988481,0.949906,0.796557,1.011781,0.850078,68,51,50,37,5,0,3,0,106,93,57,50
2026/02/05/14:29:24,391.989146,0.939406,0.781379,0.990750,0.791538,68,50,47,37,1,0,3,0,106,94,60,50
2026/02/05/14:29:25,392.989656,0.933906,0.777607,0.978344,0.785099,68,50,47,35,0,0,3,0,106,94,60,52
2026/02/05/14:29:26,393.990368,0.933906,0.777607,0.978344,0.785099,68,50,47,35,0,0,3,0,106,94,60,52
2026/02/05/14:29:27,394.990987,0.927250,0.740573,0.971688,0.748065,68,47,47,35,0,0,3,0,106,97,60,52
2026/02/05/14:29:28,395.991499,0.927250,0.740573,0.996875,0.754983,68,47,47,35,2,0,3,0,106,97,60,52
2026/02/05/14:29:29,396.992147,0.920687,0.735163,0.990313,0.749574,68,44,47,35,2,0,3,0,106,100,60,52
2026/02/05/14:29:30,397.992960,0.920687,0.735163,0.965125,0.742655,68,44,47,35,0,0,3,0,106,100,60,52
2026/02/05/14:29:31,398.993513,0.908563,0.731075,0.953000,0.738566,68,44,45,35,0,0,3,0,106,100,62,52
2026/02/05/14:29:32,399.994280,0.908563,0.731075,0.908563,0.731075,68,44,45,35,0,0,0,0,106,100,62,52
2026/02/05/14:29:33,400.995143,0.908563,0.731075,0.908563,0.731075,68,44,45,35,0,0,0,0,106,100,62,52
2026/02/05/14:29:34,401.995988,0.908563,0.731075,0.908563,0.731075,68,44,45,35,0,0,0,0,106,100,62,52
2026/02/05/14:29:35,402.996666,0.908563,0.731075,0.908563,0.731075,68,44,45,35,0,0,0,0,106,100,62,52
2026/02/05/14:29:36,403.997106,0.882938,0.712342,0.882938,0.712342,68,44,41,35,0,0,0,0,106,100,66,52
2026/02/05/14:29:37,404.997800,0.882938,0.712342,0.882938,0.712342,68,44,41,35,0,0,0,0,106,100,66,52
2026/02/05/14:29:38,405.998681,0.880781,0.707494,0.880781,0.707494,67,44,41,35,0,0,0,0,107,100,66,52
2026/02/05/14:29:39,406.999543,0.880781,0.707494,0.880781,0.707494,67,44,41,35,0,0,0,0,107,100,66,52
2026/02/05/14:29:40,408.000294,0.880781,0.707494,0.880781,0.707494,67,44,41,35,0,0,0,0,107,100,66,52
2026/02/05/14:29:41,409.001155,0.880781,0.707494,0.880781,0.707494,67,44,41,35,0,0,0,0,107,100,66,52
2026/02/05/14:29:42,410.001688,0.880781,0.707494,0.880781,0.707494,67,44,41,35,0,0,0,0,107,100,66,52
2026/02/05/14:29:43,411.002346,0.880781,0.707494,0.880781,0.707494,67,44,41,35,0,0,0,0,107,100,66,52
2026/02/05/14:29:44,412.003016,0.880781,0.707494,0.880781,0.707494,67,44,41,35,0,0,0,0,107,100,66,52
2026/02/05/14:29:45,413.003659,0.880781,0.707494,0.880781,0.707494,67,44,41,35,0,0,0,0,107,100,66,52
2026/02/05/14:29:46,414.004177,0.880781,0.707494,0.880781,0.707494,67,44,41,35,0,0,0,0,107,100,66,52
2026/02/05/14:29:47,415.004830,0.880781,0.707494,0.880781,0.707494,67,44,41,35,0,0,0,0,107,100,66,52
2026/02/05/14:29:48,416.005658,0.880781,0.707494,0.880781,0.707494,67,44,41,35,0,0,0,0,107,100,66,52
2026/02/05/14:29:49,417.007321,0.880781,0.707494,0.880781,0.707494,67,44,41,35,0,0,0,0,107,100,66,52
2026/02/05/14:29:50,418.008249,0.880781,0.707494,0.880781,0.707494,67,44,41,35,0,0,0,0,107,100,66,52
2026/02/05/14:29:51,419.008929,0.880781,0.707494,0.880781,0.707494,67,44,41,35,0,0,0,0,107,100,66,52
2026/02/05/14:29:52,420.009704,0.880781,0.707494,0.880781,0.707494,67,44,41,35,0,0,0,0,107,100,66,52
2026/02/05/14:29:53,421.010490,0.876844,0.697970,0.876844,0.697970,67,42,41,35,0,0,0,0,107,102,66,52
2026/02/05/14:29:54,422.011041,0.860281,0.693915,0.860281,0.693915,65,42,41,35,0,0,0,0,109,102,66,52
2026/02/05/14:29:55,423.011685,0.857094,0.688857,0.857094,0.688857,63,42,41,35,0,0,0,0,111,102,66,52
2026/02/05/14:29:56,424.012332,0.857094,0.688857,0.857094,0.688857,63,42,41,35,0,0,0,0,111,102,66,52
2026/02/05/14:29:57,425.012989,0.857094,0.688857,0.857094,0.688857,63,42,41,35,0,0,0,0,111,102,66,52
2026/02/05/14:29:58,426.013661,0.857094,0.688857,0.857094,0.688857,63,42,41,35,0,0,0,0,111,102,66,52
2026/02/05/14:29:59,427.014308,0.860031,0.691862,0.865906,0.697872,64,42,41,35,2,0,0,0,111,102,66,52
2026/02/05/14:30:00,428.015072,0.883531,0.711531,0.900969,0.715563,67,43,45,36,0,2,0,0,111,102,66,52
2026/02/05/14:30:01,429.015644,0.885156,0.705315,0.885156,0.705315,65,45,45,36,0,0,0,0,113,102,66,52
2026/02/05/14:30:02,430.016323,0.885156,0.705315,0.885156,0.705315,65,45,45,36,0,0,0,0,113,102,66,52
2026/02/05/14:30:03,431.016988,0.879188,0.700672,0.879188,0.700672,65,44,45,35,0,0,0,0,113,103,66,53
2026/02/05/14:30:04,432.017817,0.879188,0.700672,0.879188,0.700672,65,44,45,35,0,0,0,0,113,103,66,53
2026/02/05/14:30:05,433.018492,0.879188,0.700672,0.879188,0.700672,65,44,45,35,0,0,0,0,113,103,66,53
2026/02/05/14:30:06,434.019145,0.879188,0.700672,0.879188,0.700672,65,44,45,35,0,0,0,0,113,103,66,53
2026/02/05/14:30:07,435.019688,0.870375,0.691657,0.870375,0.691657,62,44,45,35,0,0,0,0,116,103,66,53
2026/02/05/14:30:08,436.020440,0.870375,0.691657,0.870375,0.691657,62,44,45,35,0,0,0,0,116,103,66,53
2026/02/05/14:30:09,437.021183,0.866875,0.688182,0.866875,0.688182,62,44,43,35,0,0,0,0,116,103,68,53
2026/02/05/14:30:10,438.022159,0.866875,0.688182,0.866875,0.688182,62,44,43,35,0,0,0,0,116,103,68,53
2026/02/05/14:30:11,439.022768,0.849437,0.684149,0.849437,0.684149,62,42,43,35,0,0,0,0,116,105,68,53
2026/02/05/14:30:12,440.023467,0.849437,0.684149,0.849437,0.684149,62,42,43,35,0,0,0,0,116,105,68,53
2026/02/05/14:30:13,441.024291,0.849437,0.684149,0.849437,0.684149,62,42,43,35,0,0,0,0,116,105,68,53
2026/02/05/14:30:14,442.024931,0.849437,0.684149,0.849437,0.684149,62,42,43,35,0,0,0,0,116,105,68,53
2026/02/05/14:30:15,443.025731,0.849437,0.684149,0.849437,0.684149,62,42,43,35,0,0,0,0,116,105,68,53
2026/02/05/14:30:16,444.026568,0.849437,0.684149,0.849437,0.684149,62,42,43,35,0,0,0,0,116,105,68,53
2026/02/05/14:30:17,445.027289,0.851125,0.687803,0.861906,0.715504,63,42,43,35,5,1,0,0,116,105,68,53
2026/02/05/14:30:18,446.028035,0.890563,0.735588,0.899188,0.738956,72,46,44,35,0,0,1,0,116,105,68,53
2026/02/05/14:30:19,447.028787,0.892813,0.741179,0.916625,0.748904,73,46,44,35,2,0,1,0,116,105,68,53
2026/02/05/14:30:20,448.029472,0.889719,0.726595,0.905937,0.732142,72,43,44,35,1,0,1,0,118,108,68,53
2026/02/05/14:30:21,449.030130,0.893312,0.725408,0.901937,0.728776,71,43,44,35,0,0,1,0,120,108,68,53
2026/02/05/14:30:22,450.030833,0.893031,0.709452,0.893031,0.709452,66,43,45,35,0,0,0,0,125,108,68,53
2026/02/05/14:30:23,451.031345,0.893031,0.709452,0.893031,0.709452,66,43,45,35,0,0,0,0,125,108,68,53
2026/02/05/14:30:24,452.031865,0.874969,0.703014,0.874969,0.703014,64,43,45,35,0,0,0,0,127,108,68,53
2026/02/05/14:30:25,453.032753,0.875375,0.700129,0.875375,0.700129,65,43,43,36,0,0,0,0,127,108,70,53
2026/02/05/14:30:26,454.047976,0.897719,0.718856,0.910469,0.731542,68,47,43,36,0,2,0,0,127,108,70,53
2026/02/05/14:30:27,455.048563,0.901719,0.723143,0.914469,0.735829,70,47,43,36,0,2,0,0,127,108,70,53
2026/02/05/14:30:28,456.049004,0.900062,0.720066,0.912813,0.732752,69,47,43,36,0,2,0,0,128,108,70,53
2026/02/05/14:30:29,457.049627,0.895312,0.714534,0.895312,0.714534,67,47,43,36,0,0,0,0,130,108,70,53
2026/02/05/14:30:30,458.050281,0.893469,0.712109,0.893469,0.712109,66,47,43,36,0,0,0,0,131,108,70,53
2026/02/05/14:30:31,459.051100,0.893469,0.712109,0.893469,0.712109,66,47,43,36,0,0,0,0,131,108,70,53
2026/02/05/14:30:32,460.051721,0.891219,0.708075,0.891219,0.708075,66,46,43,36,0,0,0,0,131,109,70,53
2026/02/05/14:30:33,461.052243,0.911656,0.743550,0.987125,0.762800,70,47,44,39,1,4,1,0,131,109,70,54
2026/02/05/14:30:34,462.052951,0.920500,0.749052,0.995969,0.768301,70,47,45,41,1,4,1,0,131,109,70,54
2026/02/05/14:30:35,463.053691,0.907531,0.742960,0.977906,0.760437,67,47,45,41,1,4,0,0,134,109,71,54
2026/02/05/14:30:36,464.054424,0.894031,0.736223,0.964406,0.753701,67,44,45,41,1,4,0,0,134,112,71,54
2026/02/05/14:30:37,465.055216,0.912281,0.753952,0.938625,0.781186,67,44,49,41,1,0,2,0,134,113,73,54
2026/02/05/14:30:38,466.055842,0.912281,0.753952,0.938625,0.781186,67,44,49,41,1,0,2,0,134,113,73,54
2026/02/05/14:30:39,467.056497,0.909531,0.750356,0.935875,0.777590,66,44,49,41,1,0,2,0,135,113,73,54
2026/02/05/14:30:40,468.057134,0.899687,0.744713,0.911969,0.747478,66,44,49,38,1,0,0,0,135,113,73,57
2026/02/05/14:30:41,469.057931,0.899687,0.744713,0.911969,0.747478,66,44,49,38,1,0,0,0,135,113,73,57
2026/02/05/14:30:42,470.058661,0.909031,0.755644,0.989375,0.799024,66,44,52,38,5,2,0,0,135,113,73,57
2026/02/05/14:30:43,471.059360,0.903156,0.770120,0.989094,0.816614,67,44,51,38,7,1,0,0,137,114,76,57
2026/02/05/14:30:44,472.060047,0.901375,0.764743,0.987313,0.811237,67,44,50,38,7,1,0,0,137,114,77,57
2026/02/05/14:30:45,473.060558,0.906312,0.790813,0.929438,0.803705,71,45,48,39,2,0,0,0,140,115,79,57
2026/02/05/14:30:46,474.061245,0.923375,0.830778,0.952750,0.846585,74,49,49,39,2,1,0,0,140,115,79,57
2026/02/05/14:30:47,475.061788,0.935406,0.842658,0.964781,0.858465,72,53,49,42,2,1,0,0,143,115,79,57
2026/02/05/14:30:48,476.062368,0.933438,0.815548,0.982781,0.879341,70,52,49,43,6,1,0,1,146,116,79,57
2026/02/05/14:30:49,477.062937,0.931562,0.820430,0.977437,0.876016,69,52,49,43,6,1,0,0,147,116,79,58
2026/02/05/14:30:50,478.063502,0.922156,0.808655,0.957562,0.859285,67,53,49,40,5,0,0,0,149,116,79,61
2026/02/05/14:30:51,479.064010,0.915125,0.792128,0.962281,0.855610,68,49,48,40,5,0,2,0,149,120,80,62
2026/02/05/14:30:52,480.064616,0.916281,0.794965,0.951688,0.845595,67,48,50,40,5,0,0,0,150,121,80,62
2026/02/05/14:30:53,481.065163,0.904531,0.782114,0.939937,0.832744,67,48,48,40,5,0,0,0,150,121,82,62
2026/02/05/14:30:54,482.065745,0.894312,0.775049,0.929719,0.825680,67,46,48,39,5,0,0,0,150,123,82,63
2026/02/05/14:30:55,483.066308,0.894312,0.775049,0.929719,0.825680,67,46,48,39,5,0,0,0,150,123,82,63
2026/02/05/14:30:56,484.067196,0.894312,0.775049,0.929719,0.825680,67,46,48,39,5,0,0,0,150,123,82,63
2026/02/05/14:30:57,485.067769,0.894312,0.775049,0.929719,0.825680,67,46,48,39,5,0,0,0,150,123,82,63
2026/02/05/14:30:58,486.068638,0.894312,0.775049,0.929719,0.825680,67,46,48,39,5,0,0,0,150,123,82,63
2026/02/05/14:30:59,487.069479,0.894312,0.775049,0.929719,0.825680,67,46,48,39,5,0,0,0,150,123,82,63
2026/02/05/14:31:00,488.070230,0.889062,0.780487,0.920375,0.818538,68,45,46,39,4,0,0,0,150,124,84,63
2026/02/05/14:31:01,489.071041,0.889062,0.780487,0.920375,0.818538,68,45,46,39,4,0,0,0,150,124,84,63
2026/02/05/14:31:02,490.071719,0.889062,0.780487,0.920375,0.818538,68,45,46,39,4,0,0,0,150,124,84,63
2026/02/05/14:31:03,491.072325,0.885625,0.777349,0.916937,0.815401,68,43,46,39,4,0,0,0,150,126,84,63
2026/02/05/14:31:04,492.072902,0.885625,0.777349,0.904656,0.812636,68,43,46,39,3,0,0,0,150,126,84,63
2026/02/05/14:31:05,493.073568,0.882563,0.774872,0.901594,0.810158,67,43,46,39,3,0,0,0,151,126,84,63
2026/02/05/14:31:06,494.074146,0.882563,0.774872,0.901594,0.810158,67,43,46,39,3,0,0,0,151,126,84,63
2026/02/05/14:31:07,495.074899,0.881906,0.774437,0.925875,0.817819,67,44,46,38,3,0,0,3,151,126,84,66
2026/02/05/14:31:08,496.075571,0.881906,0.774437,0.925875,0.817819,67,44,46,38,3,0,0,3,151,126,84,66
2026/02/05/14:31:09,497.076283,0.881906,0.774437,0.925875,0.817819,67,44,46,38,3,0,0,3,151,126,84,66
2026/02/05/14:31:10,498.077044,0.881906,0.774437,0.925875,0.817819,67,44,46,38,3,0,0,3,151,126,84,66
2026/02/05/14:31:11,499.077753,0.881906,0.774437,0.925875,0.817819,67,44,46,38,3,0,0,3,151,126,84,66
2026/02/05/14:31:12,500.078558,0.881906,0.774437,0.925875,0.817819,67,44,46,38,3,0,0,3,151,126,84,66
2026/02/05/14:31:13,501.079063,0.881906,0.774437,0.925875,0.817819,67,44,46,38,3,0,0,3,151,126,84,66
2026/02/05/14:31:14,502.079782,0.881906,0.774437,0.925875,0.817819,67,44,46,38,3,0,0,3,151,126,84,66
2026/02/05/14:31:15,503.080413,0.887656,0.761234,0.891750,0.773814,65,44,46,41,1,0,0,0,154,126,84,66
2026/02/05/14:31:16,504.081156,0.885563,0.758812,0.885563,0.758812,66,44,43,41,0,0,0,0,154,126,87,66
2026/02/05/14:31:17,505.081721,0.902813,0.769093,0.925312,0.774067,69,44,43,41,0,2,0,0,154,126,87,66
2026/02/05/14:31:18,506.082428,0.903188,0.759892,0.925687,0.764866,66,47,43,41,0,2,0,0,157,126,87,66
2026/02/05/14:31:19,507.082950,0.903188,0.759892,0.925687,0.764866,66,47,43,41,0,2,0,0,157,126,87,66
2026/02/05/14:31:20,508.083581,0.903188,0.759892,0.925687,0.764866,66,47,43,41,0,2,0,0,157,126,87,66
2026/02/05/14:31:21,509.084593,0.908219,0.758611,0.982219,0.771992,67,47,44,41,2,2,0,3,157,126,88,66
2026/02/05/14:31:22,510.085171,0.913969,0.759838,1.052094,0.803398,67,46,45,41,2,5,0,6,157,129,88,66
2026/02/05/14:31:23,511.085740,0.912250,0.761042,1.027156,0.795303,69,47,45,38,0,4,0,6,157,129,88,69
2026/02/05/14:31:24,512.086351,0.908687,0.757464,1.023594,0.791726,68,47,45,38,0,4,0,6,158,129,88,69
2026/02/05/14:31:25,513.086908,0.916844,0.783583,1.031750,0.817844,71,47,45,38,0,4,0,6,158,129,88,69
2026/02/05/14:31:26,514.087466,0.903937,0.770082,1.018844,0.804343,69,47,44,38,0,4,0,6,160,129,89,69
2026/02/05/14:31:27,515.088047,0.912062,0.803900,0.992750,0.826460,68,56,45,38,0,4,0,3,162,129,89,69
2026/02/05/14:31:28,516.088511,0.899969,0.795967,0.980656,0.818528,65,56,46,38,0,4,0,3,165,129,89,69
2026/02/05/14:31:29,517.089372,0.898031,0.793892,0.940469,0.811184,65,56,45,38,0,4,0,0,165,129,90,69
2026/02/05/14:31:30,518.090075,0.900719,0.779773,0.933187,0.790906,65,53,45,38,0,3,0,0,165,133,90,69
2026/02/05/14:31:31,519.090758,0.894687,0.764231,0.894687,0.764231,65,51,44,38,0,0,0,0,165,137,91,69
2026/02/05/14:31:32,520.091295,0.894687,0.764231,0.894687,0.764231,65,51,44,38,0,0,0,0,165,137,91,69
2026/02/05/14:31:33,521.091929,0.894687,0.764231,0.894687,0.764231,65,51,44,38,0,0,0,0,165,137,91,69
2026/02/05/14:31:34,522.092565,0.915875,0.788789,0.915875,0.788789,67,54,44,39,0,0,0,0,165,137,91,69
2026/02/05/14:31:35,523.093392,0.925562,0.797379,0.959688,0.830076,69,55,44,40,2,0,0,2,165,137,91,69
2026/02/05/14:31:36,524.094157,0.929719,0.816094,0.982781,0.866720,71,55,44,40,2,2,1,2,165,137,93,69
2026/02/05/14:31:37,525.094692,0.908219,0.807084,0.959156,0.843623,66,54,46,39,2,2,0,2,170,138,93,70
2026/02/05/14:31:38,526.095510,0.902062,0.796906,0.913937,0.823623,64,54,45,39,0,0,0,2,172,138,94,70
2026/02/05/14:31:39,527.096146,0.900406,0.794417,0.912281,0.821134,63,54,45,39,0,0,0,2,173,138,94,70
2026/02/05/14:31:40,528.096853,0.901656,0.803754,0.907594,0.817112,61,54,45,40,0,0,0,1,175,138,94,70
2026/02/05/14:31:41,529.097747,0.901219,0.774853,0.901219,0.774853,61,54,42,41,0,0,0,0,175,138,97,70
2026/02/05/14:31:42,530.098632,0.897219,0.769429,0.897219,0.769429,61,52,42,41,0,0,0,0,175,140,97,70
2026/02/05/14:31:43,531.099232,0.897219,0.769429,0.897219,0.769429,61,52,42,41,0,0,0,0,175,140,97,70
2026/02/05/14:31:44,532.099839,0.902531,0.785597,0.902531,0.785597,61,52,43,42,0,0,0,0,175,140,97,70
2026/02/05/14:31:45,533.100416,0.897938,0.783850,0.897938,0.783850,60,52,43,42,0,0,0,0,176,140,97,70
2026/02/05/14:31:46,534.101245,0.897938,0.783850,0.897938,0.783850,60,52,43,42,0,0,0,0,176,140,97,70
2026/02/05/14:31:47,535.101851,0.897938,0.783850,0.897938,0.783850,60,52,43,42,0,0,0,0,176,140,97,70
2026/02/05/14:31:48,536.102710,0.890531,0.766584,0.890531,0.766584,60,50,42,42,0,0,0,0,176,142,98,70
2026/02/05/14:31:49,537.103138,0.894312,0.770683,0.903875,0.775492,61,50,42,42,1,0,0,1,176,142,98,70
2026/02/05/14:31:50,538.103898,0.913781,0.792259,0.928562,0.793969,63,50,43,44,0,0,1,0,176,142,98,70
2026/02/05/14:31:51,539.104557,0.933187,0.805749,0.987031,0.814337,64,54,43,44,0,1,4,0,176,142,98,70
2026/02/05/14:31:52,540.105153,0.934937,0.795696,0.981406,0.802202,62,54,44,44,0,1,3,0,178,142,99,70
2026/02/05/14:31:53,541.105770,0.932688,0.793791,0.979156,0.800297,62,53,44,44,0,1,3,0,178,143,99,70
2026/02/05/14:31:54,542.106490,0.928250,0.787214,0.970031,0.792147,62,52,44,44,0,0,3,0,178,145,99,70
2026/02/05/14:31:55,543.107255,0.922156,0.781336,0.936937,0.783046,62,52,43,43,0,0,1,0,178,145,100,71
2026/02/05/14:31:56,544.107940,0.922156,0.781336,0.936937,0.783046,62,52,43,43,0,0,1,0,178,145,100,71
2026/02/05/14:31:57,545.108631,0.922156,0.781336,0.936937,0.783046,62,52,43,43,0,0,1,0,178,145,100,71
2026/02/05/14:31:58,546.109146,0.902937,0.770279,0.917719,0.771989,61,50,42,43,0,0,1,0,179,147,101,71
2026/02/05/14:31:59,547.110014,0.902937,0.770279,0.917719,0.771989,61,50,42,43,0,0,1,0,179,147,101,71
2026/02/05/14:32:00,548.110706,0.900406,0.768153,0.915188,0.769863,61,50,42,42,0,0,1,0,179,147,101,72
2026/02/05/14:32:01,549.111461,0.900406,0.768153,0.915188,0.769863,61,50,42,42,0,0,1,0,179,147,101,72
2026/02/05/14:32:02,550.112156,0.900406,0.768153,0.915188,0.769863,61,50,42,42,0,0,1,0,179,147,101,72
2026/02/05/14:32:03,551.112836,0.888531,0.741436,0.903312,0.743146,61,50,42,40,0,0,1,0,179,147,101,74
2026/02/05/14:32:04,552.113488,0.883719,0.737576,0.898500,0.739286,61,50,42,38,0,0,1,0,179,147,101,76
2026/02/05/14:32:05,553.114201,0.883719,0.737576,0.898500,0.739286,61,50,42,38,0,0,1,0,179,147,101,76
2026/02/05/14:32:06,554.114908,0.883719,0.737576,0.898500,0.739286,61,50,42,38,0,0,1,0,179,147,101,76
2026/02/05/14:32:07,555.115602,0.883719,0.737576,0.898500,0.739286,61,50,42,38,0,0,1,0,179,147,101,76
2026/02/05/14:32:08,556.116352,0.883719,0.737576,0.898500,0.739286,61,50,42,38,0,0,1,0,179,147,101,76
2026/02/05/14:32:09,557.117045,0.873188,0.730381,0.887969,0.732091,61,50,41,38,0,0,1,0,179,147,102,76
2026/02/05/14:32:10,558.117684,0.873188,0.730381,0.887969,0.732091,61,50,41,38,0,0,1,0,179,147,102,76
2026/02/05/14:32:11,559.118417,0.907500,0.754833,0.922281,0.756543,65,50,44,40,0,0,1,0,179,147,102,76
2026/02/05/14:32:12,560.119080,0.907500,0.754833,0.925156,0.758238,65,50,44,40,0,0,2,0,179,147,102,76
2026/02/05/14:32:13,561.119649,0.910375,0.756528,0.925156,0.758238,65,50,45,40,0,0,1,0,179,147,102,76
2026/02/05/14:32:14,562.120241,0.896875,0.729910,0.911656,0.731620,62,47,45,40,0,0,1,0,182,150,102,76
2026/02/05/14:32:15,563.120797,0.896875,0.729910,0.911656,0.731620,62,47,45,40,0,0,1,0,182,150,102,76
2026/02/05/14:32:16,564.121430,0.896875,0.729910,0.911656,0.731620,62,47,45,40,0,0,1,0,182,150,102,76
2026/02/05/14:32:17,565.122060,0.930031,0.787777,0.977281,0.795098,63,50,50,43,0,2,2,0,182,150,102,76
2026/02/05/14:32:18,566.122660,0.934813,0.795279,0.984563,0.803862,64,50,51,43,1,2,1,0,182,150,102,76
2026/02/05/14:32:19,567.123269,0.930063,0.788033,0.975719,0.793380,64,50,48,43,0,2,1,0,183,150,105,76
2026/02/05/14:32:20,568.123921,0.921875,0.781561,0.936656,0.783271,62,50,48,43,0,0,1,0,185,150,105,76
2026/02/05/14:32:21,569.124477,0.914062,0.777821,0.928844,0.779531,62,50,46,43,0,0,1,0,185,150,107,76
2026/02/05/14:32:22,570.125137,0.910875,0.772292,0.925656,0.774002,61,50,46,43,0,0,1,0,186,150,107,76
2026/02/05/14:32:23,571.125941,0.910875,0.772292,0.925656,0.774002,61,50,46,43,0,0,1,0,186,150,107,76
2026/02/05/14:32:24,572.126832,0.910875,0.772292,0.925656,0.774002,61,50,46,43,0,0,1,0,186,150,107,76
2026/02/05/14:32:25,573.127882,0.935406,0.793491,0.961812,0.803798,66,54,46,44,0,1,2,1,186,150,107,76
2026/02/05/14:32:26,574.128531,0.941813,0.814007,0.978062,0.840943,69,54,46,44,0,1,5,1,186,150,107,76
2026/02/05/14:32:27,575.129243,0.941813,0.814007,0.981187,0.850851,69,54,46,44,1,1,5,1,186,150,107,76
2026/02/05/14:32:28,576.129606,0.952688,0.847009,0.997062,0.877374,69,57,47,45,0,3,4,2,191,150,107,76
2026/02/05/14:32:29,577.130201,0.952937,0.849091,0.994375,0.875192,69,57,47,45,0,2,4,2,191,151,107,76
2026/02/05/14:32:30,578.130827,0.949656,0.843667,0.983500,0.862904,67,56,47,46,0,1,4,1,193,152,107,76
2026/02/05/14:32:31,579.131479,0.945937,0.833561,0.965063,0.837198,63,52,50,47,0,1,1,0,197,156,107,76
2026/02/05/14:32:32,580.132208,0.939562,0.809039,0.954344,0.810749,61,52,50,46,0,0,1,0,199,156,107,77
2026/02/05/14:32:33,581.133028,0.937656,0.800086,0.952438,0.801796,61,51,50,46,0,0,1,0,199,157,107,77
2026/02/05/14:32:34,582.133576,0.926125,0.791499,0.940906,0.793209,61,49,50,45,0,0,1,0,199,159,107,78
2026/02/05/14:32:35,583.134290,0.922500,0.788068,0.937281,0.789779,61,49,50,43,0,0,1,0,199,159,107,80
2026/02/05/14:32:36,584.134866,0.907594,0.782813,0.922375,0.784524,58,49,50,43,0,0,1,0,202,159,107,80
2026/02/05/14:32:37,585.135476,0.885406,0.761654,0.900188,0.763364,57,49,46,43,0,0,1,0,203,159,111,80
2026/02/05/14:32:38,586.136130,0.885406,0.761654,0.900188,0.763364,57,49,46,43,0,0,1,0,203,159,111,80
2026/02/05/14:32:39,587.136937,0.885406,0.761654,0.900188,0.763364,57,49,46,43,0,0,1,0,203,159,111,80
2026/02/05/14:32:40,588.137781,0.885406,0.761654,0.900188,0.763364,57,49,46,43,0,0,1,0,203,159,111,80
2026/02/05/14:32:41,589.138460,0.885406,0.761654,0.900188,0.763364,57,49,46,43,0,0,1,0,203,159,111,80
2026/02/05/14:32:42,590.139128,0.881219,0.756306,0.896000,0.758016,57,49,45,42,0,0,1,0,203,159,112,81
2026/02/05/14:32:43,591.139792,0.879500,0.754639,0.894281,0.756349,56,49,45,42,0,0,1,0,204,159,112,81
2026/02/05/14:32:44,592.140220,0.879500,0.754639,0.894281,0.756349,56,49,45,42,0,0,1,0,204,159,112,81
2026/02/05/14:32:45,593.140665,0.894281,0.756349,0.894281,0.756349,56,49,46,42,0,0,0,0,206,159,112,81
2026/02/05/14:32:46,594.141364,0.894281,0.756349,0.894281,0.756349,56,49,46,42,0,0,0,0,206,159,112,81
2026/02/05/14:32:47,595.142245,0.894281,0.756349,0.894281,0.756349,56,49,46,42,0,0,0,0,206,159,112,81
2026/02/05/14:32:48,596.142879,0.894281,0.756349,0.894281,0.756349,56,49,46,42,0,0,0,0,206,159,112,81
2026/02/05/14:32:49,597.143598,0.894281,0.756349,0.894281,0.756349,56,49,46,42,0,0,0,0,206,159,112,81
2026/02/05/14:32:50,598.144165,0.883312,0.714456,0.883312,0.714456,56,46,46,41,0,0,0,0,206,162,112,82
2026/02/05/14:32:51,599.144863,0.883312,0.714456,0.883312,0.714456,56,46,46,41,0,0,0,0,206,162,112,82
2026/02/05/14:32:52,600.145454,0.885750,0.717468,0.885750,0.717468,58,46,45,41,0,0,0,0,206,162,113,82
2026/02/05/14:32:53,601.146171,0.911125,0.740271,0.918969,0.741959,62,48,45,42,0,0,0,1,206,162,113,82
2026/02/05/14:32:54,602.146767,0.917687,0.755398,0.925531,0.757086,63,48,45,44,0,0,0,1,206,162,113,82
2026/02/05/14:32:55,603.147436,0.902250,0.737222,0.910094,0.738911,62,46,42,44,0,0,0,1,207,164,116,82
2026/02/05/14:32:56,604.148211,0.890531,0.727090,0.890531,0.727090,62,44,42,43,0,0,0,0,207,166,116,83
2026/02/05/14:32:57,605.148779,0.893188,0.729411,0.893188,0.729411,62,44,42,44,0,0,0,0,207,166,116,83
2026/02/05/14:32:58,606.149257,0.893188,0.729411,0.893188,0.729411,62,44,42,44,0,0,0,0,207,166,116,83
2026/02/05/14:32:59,607.149960,0.884594,0.722165,0.884594,0.722165,60,44,42,43,0,0,0,0,209,166,116,84
2026/02/05/14:33:00,608.150537,0.884594,0.722165,0.896906,0.728243,60,44,42,43,2,0,0,0,209,166,116,84
2026/02/05/14:33:01,609.151124,0.896906,0.728243,0.896906,0.728243,62,44,42,43,0,0,0,0,209,166,116,84
2026/02/05/14:33:02,610.151805,0.896906,0.728243,0.896906,0.728243,62,44,42,43,0,0,0,0,209,166,116,84
2026/02/05/14:33:03,611.152360,0.932156,0.745790,0.946812,0.751396,68,46,42,43,0,1,0,1,209,166,116,84
2026/02/05/14:33:04,612.152966,0.927312,0.751181,0.927312,0.751181,67,45,43,44,0,0,0,0,210,168,116,84
2026/02/05/14:33:05,613.153633,0.927312,0.751181,0.927312,0.751181,67,45,43,44,0,0,0,0,210,168,116,84
2026/02/05/14:33:06,614.154305,0.915156,0.748165,0.915156,0.748165,67,45,43,43,0,0,0,0,210,168,116,85
2026/02/05/14:33:07,615.155005,0.915156,0.748165,0.915156,0.748165,67,45,43,43,0,0,0,0,210,168,116,85
2026/02/05/14:33:08,616.155632,0.915156,0.748165,0.915156,0.748165,67,45,43,43,0,0,0,0,210,168,116,85
2026/02/05/14:33:09,617.156466,0.907656,0.740394,0.907656,0.740394,67,42,43,43,0,0,0,0,210,171,116,85
2026/02/05/14:33:10,618.157135,0.907656,0.740394,0.907656,0.740394,67,42,43,43,0,0,0,0,210,171,116,85
2026/02/05/14:33:11,619.157761,0.907656,0.740394,0.907656,0.740394,67,42,43,43,0,0,0,0,210,171,116,85
2026/02/05/14:33:12,620.158595,0.885156,0.735419,0.885156,0.735419,67,40,43,43,0,0,0,0,210,173,116,85
2026/02/05/14:33:13,621.159284,0.885156,0.735419,0.885156,0.735419,67,40,43,43,0,0,0,0,210,173,116,85
2026/02/05/14:33:14,622.160016,0.859906,0.723105,0.859906,0.723105,62,40,43,43,0,0,0,0,215,173,116,85
2026/02/05/14:33:15,623.160681,0.859906,0.723105,0.859906,0.723105,62,40,43,43,0,0,0,0,215,173,116,85
2026/02/05/14:33:16,624.161341,0.859906,0.723105,0.859906,0.723105,62,40,43,43,0,0,0,0,215,173,116,85
2026/02/05/14:33:17,625.162170,0.859906,0.723105,0.859906,0.723105,62,40,43,43,0,0,0,0,215,173,116,85
2026/02/05/14:33:18,626.162801,0.859906,0.723105,0.859906,0.723105,62,40,43,43,0,0,0,0,215,173,116,85
2026/02/05/14:33:19,627.163607,0.859906,0.723105,0.859906,0.723105,62,40,43,43,0,0,0,0,215,173,116,85
2026/02/05/14:33:20,628.164474,0.859906,0.723105,0.859906,0.723105,62,40,43,43,0,0,0,0,215,173,116,85
2026/02/05/14:33:21,629.165161,0.859906,0.723105,0.859906,0.723105,62,40,43,43,0,0,0,0,215,173,116,85
2026/02/05/14:33:22,630.165805,0.859906,0.723105,0.859906,0.723105,62,40,43,43,0,0,0,0,215,173,116,85
2026/02/05/14:33:23,631.166339,0.858219,0.721133,0.858219,0.721133,61,40,43,43,0,0,0,0,216,173,116,85
2026/02/05/14:33:24,632.167040,0.858219,0.721133,0.858219,0.721133,61,40,43,43,0,0,0,0,216,173,116,85
2026/02/05/14:33:25,633.167641,0.858219,0.721133,0.858219,0.721133,61,40,43,43,0,0,0,0,216,173,116,85
2026/02/05/14:33:26,634.168418,0.918469,0.803322,0.918469,0.803322,64,47,49,45,0,0,0,0,216,173,116,85
2026/02/05/14:33:27,635.169112,0.926344,0.815810,0.926344,0.815810,64,49,49,45,0,0,0,0,216,173,116,85
2026/02/05/14:33:28,636.169705,0.899250,0.792288,0.899250,0.792288,60,47,49,43,0,0,0,0,220,175,116,87
2026/02/05/14:33:29,637.170345,0.899250,0.792288,0.899250,0.792288,60,47,49,43,0,0,0,0,220,175,116,87
2026/02/05/14:33:30,638.170907,0.903000,0.787624,0.908813,0.791536,60,47,49,43,0,1,0,0,220,177,116,87
2026/02/05/14:33:31,639.171658,0.905312,0.802039,0.911125,0.805951,60,48,49,43,0,1,0,0,220,177,116,87
2026/02/05/14:33:32,640.172407,0.893687,0.794215,0.893687,0.794215,60,46,49,43,0,0,0,0,220,179,116,87
2026/02/05/14:33:33,641.173247,0.893687,0.794215,0.893687,0.794215,60,46,49,43,0,0,0,0,220,179,116,87
2026/02/05/14:33:34,642.174003,0.893687,0.794215,0.893687,0.794215,60,46,49,43,0,0,0,0,220,179,116,87
2026/02/05/14:33:35,643.174650,0.891375,0.779800,0.891375,0.779800,60,45,49,43,0,0,0,0,220,180,116,87
2026/02/05/14:33:36,644.175405,0.891375,0.779800,0.891375,0.779800,60,45,49,43,0,0,0,0,220,180,116,87
2026/02/05/14:33:37,645.176017,0.891375,0.779800,0.891375,0.779800,60,45,49,43,0,0,0,0,220,180,116,87
2026/02/05/14:33:38,646.176785,0.875531,0.771357,0.875531,0.771357,60,42,49,43,0,0,0,0,220,183,116,87
2026/02/05/14:33:39,647.177514,0.875531,0.771357,0.875531,0.771357,60,42,49,43,0,0,0,0,220,183,116,87
2026/02/05/14:33:40,648.178161,0.872563,0.763428,0.872563,0.763428,60,42,48,43,0,0,0,0,220,183,117,87
2026/02/05/14:33:41,649.178845,0.872563,0.763428,0.872563,0.763428,60,42,48,43,0,0,0,0,220,183,117,87
2026/02/05/14:33:42,650.179502,0.872563,0.763428,0.872563,0.763428,60,42,48,43,0,0,0,0,220,183,117,87
2026/02/05/14:33:43,651.180335,0.872563,0.763428,0.872563,0.763428,60,42,48,43,0,0,0,0,220,183,117,87
2026/02/05/14:33:44,652.180970,0.872563,0.763428,0.872563,0.763428,60,42,48,43,0,0,0,0,220,183,117,87
2026/02/05/14:33:45,653.181528,0.872563,0.763428,0.872563,0.763428,60,42,48,43,0,0,0,0,220,183,117,87
2026/02/05/14:33:46,654.182182,0.864250,0.757886,0.864250,0.757886,60,40,48,43,0,0,0,0,220,185,117,87
2026/02/05/14:33:47,655.182884,0.864250,0.757886,0.864250,0.757886,60,40,48,43,0,0,0,0,220,185,117,87
2026/02/05/14:33:48,656.183516,0.864250,0.757886,0.864250,0.757886,60,40,48,43,0,0,0,0,220,185,117,87
2026/02/05/14:33:49,657.184307,0.864250,0.757886,0.864250,0.757886,60,40,48,43,0,0,0,0,220,185,117,87
2026/02/05/14:33:50,658.184931,0.864250,0.757886,0.864250,0.757886,60,40,48,43,0,0,0,0,220,185,117,87
2026/02/05/14:33:51,659.185848,0.890125,0.804025,0.894031,0.819313,62,41,50,46,1,0,0,0,220,185,117,87
2026/02/05/14:33:52,660.186460,0.895938,0.808949,0.899844,0.824237,62,41,50,48,1,0,0,0,220,185,117,87
2026/02/05/14:33:53,661.187129,0.908500,0.816321,0.931156,0.834899,64,41,50,48,3,0,0,0,220,185,117,87
2026/02/05/14:33:54,662.187790,0.908500,0.816321,0.931156,0.834899,64,41,50,48,3,0,0,0,220,185,117,87
2026/02/05/14:33:55,663.188400,0.911969,0.794129,0.921344,0.795774,62,45,50,48,1,0,0,0,223,186,117,87
2026/02/05/14:33:56,664.189044,0.906156,0.789205,0.915531,0.790850,62,45,50,46,1,0,0,0,223,186,117,89
2026/02/05/14:33:57,665.191165,0.906156,0.789205,0.915531,0.790850,62,45,50,46,1,0,0,0,223,186,117,89
2026/02/05/14:33:58,666.191634,0.906156,0.789205,0.915531,0.790850,62,45,50,46,1,0,0,0,223,186,117,89
2026/02/05/14:33:59,667.192270,0.906156,0.789205,0.915531,0.790850,62,45,50,46,1,0,0,0,223,186,117,89
2026/02/05/14:34:00,668.192977,0.906156,0.789205,0.915531,0.790850,62,45,50,46,1,0,0,0,223,186,117,89
2026/02/05/14:34:01,669.193792,0.906156,0.789205,0.915531,0.790850,62,45,50,46,1,0,0,0,223,186,117,89
2026/02/05/14:34:02,670.194326,0.906156,0.789205,0.915531,0.790850,62,45,50,46,1,0,0,0,223,186,117,89
2026/02/05/14:34:03,671.195062,0.906156,0.789205,0.915531,0.790850,62,45,50,46,1,0,0,0,223,186,117,89
2026/02/05/14:34:04,672.195744,0.900625,0.783724,0.910000,0.785369,62,42,50,46,1,0,0,0,223,189,117,89
2026/02/05/14:34:05,673.196369,0.900625,0.783724,0.910000,0.785369,62,42,50,46,1,0,0,0,223,189,117,89
2026/02/05/14:34:06,674.197061,0.895312,0.776103,0.904687,0.777748,62,42,48,46,1,0,0,0,223,189,119,89
2026/02/05/14:34:07,675.197703,0.895312,0.776103,0.904687,0.777748,62,42,48,46,1,0,0,0,223,189,119,89
2026/02/05/14:34:08,676.198347,0.895312,0.776103,0.904687,0.777748,62,42,48,46,1,0,0,0,223,189,119,89
2026/02/05/14:34:09,677.199158,0.892188,0.766115,0.901563,0.767760,62,40,48,46,1,0,0,0,223,191,119,89
2026/02/05/14:34:10,678.227231,0.891531,0.789284,0.891531,0.789284,61,42,51,48,0,0,0,0,225,191,119,89
2026/02/05/14:34:11,679.227680,0.915188,0.827458,0.917375,0.842142,62,44,55,48,0,1,0,0,225,191,119,89
2026/02/05/14:34:12,680.228217,0.925250,0.837537,0.927438,0.852221,62,44,56,50,0,1,0,0,225,191,119,89
2026/02/05/14:34:13,681.228888,0.921281,0.835847,0.923469,0.850530,61,44,56,50,0,1,0,0,226,191,119,89
2026/02/05/14:34:14,682.229505,0.901719,0.825170,0.903906,0.839854,61,44,52,48,0,1,0,0,226,191,123,91
2026/02/05/14:34:15,683.230155,0.901719,0.825170,0.903906,0.839854,61,44,52,48,0,1,0,0,226,191,123,91
2026/02/05/14:34:16,684.230877,0.901719,0.825170,0.903906,0.839854,61,44,52,48,0,1,0,0,226,191,123,91
2026/02/05/14:34:17,685.231390,0.901719,0.825170,0.903906,0.839854,61,44,52,48,0,1,0,0,226,191,123,91
2026/02/05/14:34:18,686.231955,0.901719,0.825170,0.903906,0.839854,61,44,52,48,0,1,0,0,226,191,123,91
2026/02/05/14:34:19,687.232624,0.901719,0.825170,0.903906,0.839854,61,44,52,48,0,1,0,0,226,191,123,91
2026/02/05/14:34:20,688.233279,0.901719,0.825170,0.903906,0.839854,61,44,52,48,0,1,0,0,226,191,123,91
2026/02/05/14:34:21,689.233856,0.897781,0.812669,0.899969,0.827353,61,42,52,48,0,1,0,0,226,193,123,91
2026/02/05/14:34:22,690.234697,0.897781,0.812669,0.899969,0.827353,61,42,52,48,0,1,0,0,226,193,123,91
2026/02/05/14:34:23,691.235436,0.897781,0.812669,0.899969,0.827353,61,42,52,48,0,1,0,0,226,193,123,91
2026/02/05/14:34:24,692.236168,0.891594,0.809102,0.893781,0.823785,61,42,50,48,0,1,0,0,226,193,125,91
2026/02/05/14:34:25,693.236858,0.887219,0.779734,0.887219,0.779734,61,40,50,48,0,0,0,0,226,195,125,91
2026/02/05/14:34:26,694.237390,0.885219,0.773977,0.885219,0.773977,61,40,49,48,0,0,0,0,226,195,126,91
2026/02/05/14:34:27,695.238126,0.885219,0.773977,0.885219,0.773977,61,40,49,48,0,0,0,0,226,195,126,91
2026/02/05/14:34:28,696.238821,0.885219,0.773977,0.885219,0.773977,61,40,49,48,0,0,0,0,226,195,126,91
2026/02/05/14:34:29,697.239502,0.885219,0.773977,0.885219,0.773977,61,40,49,48,0,0,0,0,226,195,126,91
2026/02/05/14:34:30,698.240310,0.885219,0.773977,0.885219,0.773977,61,40,49,48,0,0,0,0,226,195,126,91
2026/02/05/14:34:31,699.241083,0.885219,0.773977,0.885219,0.773977,61,40,49,48,0,0,0,0,226,195,126,91
2026/02/05/14:34:32,700.241819,0.885219,0.773977,0.885219,0.773977,61,40,49,48,0,0,0,0,226,195,126,91
2026/02/05/14:34:33,701.242386,0.886969,0.776312,0.886969,0.776312,61,41,49,48,0,0,0,0,226,195,126,91
2026/02/05/14:34:34,702.243025,0.897031,0.787612,0.897031,0.787612,61,44,50,48,0,0,0,0,226,195,126,91
2026/02/05/14:34:35,703.243616,0.897031,0.787612,0.897031,0.787612,61,44,50,48,0,0,0,0,226,195,126,91
2026/02/05/14:34:36,704.244267,0.897031,0.787612,0.897031,0.787612,61,44,50,48,0,0,0,0,226,195,126,91
2026/02/05/14:34:37,705.244841,0.895375,0.785271,0.895375,0.785271,61,44,49,48,0,0,0,0,226,195,127,91
2026/02/05/14:34:38,706.245639,0.895375,0.785271,0.895375,0.785271,61,44,49,48,0,0,0,0,226,195,127,91
2026/02/05/14:34:39,707.246375,0.895375,0.785271,0.895375,0.785271,61,44,49,48,0,0,0,0,226,195,127,91
2026/02/05/14:34:40,708.247139,0.886594,0.776623,0.886594,0.776623,61,44,45,48,0,0,0,0,226,195,131,91
2026/02/05/14:34:41,709.247792,0.881594,0.774298,0.881594,0.774298,61,44,45,47,0,0,0,0,226,195,131,92
2026/02/05/14:34:42,710.248559,0.881594,0.774298,0.881594,0.774298,61,44,45,47,0,0,0,0,226,195,131,92
2026/02/05/14:34:43,711.249293,0.879844,0.771963,0.879844,0.771963,61,43,45,47,0,0,0,0,226,196,131,92
2026/02/05/14:34:44,712.249988,0.879844,0.771963,0.879844,0.771963,61,43,45,47,0,0,0,0,226,196,131,92
2026/02/05/14:34:45,713.250627,0.879844,0.771963,0.879844,0.771963,61,43,45,47,0,0,0,0,226,196,131,92
2026/02/05/14:34:46,714.251261,0.879844,0.771963,0.879844,0.771963,61,43,45,47,0,0,0,0,226,196,131,92
2026/02/05/14:34:47,715.251852,0.879844,0.771963,0.879844,0.771963,61,43,45,47,0,0,0,0,226,196,131,92
2026/02/05/14:34:48,716.252679,0.899125,0.793638,0.899125,0.793638,61,43,51,48,0,0,0,0,226,196,131,92
2026/02/05/14:34:49,717.253307,0.899125,0.793638,0.899125,0.793638,61,43,51,48,0,0,0,0,226,196,131,92
2026/02/05/14:34:50,718.253912,0.899125,0.793638,0.899125,0.793638,61,43,51,48,0,0,0,0,226,196,131,92
2026/02/05/14:34:51,719.254631,0.899125,0.793638,0.899125,0.793638,61,43,51,48,0,0,0,0,226,196,131,92
2026/02/05/14:34:52,720.255167,0.887594,0.782675,0.887594,0.782675,61,43,48,48,0,0,0,0,226,196,134,92
2026/02/05/14:34:53,721.256161,0.885375,0.778625,0.885375,0.778625,61,43,48,47,0,0,0,0,226,196,134,93
2026/02/05/14:34:54,722.256687,0.885375,0.778625,0.885375,0.778625,61,43,48,47,0,0,0,0,226,196,134,93
2026/02/05/14:34:55,723.257592,0.873062,0.772547,0.873062,0.772547,59,43,48,47,0,0,0,0,228,196,134,93
2026/02/05/14:34:56,724.258326,0.875906,0.775546,0.875906,0.775546,60,43,48,47,0,0,0,0,228,196,134,93
2026/02/05/14:34:57,725.258831,0.918219,0.814432,0.940094,0.822003,68,46,48,47,3,0,0,0,228,196,134,93
2026/02/05/14:34:58,726.259315,0.933656,0.835428,0.980531,0.851593,71,47,51,47,7,0,0,0,228,196,134,93
2026/02/05/14:34:59,727.259739,0.946281,0.813673,0.989031,0.827372,71,49,50,49,6,0,0,0,230,196,137,93
2026/02/05/14:35:00,728.260323,0.940750,0.813108,0.978375,0.826573,71,49,50,49,3,0,2,0,232,196,137,95
2026/02/05/14:35:01,729.261027,0.942125,0.806085,1.014656,0.860440,74,50,46,49,5,1,5,0,233,196,141,95
2026/02/05/14:35:02,730.261610,0.942562,0.817369,0.993531,0.858576,74,50,46,49,3,0,4,0,235,198,142,95
2026/02/05/14:35:03,731.262149,0.940906,0.814031,0.985688,0.851605,74,49,46,49,3,0,3,0,235,199,142,95
2026/02/05/14:35:04,732.262872,0.946187,0.809107,0.986437,0.844958,76,48,47,48,3,0,2,0,235,202,142,96
2026/02/05/14:35:05,733.263450,0.939562,0.804946,0.979812,0.840796,74,48,47,48,3,0,2,0,237,202,142,96
2026/02/05/14:35:06,734.264217,0.939562,0.804946,0.979812,0.840796,74,48,47,48,3,0,2,0,237,202,142,96
2026/02/05/14:35:07,735.265017,0.918562,0.781610,0.946000,0.801973,73,43,45,48,1,0,2,0,240,207,144,96
2026/02/05/14:35:08,736.265656,0.912469,0.775729,0.939906,0.796092,70,43,45,48,1,0,2,0,243,207,144,96
2026/02/05/14:35:09,737.266311,0.902062,0.768222,0.929500,0.788584,69,43,45,46,1,0,2,0,244,207,144,98
2026/02/05/14:35:10,738.266864,0.902062,0.768222,0.929500,0.788584,69,43,45,46,1,0,2,0,244,207,144,98
2026/02/05/14:35:11,739.267415,0.924875,0.788259,0.974625,0.816673,74,44,45,48,4,0,2,0,244,207,144,98
2026/02/05/14:35:12,740.267968,0.937031,0.814383,1.007562,0.856692,78,44,45,49,5,0,2,2,244,207,144,98
2026/02/05/14:35:13,741.268574,0.944719,0.826278,1.061406,0.876702,79,47,45,49,6,0,5,2,244,207,144,98
2026/02/05/14:35:14,742.269145,0.937187,0.816130,1.049156,0.864911,77,47,45,47,5,0,5,2,247,207,144,100
2026/02/05/14:35:15,743.269643,0.925625,0.785451,1.002156,0.820995,70,44,45,49,2,0,5,0,254,210,144,100
2026/02/05/14:35:16,744.270296,0.926469,0.801933,0.989031,0.815810,72,44,45,47,0,0,5,0,254,210,144,102
2026/02/05/14:35:17,745.271029,0.933656,0.810323,0.971187,0.832457,74,41,47,47,4,0,2,0,254,213,144,102
2026/02/05/14:35:18,746.271785,0.927312,0.804473,0.960750,0.823298,72,41,47,47,3,0,2,0,257,213,144,102
2026/02/05/14:35:19,747.272289,0.919594,0.792777,0.919594,0.792777,71,41,47,47,0,0,0,0,260,213,144,102
2026/02/05/14:35:20,748.272982,0.911344,0.787845,0.911344,0.787845,69,41,47,47,0,0,0,0,262,213,144,102
2026/02/05/14:35:21,749.273784,0.904469,0.777278,0.904469,0.777278,69,41,45,47,0,0,0,0,262,213,146,102
2026/02/05/14:35:22,750.274528,0.904469,0.777278,0.904469,0.777278,69,41,45,47,0,0,0,0,262,213,146,102
2026/02/05/14:35:23,751.275872,0.898188,0.769690,0.898188,0.769690,69,41,42,47,0,0,0,0,262,213,149,102
2026/02/05/14:35:24,752.276775,0.898188,0.769690,0.898188,0.769690,69,41,42,47,0,0,0,0,262,213,149,102
2026/02/05/14:35:25,753.277309,0.898188,0.769690,0.898188,0.769690,69,41,42,47,0,0,0,0,262,213,149,102
2026/02/05/14:35:26,754.277994,0.890750,0.765194,0.890750,0.765194,69,41,40,47,0,0,0,0,262,213,151,102
2026/02/05/14:35:27,755.278678,0.890750,0.765194,0.890750,0.765194,69,41,40,47,0,0,0,0,262,213,151,102
2026/02/05/14:35:28,756.279307,0.886031,0.763550,0.886031,0.763550,68,41,40,47,0,0,0,0,263,213,151,102
2026/02/05/14:35:29,757.280138,0.886031,0.763550,0.886031,0.763550,68,41,40,47,0,0,0,0,263,213,151,102
2026/02/05/14:35:30,758.280656,0.881094,0.758598,0.881094,0.758598,68,41,38,47,0,0,0,0,263,213,153,102
2026/02/05/14:35:31,759.281164,0.870031,0.753860,0.870031,0.753860,68,41,38,45,0,0,0,0,263,213,153,104
2026/02/05/14:35:32,760.281664,0.868313,0.750468,0.868313,0.750468,67,41,38,45,0,0,0,0,264,213,153,104
2026/02/05/14:35:33,761.282493,0.868313,0.750468,0.868313,0.750468,67,41,38,45,0,0,0,0,264,213,153,104
2026/02/05/14:35:34,762.283252,0.868313,0.750468,0.868313,0.750468,67,41,38,45,0,0,0,0,264,213,153,104
2026/02/05/14:35:35,763.283940,0.868313,0.750468,0.868313,0.750468,67,41,38,45,0,0,0,0,264,213,153,104
2026/02/05/14:35:36,764.284486,0.866375,0.744215,0.866375,0.744215,66,41,38,45,0,0,0,0,265,213,153,104
2026/02/05/14:35:37,765.285266,0.864187,0.739821,0.864187,0.739821,66,40,38,45,0,0,0,0,265,214,153,104
2026/02/05/14:35:38,766.285825,0.864187,0.739821,0.864187,0.739821,66,40,38,45,0,0,0,0,265,214,153,104
2026/02/05/14:35:39,767.286475,0.864187,0.739821,0.864187,0.739821,66,40,38,45,0,0,0,0,265,214,153,104
2026/02/05/14:35:40,768.287233,0.864187,0.739821,0.864187,0.739821,66,40,38,45,0,0,0,0,265,214,153,104
2026/02/05/14:35:41,769.287864,0.851906,0.729894,0.851906,0.729894,63,40,38,45,0,0,0,0,268,214,153,104
2026/02/05/14:35:42,770.288536,0.851906,0.729894,0.851906,0.729894,63,40,38,45,0,0,0,0,268,214,153,104
2026/02/05/14:35:43,771.289161,0.851906,0.729894,0.855656,0.731581,63,40,38,45,1,0,0,0,268,214,153,104
2026/02/05/14:35:44,772.289711,0.871375,0.774785,0.871375,0.774785,64,43,39,48,0,0,0,0,268,214,153,104
2026/02/05/14:35:45,773.290376,0.900312,0.807822,0.900312,0.807822,71,43,43,48,0,0,0,0,268,214,153,104
2026/02/05/14:35:46,774.290893,0.909031,0.792446,0.909031,0.792446,74,40,45,48,0,0,0,0,268,217,154,104
2026/02/05/14:35:47,775.291470,0.897594,0.773870,0.897594,0.773870,71,40,44,48,0,0,0,0,271,217,155,106
2026/02/05/14:35:48,776.292178,0.897594,0.773870,0.897594,0.773870,71,40,44,48,0,0,0,0,271,217,155,106
2026/02/05/14:35:49,777.292825,0.882938,0.761839,0.882938,0.761839,68,40,44,47,0,0,0,0,274,217,155,107
2026/02/05/14:35:50,778.293399,0.876594,0.755162,0.876594,0.755162,66,40,44,47,0,0,0,0,276,217,155,107
2026/02/05/14:35:51,779.294161,0.876844,0.759865,0.876844,0.759865,67,40,47,45,0,0,0,0,276,217,155,109
2026/02/05/14:35:52,780.294908,0.873531,0.754622,0.873531,0.754622,67,40,47,43,0,0,0,0,276,217,155,111
2026/02/05/14:35:53,781.295642,0.863781,0.744133,0.863781,0.744133,66,40,44,43,0,0,0,0,277,217,158,111
2026/02/05/14:35:54,782.296386,0.863781,0.744133,0.863781,0.744133,66,40,44,43,0,0,0,0,277,217,158,111
2026/02/05/14:35:55,783.297199,0.863781,0.744133,0.863781,0.744133,66,40,44,43,0,0,0,0,277,217,158,111
2026/02/05/14:35:56,784.298007,0.849437,0.732904,0.849437,0.732904,66,40,41,40,0,0,0,0,277,217,161,114
2026/02/05/14:35:57,785.298836,0.860500,0.738924,0.860500,0.738924,66,42,41,40,0,0,0,0,277,217,161,114
2026/02/05/14:35:58,786.299364,0.853656,0.733230,0.853656,0.733230,66,42,38,40,0,0,0,0,277,217,164,114
2026/02/05/14:35:59,787.300080,0.853656,0.733230,0.853656,0.733230,66,42,38,40,0,0,0,0,277,217,164,114
2026/02/05/14:36:00,788.300728,0.853656,0.733230,0.853656,0.733230,66,42,38,40,0,0,0,0,277,217,164,114
2026/02/05/14:36:01,789.301407,0.853656,0.733230,0.853656,0.733230,66,42,38,40,0,0,0,0,277,217,164,114
2026/02/05/14:36:02,790.301976,0.853656,0.733230,0.853656,0.733230,66,42,38,40,0,0,0,0,277,217,164,114
2026/02/05/14:36:03,791.302766,0.853656,0.733230,0.853656,0.733230,66,42,38,40,0,0,0,0,277,217,164,114
2026/02/05/14:36:04,792.303470,0.853656,0.733230,0.853656,0.733230,66,42,38,40,0,0,0,0,277,217,164,114
2026/02/05/14:36:05,793.304326,0.853656,0.733230,0.853656,0.733230,66,42,38,40,0,0,0,0,277,217,164,114
2026/02/05/14:36:06,794.304932,0.853656,0.733230,0.853656,0.733230,66,42,38,40,0,0,0,0,277,217,164,114
2026/02/05/14:36:07,795.305518,0.834906,0.721004,0.834906,0.721004,63,40,38,40,0,0,0,0,280,219,164,114
2026/02/05/14:36:08,796.306173,0.832906,0.716688,0.832906,0.716688,63,40,38,39,0,0,0,0,280,219,164,115
2026/02/05/14:36:09,797.306716,0.832906,0.716688,0.832906,0.716688,63,40,38,39,0,0,0,0,280,219,164,115
2026/02/05/14:36:10,798.307269,0.832906,0.716688,0.832906,0.716688,63,40,38,39,0,0,0,0,280,219,164,115
2026/02/05/14:36:11,799.307932,0.832906,0.716688,0.832906,0.716688,63,40,38,39,0,0,0,0,280,219,164,115
2026/02/05/14:36:12,800.308567,0.832906,0.716688,0.832906,0.716688,63,40,38,39,0,0,0,0,280,219,164,115
2026/02/05/14:36:13,801.309203,0.819906,0.711628,0.819906,0.711628,61,40,38,39,0,0,0,0,282,219,164,115
2026/02/05/14:36:14,802.309761,0.819906,0.711628,0.819906,0.711628,61,40,38,39,0,0,0,0,282,219,164,115
2026/02/05/14:36:15,803.310422,0.819906,0.711628,0.819906,0.711628,61,40,38,39,0,0,0,0,282,219,164,115
2026/02/05/14:36:16,804.311364,0.819906,0.711628,0.819906,0.711628,61,40,38,39,0,0,0,0,282,219,164,115
2026/02/05/14:36:17,805.312273,0.819906,0.711628,0.819906,0.711628,61,40,38,39,0,0,0,0,282,219,164,115
2026/02/05/14:36:18,806.313133,0.819906,0.711628,0.819906,0.711628,61,40,38,39,0,0,0,0,282,219,164,115
2026/02/05/14:36:19,807.313823,0.819906,0.711628,0.819906,0.711628,61,40,38,39,0,0,0,0,282,219,164,115
2026/02/05/14:36:20,808.314464,0.819906,0.711628,0.819906,0.711628,61,40,38,39,0,0,0,0,282,219,164,115
2026/02/05/14:36:21,809.315301,0.819906,0.711628,0.819906,0.711628,61,40,38,39,0,0,0,0,282,219,164,115
2026/02/05/14:36:22,810.316414,0.859219,0.761778,0.859219,0.761778,64,47,38,44,0,0,0,0,282,219,164,115
2026/02/05/14:36:23,811.317192,0.878031,0.769385,0.878031,0.769385,64,47,39,47,0,0,0,0,282,219,164,115
2026/02/05/14:36:24,812.317767,0.891813,0.777933,0.895406,0.780442,64,49,41,45,0,0,1,0,282,219,164,117
2026/02/05/14:36:25,813.318404,0.904375,0.790629,0.904375,0.790629,64,49,45,45,0,0,0,0,282,219,164,117
2026/02/05/14:36:26,814.319112,0.889094,0.784284,0.889094,0.784284,64,49,45,42,0,0,0,0,282,219,164,120
2026/02/05/14:36:27,815.319924,0.873125,0.766326,0.873125,0.766326,64,44,45,42,0,0,0,0,282,224,164,120
2026/02/05/14:36:28,816.320345,0.873125,0.766326,0.873125,0.766326,64,44,45,42,0,0,0,0,282,224,164,120
2026/02/05/14:36:29,817.320964,0.871313,0.761510,0.871313,0.761510,64,43,45,42,0,0,0,0,282,225,164,120
2026/02/05/14:36:30,818.321714,0.847313,0.744595,0.847313,0.744595,64,43,42,39,0,0,0,0,282,225,167,123
2026/02/05/14:36:31,819.322384,0.847313,0.744595,0.847313,0.744595,64,43,42,39,0,0,0,0,282,225,167,123
2026/02/05/14:36:32,820.323119,0.839156,0.730240,0.839156,0.730240,62,42,42,39,0,0,0,0,284,226,167,123
2026/02/05/14:36:33,821.323749,0.826688,0.716722,0.826688,0.716722,61,42,39,39,0,0,0,0,285,226,170,123
2026/02/05/14:36:34,822.324390,0.826688,0.716722,0.826688,0.716722,61,42,39,39,0,0,0,0,285,226,170,123
2026/02/05/14:36:35,823.325148,0.826688,0.716722,0.826688,0.716722,61,42,39,39,0,0,0,0,285,226,170,123
2026/02/05/14:36:36,824.326180,0.826688,0.716722,0.826688,0.716722,61,42,39,39,0,0,0,0,285,226,170,123
2026/02/05/14:36:37,825.326833,0.823812,0.714513,0.823812,0.714513,61,42,38,39,0,0,0,0,285,226,171,123
2026/02/05/14:36:38,826.327653,0.823812,0.714513,0.823812,0.714513,61,42,38,39,0,0,0,0,285,226,171,123
2026/02/05/14:36:39,827.328282,0.823812,0.714513,0.823812,0.714513,61,42,38,39,0,0,0,0,285,226,171,123
2026/02/05/14:36:40,828.328908,0.823812,0.714513,0.823812,0.714513,61,42,38,39,0,0,0,0,285,226,171,123
2026/02/05/14:36:41,829.329570,0.823812,0.714513,0.823812,0.714513,61,42,38,39,0,0,0,0,285,226,171,123
2026/02/05/14:36:42,830.330126,0.811187,0.688597,0.811187,0.688597,59,42,38,39,0,0,0,0,287,226,171,123
2026/02/05/14:36:43,831.330702,0.809500,0.687021,0.809500,0.687021,59,41,38,39,0,0,0,0,287,227,171,123
2026/02/05/14:36:44,832.331427,0.809500,0.687021,0.809500,0.687021,59,41,38,39,0,0,0,0,287,227,171,123
2026/02/05/14:36:45,833.332042,0.809500,0.687021,0.809500,0.687021,59,41,38,39,0,0,0,0,287,227,171,123
2026/02/05/14:36:46,834.332761,0.809500,0.687021,0.809500,0.687021,59,41,38,39,0,0,0,0,287,227,171,123
2026/02/05/14:36:47,835.333633,0.809500,0.687021,0.809500,0.687021,59,41,38,39,0,0,0,0,287,227,171,123
2026/02/05/14:36:48,836.334373,0.809500,0.687021,0.809500,0.687021,59,41,38,39,0,0,0,0,287,227,171,123
2026/02/05/14:36:49,837.335001,0.809500,0.687021,0.809500,0.687021,59,41,38,39,0,0,0,0,287,227,171,123
2026/02/05/14:36:50,838.335548,0.809500,0.687021,0.809500,0.687021,59,41,38,39,0,0,0,0,287,227,171,123
2026/02/05/14:36:51,839.336272,0.844250,0.707627,0.844250,0.707627,65,43,38,39,0,0,0,0,287,227,171,123
2026/02/05/14:36:52,840.336909,0.844250,0.707627,0.844250,0.707627,65,43,38,39,0,0,0,0,287,227,171,123
2026/02/05/14:36:53,841.337423,0.867188,0.727864,0.875812,0.729894,65,46,40,39,0,1,0,0,287,227,171,123
2026/02/05/14:36:54,842.338222,0.871188,0.739351,0.907750,0.752852,62,48,40,42,0,0,0,3,290,227,171,123
2026/02/05/14:36:55,843.339039,0.862625,0.733663,0.899188,0.747164,62,46,40,42,0,0,0,3,290,229,171,123
2026/02/05/14:36:56,844.339624,0.871750,0.732344,0.896125,0.741345,61,47,43,40,0,0,0,2,291,230,171,126
2026/02/05/14:36:57,845.340369,0.869656,0.730085,0.894031,0.739086,61,47,42,40,0,0,0,2,291,230,172,126
2026/02/05/14:36:58,846.340998,0.869656,0.730085,0.894031,0.739086,61,47,42,40,0,0,0,2,291,230,172,126
2026/02/05/14:36:59,847.341787,0.857469,0.725585,0.857469,0.725585,61,47,42,39,0,0,0,0,291,230,172,127
2026/02/05/14:37:00,848.342670,0.857469,0.725585,0.857469,0.725585,61,47,42,39,0,0,0,0,291,230,172,127
2026/02/05/14:37:01,849.343390,0.857469,0.725585,0.857469,0.725585,61,47,42,39,0,0,0,0,291,230,172,127
2026/02/05/14:37:02,850.344110,0.848844,0.723556,0.848844,0.723556,61,46,42,39,0,0,0,0,291,231,172,127
2026/02/05/14:37:03,851.344909,0.844000,0.713257,0.844000,0.713257,60,46,41,39,0,0,0,0,292,231,173,127
2026/02/05/14:37:04,852.345573,0.844000,0.713257,0.844000,0.713257,60,46,41,39,0,0,0,0,292,231,173,127
2026/02/05/14:37:05,853.346131,0.850406,0.715420,0.850406,0.715420,60,47,41,39,0,0,0,0,292,231,173,127
2026/02/05/14:37:06,854.346740,0.850406,0.715420,0.850406,0.715420,60,47,41,39,0,0,0,0,292,231,173,127
2026/02/05/14:37:07,855.347364,0.850406,0.715420,0.850406,0.715420,60,47,41,39,0,0,0,0,292,231,173,127
2026/02/05/14:37:08,856.348071,0.850406,0.715420,0.850406,0.715420,60,47,41,39,0,0,0,0,292,231,173,127
2026/02/05/14:37:09,857.348704,0.850406,0.715420,0.850406,0.715420,60,47,41,39,0,0,0,0,292,231,173,127
2026/02/05/14:37:10,858.349271,0.844844,0.710789,0.844844,0.710789,60,47,39,39,0,0,0,0,292,231,175,127
2026/02/05/14:37:11,859.350107,0.844844,0.710789,0.844844,0.710789,60,47,39,39,0,0,0,0,292,231,175,127
2026/02/05/14:37:12,860.350806,0.844844,0.710789,0.844844,0.710789,60,47,39,39,0,0,0,0,292,231,175,127
2026/02/05/14:37:13,861.351793,0.844844,0.710789,0.844844,0.710789,60,47,39,39,0,0,0,0,292,231,175,127
2026/02/05/14:37:14,862.352441,0.844844,0.710789,0.844844,0.710789,60,47,39,39,0,0,0,0,292,231,175,127
2026/02/05/14:37:15,863.353179,0.844844,0.710789,0.844844,0.710789,60,47,39,39,0,0,0,0,292,231,175,127
2026/02/05/14:37:16,864.354030,0.844844,0.710789,0.844844,0.710789,60,47,39,39,0,0,0,0,292,231,175,127
2026/02/05/14:37:17,865.354717,0.844844,0.710789,0.844844,0.710789,60,47,39,39,0,0,0,0,292,231,175,127
2026/02/05/14:37:18,866.355308,0.844844,0.710789,0.844844,0.710789,60,47,39,39,0,0,0,0,292,231,175,127
2026/02/05/14:37:19,867.355897,0.844844,0.710789,0.844844,0.710789,60,47,39,39,0,0,0,0,292,231,175,127
2026/02/05/14:37:20,868.356846,0.844844,0.710789,0.844844,0.710789,60,47,39,39,0,0,0,0,292,231,175,127
2026/02/05/14:37:21,869.357557,0.844844,0.710789,0.844844,0.710789,60,47,39,39,0,0,0,0,292,231,175,127
2026/02/05/14:37:22,870.358128,0.838844,0.705462,0.838844,0.705462,60,47,39,37,0,0,0,0,292,231,175,129
2026/02/05/14:37:23,871.358756,0.838844,0.705462,0.838844,0.705462,60,47,39,37,0,0,0,0,292,231,175,129
2026/02/05/14:37:24,872.359526,0.828781,0.690609,0.828781,0.690609,58,47,39,37,0,0,0,0,294,231,175,129
2026/02/05/14:37:25,873.360422,0.828781,0.690609,0.837344,0.715232,58,47,39,37,3,0,1,0,294,231,175,129
2026/02/05/14:37:26,874.361336,0.837344,0.715232,0.837344,0.715232,61,47,40,37,0,0,0,0,294,231,175,129
2026/02/05/14:37:27,875.361942,0.840875,0.717038,0.840875,0.717038,61,48,40,37,0,0,0,0,294,231,175,129
2026/02/05/14:37:28,876.362540,0.840875,0.717038,0.840875,0.717038,61,48,40,37,0,0,0,0,294,231,175,129
2026/02/05/14:37:29,877.363257,0.834500,0.706264,0.834500,0.706264,58,48,40,37,0,0,0,0,297,231,175,129
2026/02/05/14:37:30,878.363993,0.832313,0.692416,0.832313,0.692416,58,48,39,37,0,0,0,0,297,231,176,129
2026/02/05/14:37:31,879.364604,0.825906,0.690253,0.825906,0.690253,58,47,39,37,0,0,0,0,297,232,176,129
2026/02/05/14:37:32,880.365255,0.825906,0.690253,0.825906,0.690253,58,47,39,37,0,0,0,0,297,232,176,129
2026/02/05/14:37:33,881.366068,0.825906,0.690253,0.825906,0.690253,58,47,39,37,0,0,0,0,297,232,176,129
2026/02/05/14:37:34,882.366793,0.825906,0.690253,0.825906,0.690253,58,47,39,37,0,0,0,0,297,232,176,129
2026/02/05/14:37:35,883.367452,0.825906,0.690253,0.825906,0.690253,58,47,39,37,0,0,0,0,297,232,176,129
2026/02/05/14:37:36,884.368035,0.820781,0.686772,0.820781,0.686772,56,47,39,37,0,0,0,0,299,232,176,129
2026/02/05/14:37:37,885.368669,0.820781,0.686772,0.820781,0.686772,56,47,39,37,0,0,0,0,299,232,176,129
2026/02/05/14:37:38,886.369366,0.820781,0.686772,0.820781,0.686772,56,47,39,37,0,0,0,0,299,232,176,129
2026/02/05/14:37:39,887.370046,0.820781,0.686772,0.820781,0.686772,56,47,39,37,0,0,0,0,299,232,176,129
2026/02/05/14:37:40,888.370700,0.815063,0.679072,0.815063,0.679072,56,44,39,37,0,0,0,0,299,235,176,129
2026/02/05/14:37:41,889.371468,0.815063,0.679072,0.815063,0.679072,56,44,39,37,0,0,0,0,299,235,176,129
2026/02/05/14:37:42,890.372206,0.815063,0.679072,0.815063,0.679072,56,44,39,37,0,0,0,0,299,235,176,129
2026/02/05/14:37:43,891.372851,0.815063,0.679072,0.815063,0.679072,56,44,39,37,0,0,0,0,299,235,176,129
2026/02/05/14:37:44,892.373541,0.803375,0.675408,0.803375,0.675408,56,44,37,37,0,0,0,0,299,235,178,129
2026/02/05/14:37:45,893.374273,0.803375,0.675408,0.803375,0.675408,56,44,37,37,0,0,0,0,299,235,178,129
2026/02/05/14:37:46,894.374915,0.803375,0.675408,0.803375,0.675408,56,44,37,37,0,0,0,0,299,235,178,129
2026/02/05/14:37:47,895.376036,0.803375,0.675408,0.803375,0.675408,56,44,37,37,0,0,0,0,299,235,178,129
2026/02/05/14:37:48,896.376619,0.803375,0.675408,0.803375,0.675408,56,44,37,37,0,0,0,0,299,235,178,129
2026/02/05/14:37:49,897.377288,0.803375,0.675408,0.803375,0.675408,56,44,37,37,0,0,0,0,299,235,178,129
2026/02/05/14:37:50,898.377881,0.821344,0.689545,0.821344,0.689545,59,47,37,37,0,0,0,0,299,235,178,129
2026/02/05/14:37:51,899.378515,0.839750,0.717638,0.839750,0.717638,67,47,37,37,0,0,0,0,299,235,178,129
2026/02/05/14:37:52,900.379080,0.872375,0.735701,0.872375,0.735701,69,49,40,37,0,0,0,0,300,235,178,129
2026/02/05/14:37:53,901.379638,0.866656,0.724824,0.866656,0.724824,66,49,40,37,0,0,0,0,303,235,178,129
2026/02/05/14:37:54,902.380270,0.866250,0.724464,0.866250,0.724464,64,50,40,38,0,0,0,0,305,236,178,129
2026/02/05/14:37:55,903.380866,0.864594,0.717214,0.864594,0.717214,63,50,40,38,0,0,0,0,306,236,178,129
2026/02/05/14:37:56,904.381543,0.831281,0.697847,0.831281,0.697847,59,49,37,38,0,0,0,0,310,237,181,129
2026/02/05/14:37:57,905.382263,0.831281,0.697847,0.831281,0.697847,59,49,37,38,0,0,0,0,310,237,181,129
2026/02/05/14:37:58,906.382745,0.831281,0.697847,0.831281,0.697847,59,49,37,38,0,0,0,0,310,237,181,129
2026/02/05/14:37:59,907.383397,0.831281,0.697847,0.831281,0.697847,59,49,37,38,0,0,0,0,310,237,181,129
2026/02/05/14:38:00,908.384044,0.821156,0.689958,0.821156,0.689958,58,47,37,38,0,0,0,0,311,239,181,129
2026/02/05/14:38:01,909.384782,0.821156,0.689958,0.821156,0.689958,58,47,37,38,0,0,0,0,311,239,181,129
2026/02/05/14:38:02,910.385410,0.839344,0.715083,0.861281,0.719488,61,49,38,38,2,0,0,0,311,239,181,129
2026/02/05/14:38:03,911.386181,0.841156,0.718138,0.915844,0.740485,62,49,38,38,9,0,0,0,311,239,181,129
2026/02/05/14:38:04,912.386625,0.883469,0.776439,0.956969,0.797675,68,53,38,42,7,0,1,0,311,239,181,129
2026/02/05/14:38:05,913.387348,0.898719,0.806591,0.994344,0.827705,72,53,41,42,10,0,0,0,311,239,181,129
2026/02/05/14:38:06,914.388059,0.891031,0.792919,0.986656,0.814033,69,53,41,41,10,0,0,0,314,239,181,130
2026/02/05/14:38:07,915.388963,0.872469,0.786768,0.968094,0.807882,69,53,41,38,10,0,0,0,314,239,181,133
2026/02/05/14:38:08,916.389569,0.872469,0.786768,0.968094,0.807882,69,53,41,38,10,0,0,0,314,239,181,133
2026/02/05/14:38:09,917.390282,0.886125,0.810756,0.981750,0.831871,70,54,41,40,10,0,0,0,314,239,181,134
2026/02/05/14:38:10,918.391006,0.886125,0.810756,0.975187,0.831395,70,54,41,40,7,0,0,2,314,239,181,134
2026/02/05/14:38:11,919.391709,0.874875,0.794183,0.942000,0.810417,70,51,41,40,5,0,0,2,314,242,181,134
2026/02/05/14:38:12,920.392298,0.880594,0.791553,0.938719,0.805587,70,49,41,41,5,0,0,1,314,244,181,134
2026/02/05/14:38:13,921.393169,0.880594,0.791553,0.938719,0.805587,70,49,41,41,5,0,0,1,314,244,181,134
2026/02/05/14:38:14,922.393715,0.882250,0.791777,0.931375,0.803610,70,48,41,42,5,0,0,0,314,245,181,134
2026/02/05/14:38:15,923.394371,0.882250,0.791777,0.931375,0.803610,70,48,41,42,5,0,0,0,314,245,181,134
2026/02/05/14:38:16,924.395067,0.867781,0.753439,0.897219,0.761659,70,43,41,42,3,0,0,0,314,250,181,134
2026/02/05/14:38:17,925.395764,0.859563,0.737069,0.889000,0.745289,67,43,40,42,3,0,0,0,317,250,182,134
2026/02/05/14:38:18,926.396353,0.845938,0.711176,0.875375,0.719397,66,43,40,39,3,0,0,0,318,250,182,137
2026/02/05/14:38:19,927.396932,0.845938,0.711176,0.875375,0.719397,66,43,40,39,3,0,0,0,318,250,182,137
2026/02/05/14:38:20,928.397600,0.868500,0.746310,0.897938,0.754531,69,45,40,42,3,0,0,0,318,250,182,137
2026/02/05/14:38:21,929.398336,0.876188,0.752337,0.924656,0.794745,72,45,40,42,6,0,0,0,318,250,182,137
2026/02/05/14:38:22,930.398995,0.876188,0.752337,0.924656,0.794745,72,45,40,42,6,0,0,0,318,250,182,137
2026/02/05/14:38:23,931.399763,0.874563,0.738770,0.904000,0.746990,72,45,40,41,3,0,0,0,318,250,182,138
2026/02/05/14:38:24,932.400414,0.870250,0.730273,0.899687,0.738493,70,45,40,41,3,0,0,0,320,250,182,138
2026/02/05/14:38:25,933.401075,0.854000,0.721660,0.873625,0.727141,68,45,40,39,2,0,0,0,323,250,182,140
2026/02/05/14:38:26,934.401715,0.854000,0.721660,0.873625,0.727141,68,45,40,39,2,0,0,0,323,250,182,140
2026/02/05/14:38:27,935.402395,0.836750,0.700788,0.856375,0.706268,65,45,37,39,2,0,0,0,326,250,185,140
2026/02/05/14:38:28,936.402967,0.836750,0.700788,0.856375,0.706268,65,45,37,39,2,0,0,0,326,250,185,140
2026/02/05/14:38:29,937.403884,0.836750,0.700788,0.856375,0.706268,65,45,37,39,2,0,0,0,326,250,185,140
2026/02/05/14:38:30,938.404533,0.836750,0.700788,0.856375,0.706268,65,45,37,39,2,0,0,0,326,250,185,140
2026/02/05/14:38:31,939.405307,0.836750,0.700788,0.856375,0.706268,65,45,37,39,2,0,0,0,326,250,185,140
2026/02/05/14:38:32,940.405914,0.832438,0.696989,0.852062,0.702469,65,45,37,37,2,0,0,0,326,250,185,142
2026/02/05/14:38:33,941.406645,0.832438,0.696989,0.852062,0.702469,65,45,37,37,2,0,0,0,326,250,185,142
2026/02/05/14:38:34,942.407309,0.832438,0.696989,0.852062,0.702469,65,45,37,37,2,0,0,0,326,250,185,142
2026/02/05/14:38:35,943.408189,0.832438,0.696989,0.852062,0.702469,65,45,37,37,2,0,0,0,326,250,185,142
2026/02/05/14:38:36,944.408815,0.832438,0.696989,0.852062,0.702469,65,45,37,37,2,0,0,0,326,250,185,142
2026/02/05/14:38:37,945.409445,0.832438,0.696989,0.852062,0.702469,65,45,37,37,2,0,0,0,326,250,185,142
2026/02/05/14:38:38,946.410179,0.832438,0.696989,0.852062,0.702469,65,45,37,37,2,0,0,0,326,250,185,142
2026/02/05/14:38:39,947.410994,0.832438,0.696989,0.852062,0.702469,65,45,37,37,2,0,0,0,326,250,185,142
2026/02/05/14:38:40,948.411801,0.832438,0.696989,0.852062,0.702469,65,45,37,37,2,0,0,0,326,250,185,142
2026/02/05/14:38:41,949.412430,0.832438,0.696989,0.852062,0.702469,65,45,37,37,2,0,0,0,326,250,185,142
2026/02/05/14:38:42,950.413153,0.832438,0.696989,0.852062,0.702469,65,45,37,37,2,0,0,0,326,250,185,142
2026/02/05/14:38:43,951.413768,0.832438,0.696989,0.852062,0.702469,65,45,37,37,2,0,0,0,326,250,185,142
2026/02/05/14:38:44,952.414275,0.832438,0.696989,0.852062,0.702469,65,45,37,37,2,0,0,0,326,250,185,142
2026/02/05/14:38:45,953.414915,0.832438,0.696989,0.852062,0.702469,65,45,37,37,2,0,0,0,326,250,185,142
2026/02/05/14:38:46,954.415615,0.832438,0.696989,0.852062,0.702469,65,45,37,37,2,0,0,0,326,250,185,142
2026/02/05/14:38:47,955.416420,0.832438,0.696989,0.852062,0.702469,65,45,37,37,2,0,0,0,326,250,185,142
2026/02/05/14:38:48,956.417125,0.832438,0.696989,0.852062,0.702469,65,45,37,37,2,0,0,0,326,250,185,142
2026/02/05/14:38:49,957.417777,0.832438,0.696989,0.852062,0.702469,65,45,37,37,2,0,0,0,326,250,185,142
2026/02/05/14:38:50,958.418406,0.836719,0.699542,0.856344,0.705023,64,46,38,37,2,0,0,0,327,250,185,142
2026/02/05/14:38:51,959.419249,0.833094,0.692881,0.852719,0.698361,62,46,38,37,2,0,0,0,329,250,185,142
2026/02/05/14:38:52,960.420039,0.833094,0.692881,0.852719,0.698361,62,46,38,37,2,0,0,0,329,250,185,142
2026/02/05/14:38:53,961.420691,0.830937,0.689151,0.850562,0.694631,62,45,38,37,2,0,0,0,329,251,185,142
2026/02/05/14:38:54,962.421512,0.830937,0.689151,0.850562,0.694631,62,45,38,37,2,0,0,0,329,251,185,142
2026/02/05/14:38:55,963.422469,0.830937,0.689151,0.850562,0.694631,62,45,38,37,2,0,0,0,329,251,185,142
2026/02/05/14:38:56,964.423222,0.830937,0.689151,0.850562,0.694631,62,45,38,37,2,0,0,0,329,251,185,142
2026/02/05/14:38:57,965.423790,0.830937,0.689151,0.850562,0.694631,62,45,38,37,2,0,0,0,329,251,185,142
2026/02/05/14:38:58,966.424495,0.830937,0.689151,0.850562,0.694631,62,45,38,37,2,0,0,0,329,251,185,142
2026/02/05/14:38:59,967.425166,0.830937,0.689151,0.850562,0.694631,62,45,38,37,2,0,0,0,329,251,185,142
2026/02/05/14:39:00,968.425746,0.827000,0.686996,0.846625,0.692477,62,45,37,37,2,0,0,0,329,251,186,142
2026/02/05/14:39:01,969.426487,0.827000,0.686996,0.846625,0.692477,62,45,37,37,2,0,0,0,329,251,186,142
2026/02/05/14:39:02,970.427174,0.827000,0.686996,0.846625,0.692477,62,45,37,37,2,0,0,0,329,251,186,142
2026/02/05/14:39:03,971.427937,0.827000,0.686996,0.846625,0.692477,62,45,37,37,2,0,0,0,329,251,186,142
2026/02/05/14:39:04,972.428528,0.827000,0.686996,0.846625,0.692477,62,45,37,37,2,0,0,0,329,251,186,142
2026/02/05/14:39:05,973.429147,0.827000,0.686996,0.846625,0.692477,62,45,37,37,2,0,0,0,329,251,186,142
2026/02/05/14:39:06,974.430030,0.827000,0.686996,0.846625,0.692477,62,45,37,37,2,0,0,0,329,251,186,142
2026/02/05/14:39:07,975.430537,0.827000,0.686996,0.846625,0.692477,62,45,37,37,2,0,0,0,329,251,186,142
2026/02/05/14:39:08,976.431240,0.827000,0.686996,0.846625,0.692477,62,45,37,37,2,0,0,0,329,251,186,142
2026/02/05/14:39:09,977.463879,0.827000,0.686996,0.846625,0.692477,62,45,37,37,2,0,0,0,329,251,186,142
2026/02/05/14:39:10,978.464505,0.885938,0.737758,0.912031,0.746028,64,48,42,38,2,1,0,0,331,251,186,142
2026/02/05/14:39:11,979.465158,0.895344,0.768983,0.958000,0.789486,64,49,45,38,5,1,0,2,331,251,186,142
2026/02/05/14:39:12,980.465623,0.912781,0.792090,0.954313,0.803477,65,52,46,39,5,0,0,0,331,251,186,142
2026/02/05/14:39:13,981.466237,0.895188,0.767415,0.936719,0.778801,65,46,46,38,5,0,0,0,331,257,186,143
2026/02/05/14:39:14,982.467130,0.880000,0.756566,0.913750,0.765399,66,46,43,38,4,0,0,0,331,257,189,143
2026/02/05/14:39:15,983.467699,0.881313,0.755876,0.890406,0.757740,66,46,43,38,1,0,0,0,332,257,189,143
2026/02/05/14:39:16,984.468351,0.876313,0.742567,0.885406,0.744430,66,46,41,38,1,0,0,0,332,257,191,143
2026/02/05/14:39:17,985.469000,0.873062,0.737827,0.882156,0.739691,65,46,41,38,1,0,0,0,333,257,191,143
2026/02/05/14:39:18,986.469676,0.873062,0.737827,0.882156,0.739691,65,46,41,38,1,0,0,0,333,257,191,143
2026/02/05/14:39:19,987.470284,0.868750,0.716209,0.877844,0.718073,65,46,39,38,1,0,0,0,333,257,193,143
2026/02/05/14:39:20,988.471078,0.868750,0.716209,0.877844,0.718073,65,46,39,38,1,0,0,0,333,257,193,143
2026/02/05/14:39:21,989.471765,0.868750,0.716209,0.877844,0.718073,65,46,39,38,1,0,0,0,333,257,193,143
2026/02/05/14:39:22,990.472571,0.868750,0.716209,0.877844,0.718073,65,46,39,38,1,0,0,0,333,257,193,143
2026/02/05/14:39:23,991.473265,0.865156,0.702325,0.874250,0.704189,65,46,39,37,1,0,0,0,333,257,193,144
2026/02/05/14:39:24,992.473859,0.861625,0.700519,0.870719,0.702383,65,45,39,37,1,0,0,0,333,258,193,144
2026/02/05/14:39:25,993.474506,0.861625,0.700519,0.870719,0.702383,65,45,39,37,1,0,0,0,333,258,193,144
2026/02/05/14:39:26,994.475166,0.861625,0.700519,0.870719,0.702383,65,45,39,37,1,0,0,0,333,258,193,144
2026/02/05/14:39:27,995.475765,0.861625,0.700519,0.870719,0.702383,65,45,39,37,1,0,0,0,333,258,193,144
2026/02/05/14:39:28,996.476487,0.857062,0.696826,0.866156,0.698689,65,44,39,37,1,0,0,0,333,259,193,144
2026/02/05/14:39:29,997.477209,0.857062,0.696826,0.866156,0.698689,65,44,39,37,1,0,0,0,333,259,193,144
2026/02/05/14:39:30,998.477948,0.857062,0.696826,0.866156,0.698689,65,44,39,37,1,0,0,0,333,259,193,144
2026/02/05/14:39:31,999.478601,0.857062,0.696826,0.866156,0.698689,65,44,39,37,1,0,0,0,333,259,193,144
2026/02/05/14:39:32,1000.479353,0.857062,0.696826,0.866156,0.698689,65,44,39,37,1,0,0,0,333,259,193,144
2026/02/05/14:39:33,1001.480184,0.857062,0.696826,0.866156,0.698689,65,44,39,37,1,0,0,0,333,259,193,144
2026/02/05/14:39:34,1002.482321,0.857062,0.696826,0.866156,0.698689,65,44,39,37,1,0,0,0,333,259,193,144
2026/02/05/14:39:35,1003.482989,0.857062,0.696826,0.866156,0.698689,65,44,39,37,1,0,0,0,333,259,193,144
2026/02/05/14:39:36,1004.483773,0.857062,0.696826,0.866156,0.698689,65,44,39,37,1,0,0,0,333,259,193,144
2026/02/05/14:39:37,1005.484524,0.857062,0.696826,0.866156,0.698689,65,44,39,37,1,0,0,0,333,259,193,144
2026/02/05/14:39:38,1006.485237,0.857062,0.696826,0.866156,0.698689,65,44,39,37,1,0,0,0,333,259,193,144
2026/02/05/14:39:39,1007.486009,0.857062,0.696826,0.866156,0.698689,65,44,39,37,1,0,0,0,333,259,193,144
2026/02/05/14:39:40,1008.486690,0.870437,0.707757,0.879531,0.709621,65,46,41,39,1,0,0,0,333,259,193,144
2026/02/05/14:39:41,1009.487354,0.870437,0.707757,0.879531,0.709621,65,46,41,39,1,0,0,0,333,259,193,144
2026/02/05/14:39:42,1010.488017,0.870437,0.707757,0.879531,0.709621,65,46,41,39,1,0,0,0,333,259,193,144
2026/02/05/14:39:43,1011.488599,0.870437,0.707757,0.879531,0.709621,65,46,41,39,1,0,0,0,333,259,193,144
2026/02/05/14:39:44,1012.489230,0.870437,0.707757,0.879531,0.709621,65,46,41,39,1,0,0,0,333,259,193,144
2026/02/05/14:39:45,1013.489818,0.866688,0.704542,0.875781,0.706406,65,46,41,37,1,0,0,0,333,259,193,146
2026/02/05/14:39:46,1014.490502,0.857594,0.702678,0.857594,0.702678,64,46,41,37,0,0,0,0,334,259,193,146
2026/02/05/14:39:47,1015.491157,0.857594,0.702678,0.857594,0.702678,64,46,41,37,0,0,0,0,334,259,193,146
2026/02/05/14:39:48,1016.491817,0.857594,0.702678,0.857594,0.702678,64,46,41,37,0,0,0,0,334,259,193,146
2026/02/05/14:39:49,1017.492394,0.862750,0.706603,0.862750,0.706603,64,47,41,37,0,0,0,0,334,259,193,146
2026/02/05/14:39:50,1018.492974,0.862750,0.706603,0.881687,0.711505,64,47,41,37,0,0,0,2,334,259,193,146
2026/02/05/14:39:51,1019.493636,0.862750,0.706603,0.881687,0.711505,64,47,41,37,0,0,0,2,334,259,193,146
2026/02/05/14:39:52,1020.494190,0.859625,0.702710,0.878563,0.707612,64,47,39,37,0,0,0,2,334,259,195,146
2026/02/05/14:39:53,1021.494741,0.876406,0.715135,0.876406,0.715135,65,49,42,37,0,0,0,0,334,260,195,146
2026/02/05/14:39:54,1022.495516,0.872031,0.710359,0.872031,0.710359,65,47,42,37,0,0,0,0,334,262,195,146
2026/02/05/14:39:55,1023.496128,0.862563,0.703589,0.862563,0.703589,65,47,39,37,0,0,0,0,334,262,198,146
2026/02/05/14:39:56,1024.496796,0.862563,0.703589,0.862563,0.703589,65,47,39,37,0,0,0,0,334,262,198,146
2026/02/05/14:39:57,1025.497411,0.862563,0.703589,0.862563,0.703589,65,47,39,37,0,0,0,0,334,262,198,146
2026/02/05/14:39:58,1026.497991,0.858437,0.700203,0.858437,0.700203,64,47,39,37,0,0,0,0,335,262,198,146
2026/02/05/14:39:59,1027.498710,0.850094,0.694008,0.850094,0.694008,64,44,39,37,0,0,0,0,335,265,198,146
2026/02/05/14:40:00,1028.499366,0.850094,0.694008,0.850094,0.694008,64,44,39,37,0,0,0,0,335,265,198,146
2026/02/05/14:40:01,1029.500013,0.850094,0.694008,0.850094,0.694008,64,44,39,37,0,0,0,0,335,265,198,146
2026/02/05/14:40:02,1030.500729,0.850094,0.694008,0.850094,0.694008,64,44,39,37,0,0,0,0,335,265,198,146
2026/02/05/14:40:03,1031.501438,0.850094,0.694008,0.850094,0.694008,64,44,39,37,0,0,0,0,335,265,198,146
2026/02/05/14:40:04,1032.502167,0.850094,0.694008,0.850094,0.694008,64,44,39,37,0,0,0,0,335,265,198,146
2026/02/05/14:40:05,1033.502881,0.850094,0.694008,0.850094,0.694008,64,44,39,37,0,0,0,0,335,265,198,146
2026/02/05/14:40:06,1034.503652,0.856656,0.701538,0.856656,0.701538,64,44,39,39,0,0,0,0,335,265,198,146
2026/02/05/14:40:07,1035.504453,0.856656,0.701538,0.856656,0.701538,64,44,39,39,0,0,0,0,335,265,198,146
2026/02/05/14:40:08,1036.505284,0.859187,0.703214,0.859187,0.703214,65,44,39,39,0,0,0,0,335,265,198,146
2026/02/05/14:40:09,1037.505924,0.856812,0.705208,0.856812,0.705208,65,42,41,39,0,0,0,0,335,267,198,146
2026/02/05/14:40:10,1038.506544,0.856812,0.705208,0.856812,0.705208,65,42,41,39,0,0,0,0,335,267,198,146
2026/02/05/14:40:11,1039.507238,0.856812,0.705208,0.856812,0.705208,65,42,41,39,0,0,0,0,335,267,198,146
2026/02/05/14:40:12,1040.507938,0.860969,0.707247,0.860969,0.707247,65,43,41,39,0,0,0,0,335,267,198,146
2026/02/05/14:40:13,1041.508762,0.860969,0.707247,0.860969,0.707247,65,43,41,39,0,0,0,0,335,267,198,146
2026/02/05/14:40:14,1042.509366,0.871563,0.717992,0.871563,0.717992,68,43,41,39,0,0,0,0,335,267,198,146
2026/02/05/14:40:15,1043.510078,0.860875,0.704646,0.860875,0.704646,68,43,39,37,0,0,0,0,335,267,200,148
2026/02/05/14:40:16,1044.510695,0.860875,0.704646,0.860875,0.704646,68,43,39,37,0,0,0,0,335,267,200,148
2026/02/05/14:40:17,1045.511460,0.860875,0.704646,0.860875,0.704646,68,43,39,37,0,0,0,0,335,267,200,148
2026/02/05/14:40:18,1046.512159,0.860875,0.704646,0.860875,0.704646,68,43,39,37,0,0,0,0,335,267,200,148
2026/02/05/14:40:19,1047.512905,0.860875,0.704646,0.860875,0.704646,68,43,39,37,0,0,0,0,335,267,200,148
2026/02/05/14:40:20,1048.513752,0.860875,0.704646,0.860875,0.704646,68,43,39,37,0,0,0,0,335,267,200,148
2026/02/05/14:40:21,1049.514375,0.860875,0.704646,0.860875,0.704646,68,43,39,37,0,0,0,0,335,267,200,148
2026/02/05/14:40:22,1050.515074,0.860875,0.704646,0.860875,0.704646,68,43,39,37,0,0,0,0,335,267,200,148
2026/02/05/14:40:23,1051.515872,0.860875,0.704646,0.860875,0.704646,68,43,39,37,0,0,0,0,335,267,200,148
2026/02/05/14:40:24,1052.516637,0.860875,0.704646,0.860875,0.704646,68,43,39,37,0,0,0,0,335,267,200,148
2026/02/05/14:40:25,1053.517404,0.858344,0.702969,0.858344,0.702969,67,43,39,37,0,0,0,0,336,267,200,148
2026/02/05/14:40:26,1054.518292,0.858344,0.702969,0.858344,0.702969,67,43,39,37,0,0,0,0,336,267,200,148
2026/02/05/14:40:27,1055.518881,0.858344,0.702969,0.858344,0.702969,67,43,39,37,0,0,0,0,336,267,200,148
2026/02/05/14:40:28,1056.519412,0.858344,0.702969,0.858344,0.702969,67,43,39,37,0,0,0,0,336,267,200,148
2026/02/05/14:40:29,1057.520240,0.858344,0.702969,0.858344,0.702969,67,43,39,37,0,0,0,0,336,267,200,148
2026/02/05/14:40:30,1058.520929,0.858344,0.702969,0.858344,0.702969,67,43,39,37,0,0,0,0,336,267,200,148
2026/02/05/14:40:31,1059.521689,0.858344,0.702969,0.858344,0.702969,67,43,39,37,0,0,0,0,336,267,200,148
2026/02/05/14:40:32,1060.522166,0.879938,0.728212,0.879938,0.728212,74,44,39,37,0,0,0,0,336,267,200,148
2026/02/05/14:40:33,1061.522739,0.896750,0.741040,0.896750,0.741040,77,44,39,39,0,0,0,0,336,267,200,148
2026/02/05/14:40:34,1062.523314,0.891875,0.736748,0.891875,0.736748,77,44,37,39,0,0,0,0,336,267,202,148
2026/02/05/14:40:35,1063.523930,0.883938,0.732336,0.883938,0.732336,77,43,37,38,0,0,0,0,336,268,202,149
2026/02/05/14:40:36,1064.524681,0.881219,0.730391,0.881219,0.730391,76,43,37,38,0,0,0,0,337,268,202,149
2026/02/05/14:40:37,1065.525283,0.861656,0.716008,0.861656,0.716008,71,43,37,37,0,0,0,0,342,268,202,150
2026/02/05/14:40:38,1066.526154,0.861656,0.716008,0.861656,0.716008,71,43,37,37,0,0,0,0,342,268,202,150
2026/02/05/14:40:39,1067.526801,0.861656,0.716008,0.861656,0.716008,71,43,37,37,0,0,0,0,342,268,202,150
2026/02/05/14:40:40,1068.527469,0.880375,0.728135,0.889437,0.732785,73,45,37,37,0,0,2,0,342,268,202,150
2026/02/05/14:40:41,1069.527965,0.895781,0.749598,0.895781,0.749598,76,44,39,37,0,0,0,0,342,269,202,150
2026/02/05/14:40:42,1070.528621,0.892281,0.735072,0.907344,0.739228,72,44,39,38,0,0,0,2,346,269,202,150
2026/02/05/14:40:43,1071.529317,0.900406,0.735138,0.915469,0.739293,71,44,43,38,0,0,0,2,347,269,202,150
2026/02/05/14:40:44,1072.529945,0.900406,0.735138,0.915469,0.739293,71,44,43,38,0,0,0,2,347,269,202,150
2026/02/05/14:40:45,1073.530796,0.900406,0.735138,0.915469,0.739293,71,44,43,38,0,0,0,2,347,269,202,150
2026/02/05/14:40:46,1074.531592,0.879313,0.719729,0.879313,0.719729,71,44,42,35,0,0,0,0,347,269,203,153
2026/02/05/14:40:47,1075.532500,0.873500,0.713754,0.873500,0.713754,71,44,39,35,0,0,0,0,347,269,206,153
2026/02/05/14:40:48,1076.533268,0.873500,0.713754,0.873500,0.713754,71,44,39,35,0,0,0,0,347,269,206,153
2026/02/05/14:40:49,1077.533865,0.873500,0.713754,0.873500,0.713754,71,44,39,35,0,0,0,0,347,269,206,153
2026/02/05/14:40:50,1078.534475,0.871781,0.711309,0.871781,0.711309,70,44,39,35,0,0,0,0,348,269,206,153
2026/02/05/14:40:51,1079.535135,0.873500,0.713428,0.873500,0.713428,69,45,39,35,0,0,0,0,350,269,206,153
2026/02/05/14:40:52,1080.535799,0.873500,0.713428,0.873500,0.713428,69,45,39,35,0,0,0,0,350,269,206,153
2026/02/05/14:40:53,1081.536321,0.878906,0.725790,0.878906,0.725790,69,42,42,35,0,0,0,0,354,272,206,153
2026/02/05/14:40:54,1082.537018,0.878906,0.725790,0.878906,0.725790,69,42,42,35,0,0,0,0,354,272,206,153
2026/02/05/14:40:55,1083.537667,0.878906,0.725790,0.878906,0.725790,69,42,42,35,0,0,0,0,354,272,206,153
2026/02/05/14:40:56,1084.538226,0.878906,0.725790,0.878906,0.725790,69,42,42,35,0,0,0,0,354,272,206,153
2026/02/05/14:40:57,1085.538887,0.903563,0.747024,0.929156,0.753258,77,42,42,35,0,3,0,0,354,272,206,153
2026/02/05/14:40:58,1086.539412,0.899500,0.740356,0.925094,0.746590,77,42,40,35,0,3,0,0,354,272,208,153
2026/02/05/14:40:59,1087.539996,0.890563,0.716842,0.890563,0.716842,72,42,40,35,0,0,0,0,359,272,208,153
2026/02/05/14:41:00,1088.540807,0.885687,0.712590,0.885687,0.712590,70,42,40,35,0,0,0,0,361,272,208,153
2026/02/05/14:41:01,1089.541459,0.885687,0.712590,0.885687,0.712590,70,42,40,35,0,0,0,0,361,272,208,153
2026/02/05/14:41:02,1090.542248,0.854906,0.694224,0.854906,0.694224,65,42,40,35,0,0,0,0,366,272,208,153
2026/02/05/14:41:03,1091.543003,0.854906,0.694224,0.854906,0.694224,65,42,40,35,0,0,0,0,366,272,208,153
2026/02/05/14:41:04,1092.543818,0.854906,0.694224,0.854906,0.694224,65,42,40,35,0,0,0,0,366,272,208,153
2026/02/05/14:41:05,1093.544374,0.854906,0.694224,0.854906,0.694224,65,42,40,35,0,0,0,0,366,272,208,153
2026/02/05/14:41:06,1094.544968,0.854906,0.694224,0.854906,0.694224,65,42,40,35,0,0,0,0,366,272,208,153
2026/02/05/14:41:07,1095.545868,0.854906,0.694224,0.854906,0.694224,65,42,40,35,0,0,0,0,366,272,208,153
2026/02/05/14:41:08,1096.546571,0.854906,0.694224,0.854906,0.694224,65,42,40,35,0,0,0,0,366,272,208,153
2026/02/05/14:41:09,1097.547395,0.854906,0.694224,0.854906,0.694224,65,42,40,35,0,0,0,0,366,272,208,153
2026/02/05/14:41:10,1098.548240,0.832187,0.687946,0.832187,0.687946,65,42,38,35,0,0,0,0,366,272,210,153
2026/02/05/14:41:11,1099.548887,0.832187,0.687946,0.832187,0.687946,65,42,38,35,0,0,0,0,366,272,210,153
2026/02/05/14:41:12,1100.549658,0.832187,0.687946,0.832187,0.687946,65,42,38,35,0,0,0,0,366,272,210,153
2026/02/05/14:41:13,1101.550305,0.832187,0.687946,0.832187,0.687946,65,42,38,35,0,0,0,0,366,272,210,153
2026/02/05/14:41:14,1102.551008,0.832187,0.687946,0.832187,0.687946,65,42,38,35,0,0,0,0,366,272,210,153
2026/02/05/14:41:15,1103.551675,0.832187,0.687946,0.832187,0.687946,65,42,38,35,0,0,0,0,366,272,210,153
2026/02/05/14:41:16,1104.552231,0.832187,0.687946,0.832187,0.687946,65,42,38,35,0,0,0,0,366,272,210,153
2026/02/05/14:41:17,1105.554321,0.832187,0.687946,0.832187,0.687946,65,42,38,35,0,0,0,0,366,272,210,153
2026/02/05/14:41:18,1106.555070,0.832187,0.687946,0.832187,0.687946,65,42,38,35,0,0,0,0,366,272,210,153
2026/02/05/14:41:19,1107.555806,0.832187,0.687946,0.832187,0.687946,65,42,38,35,0,0,0,0,366,272,210,153
2026/02/05/14:41:20,1108.556592,0.845688,0.693448,0.845688,0.693448,65,45,38,35,0,0,0,0,366,272,210,153
2026/02/05/14:41:21,1109.557337,0.845688,0.693448,0.845688,0.693448,65,45,38,35,0,0,0,0,366,272,210,153
2026/02/05/14:41:22,1110.558010,0.845688,0.693448,0.845688,0.693448,65,45,38,35,0,0,0,0,366,272,210,153
2026/02/05/14:41:23,1111.558686,0.870125,0.703566,0.902656,0.725998,68,45,39,35,0,0,3,0,366,272,210,153
2026/02/05/14:41:24,1112.559379,0.870125,0.703566,0.902656,0.725998,68,45,39,35,0,0,3,0,366,272,210,153
2026/02/05/14:41:25,1113.560020,0.870125,0.703566,0.902656,0.725998,68,45,39,35,0,0,3,0,366,272,210,153
2026/02/05/14:41:26,1114.560813,0.870125,0.703566,0.902656,0.725998,68,45,39,35,0,0,3,0,366,272,210,153
2026/02/05/14:41:27,1115.561461,0.854563,0.695153,0.887094,0.717585,65,45,39,35,0,0,3,0,369,272,210,153
2026/02/05/14:41:28,1116.562240,0.854563,0.695153,0.887094,0.717585,65,45,39,35,0,0,3,0,369,272,210,153
2026/02/05/14:41:29,1117.563075,0.854563,0.695153,0.887094,0.717585,65,45,39,35,0,0,3,0,369,272,210,153
2026/02/05/14:41:30,1118.563637,0.856531,0.700925,0.878219,0.715880,65,45,39,35,0,0,2,0,369,272,211,153
2026/02/05/14:41:31,1119.564549,0.856531,0.700925,0.878219,0.715880,65,45,39,35,0,0,2,0,369,272,211,153
2026/02/05/14:41:32,1120.565357,0.856531,0.700925,0.878219,0.715880,65,45,39,35,0,0,2,0,369,272,211,153
2026/02/05/14:41:33,1121.566056,0.859156,0.706731,0.884406,0.733053,65,45,39,36,0,1,2,0,369,272,211,153
2026/02/05/14:41:34,1122.566636,0.862719,0.718099,0.884406,0.733053,65,46,39,36,0,0,2,0,369,272,211,153
2026/02/05/14:41:35,1123.567505,0.862719,0.718099,0.884406,0.733053,65,46,39,36,0,0,2,0,369,272,211,153
2026/02/05/14:41:36,1124.568237,0.860094,0.712292,0.881781,0.727247,65,46,39,35,0,0,2,0,369,272,211,154
2026/02/05/14:41:37,1125.568949,0.860094,0.712292,0.881781,0.727247,65,46,39,35,0,0,2,0,369,272,211,154
2026/02/05/14:41:38,1126.569670,0.854969,0.715850,0.854969,0.715850,65,43,41,35,0,0,0,0,369,275,211,154
2026/02/05/14:41:39,1127.570705,0.851406,0.704483,0.851406,0.704483,65,42,41,35,0,0,0,0,369,276,211,154
2026/02/05/14:41:40,1128.571296,0.851406,0.704483,0.851406,0.704483,65,42,41,35,0,0,0,0,369,276,211,154
2026/02/05/14:41:41,1129.571973,0.846969,0.700681,0.846969,0.700681,63,42,41,35,0,0,0,0,371,276,211,154
2026/02/05/14:41:42,1130.572605,0.846969,0.700681,0.846969,0.700681,63,42,41,35,0,0,0,0,371,276,211,154
2026/02/05/14:41:43,1131.573626,0.846969,0.700681,0.846969,0.700681,63,42,41,35,0,0,0,0,371,276,211,154
2026/02/05/14:41:44,1132.574154,0.846969,0.700681,0.846969,0.700681,63,42,41,35,0,0,0,0,371,276,211,154
2026/02/05/14:41:45,1133.574873,0.846969,0.700681,0.846969,0.700681,63,42,41,35,0,0,0,0,371,276,211,154
2026/02/05/14:41:46,1134.575835,0.846969,0.700681,0.846969,0.700681,63,42,41,35,0,0,0,0,371,276,211,154
2026/02/05/14:41:47,1135.576538,0.846969,0.700681,0.846969,0.700681,63,42,41,35,0,0,0,0,371,276,211,154
2026/02/05/14:41:48,1136.577391,0.846969,0.700681,0.846969,0.700681,63,42,41,35,0,0,0,0,371,276,211,154
2026/02/05/14:41:49,1137.578153,0.846969,0.700681,0.846969,0.700681,63,42,41,35,0,0,0,0,371,276,211,154
2026/02/05/14:41:50,1138.578886,0.846969,0.700681,0.846969,0.700681,63,42,41,35,0,0,0,0,371,276,211,154
2026/02/05/14:41:51,1139.579732,0.846969,0.700681,0.846969,0.700681,63,42,41,35,0,0,0,0,371,276,211,154
2026/02/05/14:41:52,1140.580504,0.846969,0.700681,0.846969,0.700681,63,42,41,35,0,0,0,0,371,276,211,154
2026/02/05/14:41:53,1141.581227,0.846969,0.700681,0.846969,0.700681,63,42,41,35,0,0,0,0,371,276,211,154
2026/02/05/14:41:54,1142.581952,0.846969,0.700681,0.846969,0.700681,63,42,41,35,0,0,0,0,371,276,211,154
2026/02/05/14:41:55,1143.582750,0.862313,0.725288,0.862313,0.725288,63,46,44,36,0,0,0,0,371,276,211,154
2026/02/05/14:41:56,1144.583686,0.877500,0.743697,0.908500,0.748439,64,46,47,38,2,0,0,0,371,276,211,154
2026/02/05/14:41:57,1145.584335,0.879406,0.747528,0.910406,0.752270,64,47,47,38,2,0,0,0,371,276,213,154
2026/02/05/14:41:58,1146.584813,0.871719,0.730656,0.902719,0.735399,64,47,47,35,2,0,0,0,371,276,213,157
2026/02/05/14:41:59,1147.585643,0.869625,0.729066,0.900625,0.733808,64,47,46,35,2,0,0,0,371,276,214,157
2026/02/05/14:42:00,1148.586332,0.889594,0.746906,0.935906,0.755890,70,47,46,35,2,0,0,1,371,276,214,157
2026/02/05/14:42:01,1149.586842,0.885094,0.737299,0.900406,0.741541,70,45,46,35,0,0,0,1,371,278,214,157
2026/02/05/14:42:02,1150.587471,0.885094,0.737299,0.900406,0.741541,70,45,46,35,0,0,0,1,371,278,214,157
2026/02/05/14:42:03,1151.588254,0.878469,0.731389,0.878469,0.731389,68,45,46,35,0,0,0,0,373,278,214,157
2026/02/05/14:42:04,1152.588793,0.875437,0.724157,0.875437,0.724157,67,45,46,35,0,0,0,0,374,278,214,157
2026/02/05/14:42:05,1153.589382,0.875437,0.724157,0.875437,0.724157,67,45,46,35,0,0,0,0,374,278,214,157
2026/02/05/14:42:06,1154.590049,0.875437,0.724157,0.875437,0.724157,67,45,46,35,0,0,0,0,374,278,214,157
2026/02/05/14:42:07,1155.590639,0.875437,0.724157,0.875437,0.724157,67,45,46,35,0,0,0,0,374,278,214,157
2026/02/05/14:42:08,1156.591269,0.875437,0.724157,0.875437,0.724157,67,45,46,35,0,0,0,0,374,278,214,157
2026/02/05/14:42:09,1157.592057,0.875437,0.724157,0.875437,0.724157,67,45,46,35,0,0,0,0,374,278,214,157
2026/02/05/14:42:10,1158.592726,0.875437,0.724157,0.875437,0.724157,67,45,46,35,0,0,0,0,374,278,214,157
2026/02/05/14:42:11,1159.593431,0.875437,0.724157,0.875437,0.724157,67,45,46,35,0,0,0,0,374,278,214,157
2026/02/05/14:42:12,1160.594083,0.875437,0.724157,0.875437,0.724157,67,45,46,35,0,0,0,0,374,278,214,157
2026/02/05/14:42:13,1161.594658,0.854250,0.719686,0.854250,0.719686,65,45,46,35,0,0,0,0,376,278,214,157
2026/02/05/14:42:14,1162.595276,0.854250,0.719686,0.854250,0.719686,65,45,46,35,0,0,0,0,376,278,214,157
2026/02/05/14:42:15,1163.595922,0.854250,0.719686,0.854250,0.719686,65,45,46,35,0,0,0,0,376,278,214,157
2026/02/05/14:42:16,1164.596552,0.854250,0.719686,0.854250,0.719686,65,45,46,35,0,0,0,0,376,278,214,157
2026/02/05/14:42:17,1165.597180,0.850938,0.713620,0.850938,0.713620,65,45,44,35,0,0,0,0,376,278,216,157
2026/02/05/14:42:18,1166.598011,0.882344,0.735918,0.905062,0.745460,69,49,45,35,1,1,0,0,376,278,216,157
2026/02/05/14:42:19,1167.598691,0.882344,0.735918,0.905062,0.745460,69,49,45,35,1,1,0,0,376,278,216,157
2026/02/05/14:42:20,1168.599373,0.882344,0.735918,0.905062,0.745460,69,49,45,35,1,1,0,0,376,278,216,157
2026/02/05/14:42:21,1169.600134,0.882344,0.735918,0.892344,0.737650,69,49,45,35,1,0,0,0,376,278,216,157
2026/02/05/14:42:22,1170.600730,0.874906,0.732673,0.874906,0.732673,67,48,45,36,0,0,0,0,379,279,216,157
2026/02/05/14:42:23,1171.601458,0.871969,0.730780,0.871969,0.730780,66,48,45,36,0,0,0,0,380,279,216,157
2026/02/05/14:42:24,1172.602165,0.870375,0.728800,0.870375,0.728800,66,48,45,35,0,0,0,0,380,279,216,158
2026/02/05/14:42:25,1173.602840,0.863437,0.727229,0.863437,0.727229,66,48,44,35,0,0,0,0,380,279,217,158
2026/02/05/14:42:26,1174.603559,0.863437,0.727229,0.863437,0.727229,66,48,44,35,0,0,0,0,380,279,217,158
2026/02/05/14:42:27,1175.604144,0.863437,0.727229,0.863437,0.727229,66,48,44,35,0,0,0,0,380,279,217,158
2026/02/05/14:42:28,1176.604749,0.863437,0.727229,0.863437,0.727229,66,48,44,35,0,0,0,0,380,279,217,158
2026/02/05/14:42:29,1177.605418,0.863437,0.727229,0.863437,0.727229,66,48,44,35,0,0,0,0,380,279,217,158
2026/02/05/14:42:30,1178.606037,0.863437,0.727229,0.863437,0.727229,66,48,44,35,0,0,0,0,380,279,217,158
2026/02/05/14:42:31,1179.606664,0.863437,0.727229,0.863437,0.727229,66,48,44,35,0,0,0,0,380,279,217,158
2026/02/05/14:42:32,1180.607335,0.851156,0.689491,0.851156,0.689491,63,48,44,35,0,0,0,0,383,279,217,158
2026/02/05/14:42:33,1181.607968,0.851156,0.689491,0.851156,0.689491,63,48,44,35,0,0,0,0,383,279,217,158
2026/02/05/14:42:34,1182.608572,0.851156,0.689491,0.851156,0.689491,63,48,44,35,0,0,0,0,383,279,217,158
2026/02/05/14:42:35,1183.609180,0.851156,0.689491,0.851156,0.689491,63,48,44,35,0,0,0,0,383,279,217,158
2026/02/05/14:42:36,1184.609817,0.851156,0.689491,0.851156,0.689491,63,48,44,35,0,0,0,0,383,279,217,158
2026/02/05/14:42:37,1185.610399,0.868781,0.718162,0.868781,0.718162,63,52,44,38,0,0,0,0,383,279,217,158
2026/02/05/14:42:38,1186.611105,0.868781,0.718162,0.868781,0.718162,63,52,44,38,0,0,0,0,383,279,217,158
2026/02/05/14:42:39,1187.611691,0.886500,0.731698,0.886500,0.731698,64,57,45,38,0,0,0,0,383,279,217,158
2026/02/05/14:42:40,1188.612322,0.884625,0.729211,0.890563,0.732064,64,56,45,38,1,0,0,0,383,280,217,158
2026/02/05/14:42:41,1189.613065,0.882281,0.722882,0.882281,0.722882,63,55,45,38,0,0,0,0,385,281,217,158
2026/02/05/14:42:42,1190.618261,0.897594,0.757825,0.903937,0.768294,67,50,45,44,1,0,0,0,385,286,217,158
2026/02/05/14:42:43,1191.618828,0.908250,0.773438,0.926531,0.782193,69,53,44,44,0,3,0,0,386,286,218,158
2026/02/05/14:42:44,1192.619398,0.908250,0.773438,0.926531,0.782193,69,53,44,44,0,3,0,0,386,286,218,158
2026/02/05/14:42:45,1193.620124,0.903000,0.742015,0.903000,0.742015,69,53,44,38,0,0,0,0,386,289,218,164
2026/02/05/14:42:46,1194.620695,0.892312,0.732496,0.892312,0.732496,65,53,44,38,0,0,0,0,390,289,218,164
2026/02/05/14:42:47,1195.621387,0.879437,0.729296,0.879437,0.729296,65,51,44,38,0,0,0,0,390,291,218,164
2026/02/05/14:42:48,1196.622172,0.875938,0.725121,0.875938,0.725121,63,51,44,38,0,0,0,0,392,291,218,164
2026/02/05/14:42:49,1197.627264,0.896219,0.733728,0.906156,0.735925,68,50,44,41,1,0,0,0,392,292,218,164
2026/02/05/14:42:50,1198.628054,0.906687,0.743165,0.949063,0.763170,70,51,45,41,4,0,2,0,392,292,218,164
2026/02/05/14:42:51,1199.628673,0.923594,0.755568,0.989688,0.781323,70,51,46,44,4,0,5,0,392,292,218,164
2026/02/05/14:42:52,1200.629330,0.934562,0.765756,1.022031,0.798549,71,54,46,44,1,3,5,0,392,292,218,164
2026/02/05/14:42:53,1201.629979,0.934562,0.765756,1.010969,0.786240,71,54,46,44,1,3,3,0,392,292,218,164
2026/02/05/14:42:54,1202.630469,0.920156,0.749888,0.930094,0.752084,68,50,47,41,1,0,0,0,395,296,218,167
2026/02/05/14:42:55,1203.631044,0.905937,0.738523,0.915875,0.740720,67,49,45,41,1,0,0,0,396,297,220,167
2026/02/05/14:42:56,1204.631660,0.905937,0.738523,0.915875,0.740720,67,49,45,41,1,0,0,0,396,297,220,167
2026/02/05/14:42:57,1205.632288,0.892406,0.712075,0.892406,0.712075,67,47,45,38,0,0,0,0,397,299,220,170
2026/02/05/14:42:58,1206.632906,0.877687,0.707185,0.877687,0.707185,67,47,42,38,0,0,0,0,397,299,223,170
2026/02/05/14:42:59,1207.633528,0.877687,0.707185,0.877687,0.707185,67,47,42,38,0,0,0,0,397,299,223,170
2026/02/05/14:43:00,1208.634103,0.870563,0.701917,0.870563,0.701917,67,47,39,38,0,0,0,0,397,299,226,170
2026/02/05/14:43:01,1209.634963,0.892437,0.712256,0.894938,0.714294,68,47,40,40,0,0,0,1,397,299,226,170
2026/02/05/14:43:02,1210.635976,0.901000,0.723227,0.901000,0.723227,68,47,40,44,0,0,0,0,397,299,226,170
2026/02/05/14:43:03,1211.636570,0.880969,0.706259,0.880969,0.706259,66,45,40,44,0,0,0,0,399,301,226,170
2026/02/05/14:43:04,1212.637156,0.873313,0.698820,0.873313,0.698820,66,45,39,42,0,0,0,0,399,301,227,172
2026/02/05/14:43:05,1213.637826,0.869875,0.694671,0.869875,0.694671,64,45,39,42,0,0,0,0,401,301,227,172
2026/02/05/14:43:06,1214.638479,0.854750,0.689414,0.854750,0.689414,64,45,39,40,0,0,0,0,401,301,227,174
2026/02/05/14:43:07,1215.639268,0.854750,0.689414,0.854750,0.689414,64,45,39,40,0,0,0,0,401,301,227,174
2026/02/05/14:43:08,1216.639930,0.851063,0.683776,0.851063,0.683776,62,45,39,40,0,0,0,0,403,301,227,174
2026/02/05/14:43:09,1217.640553,0.851063,0.683776,0.851063,0.683776,62,45,39,40,0,0,0,0,403,301,227,174
2026/02/05/14:43:10,1218.641312,0.846969,0.682056,0.846969,0.682056,61,45,39,40,0,0,0,0,404,301,227,174
2026/02/05/14:43:11,1219.641943,0.846969,0.682056,0.846969,0.682056,61,45,39,40,0,0,0,0,404,301,227,174
2026/02/05/14:43:12,1220.642549,0.846969,0.682056,0.846969,0.682056,61,45,39,40,0,0,0,0,404,301,227,174
2026/02/05/14:43:13,1221.643336,0.846969,0.682056,0.846969,0.682056,61,45,39,40,0,0,0,0,404,301,227,174
2026/02/05/14:43:14,1222.643983,0.846969,0.682056,0.846969,0.682056,61,45,39,40,0,0,0,0,404,301,227,174
2026/02/05/14:43:15,1223.644547,0.846969,0.682056,0.846969,0.682056,61,45,39,40,0,0,0,0,404,301,227,174
2026/02/05/14:43:16,1224.645161,0.846969,0.682056,0.846969,0.682056,61,45,39,40,0,0,0,0,404,301,227,174
2026/02/05/14:43:17,1225.645832,0.841156,0.678583,0.841156,0.678583,61,43,39,40,0,0,0,0,404,303,227,174
2026/02/05/14:43:18,1226.646552,0.841156,0.678583,0.841156,0.678583,61,43,39,40,0,0,0,0,404,303,227,174
2026/02/05/14:43:19,1227.647278,0.821281,0.674191,0.821281,0.674191,59,43,39,40,0,0,0,0,406,303,227,174
2026/02/05/14:43:20,1228.648035,0.821281,0.674191,0.821281,0.674191,59,43,39,40,0,0,0,0,406,303,227,174
2026/02/05/14:43:21,1229.648815,0.821281,0.674191,0.821281,0.674191,59,43,39,40,0,0,0,0,406,303,227,174
2026/02/05/14:43:22,1230.649685,0.821281,0.674191,0.821281,0.674191,59,43,39,40,0,0,0,0,406,303,227,174
2026/02/05/14:43:23,1231.650481,0.821281,0.674191,0.821281,0.674191,59,43,39,40,0,0,0,0,406,303,227,174
2026/02/05/14:43:24,1232.651213,0.821281,0.674191,0.821281,0.674191,59,43,39,40,0,0,0,0,406,303,227,174
2026/02/05/14:43:25,1233.651913,0.821281,0.674191,0.821281,0.674191,59,43,39,40,0,0,0,0,406,303,227,174
2026/02/05/14:43:26,1234.652575,0.821281,0.674191,0.821281,0.674191,59,43,39,40,0,0,0,0,406,303,227,174
2026/02/05/14:43:27,1235.653296,0.821281,0.674191,0.821281,0.674191,59,43,39,40,0,0,0,0,406,303,227,174
2026/02/05/14:43:28,1236.654063,0.821281,0.674191,0.821281,0.674191,59,43,39,40,0,0,0,0,406,303,227,174
2026/02/05/14:43:29,1237.654755,0.821281,0.674191,0.821281,0.674191,59,43,39,40,0,0,0,0,406,303,227,174
2026/02/05/14:43:30,1238.655499,0.821281,0.674191,0.821281,0.674191,59,43,39,40,0,0,0,0,406,303,227,174
2026/02/05/14:43:31,1239.656203,0.857156,0.714267,0.857156,0.714267,63,45,40,42,0,0,0,0,406,303,227,174
2026/02/05/14:43:32,1240.656749,0.857156,0.714267,0.857156,0.714267,63,45,40,42,0,0,0,0,406,303,227,174
2026/02/05/14:43:33,1241.657507,0.849719,0.688868,0.849719,0.688868,61,45,40,40,0,0,0,0,408,303,227,176
2026/02/05/14:43:34,1242.658237,0.844156,0.685562,0.844156,0.685562,59,45,40,40,0,0,0,0,410,303,227,176
2026/02/05/14:43:35,1243.659128,0.844156,0.685562,0.844156,0.685562,59,45,40,40,0,0,0,0,410,303,227,176
2026/02/05/14:43:36,1244.660037,0.844156,0.685562,0.844156,0.685562,59,45,40,40,0,0,0,0,410,303,227,176
2026/02/05/14:43:37,1245.660725,0.844156,0.685562,0.844156,0.685562,59,45,40,40,0,0,0,0,410,303,227,176
2026/02/05/14:43:38,1246.661473,0.844156,0.685562,0.844156,0.685562,59,45,40,40,0,0,0,0,410,303,227,176
2026/02/05/14:43:39,1247.662083,0.844156,0.685562,0.844156,0.685562,59,45,40,40,0,0,0,0,410,303,227,176
2026/02/05/14:43:40,1248.662850,0.841094,0.683689,0.841094,0.683689,59,45,39,40,0,0,0,0,410,303,228,176
2026/02/05/14:43:41,1249.663488,0.841094,0.683689,0.841094,0.683689,59,45,39,40,0,0,0,0,410,303,228,176
2026/02/05/14:43:42,1250.664320,0.841094,0.683689,0.841094,0.683689,59,45,39,40,0,0,0,0,410,303,228,176
2026/02/05/14:43:43,1251.665036,0.841094,0.683689,0.841094,0.683689,59,45,39,40,0,0,0,0,410,303,228,176
2026/02/05/14:43:44,1252.665722,0.841094,0.683689,0.841094,0.683689,59,45,39,40,0,0,0,0,410,303,228,176
2026/02/05/14:43:45,1253.666630,0.841094,0.683689,0.841094,0.683689,59,45,39,40,0,0,0,0,410,303,228,176
2026/02/05/14:43:46,1254.667264,0.882031,0.725574,0.882031,0.725574,65,45,42,43,0,0,0,0,410,303,228,176
2026/02/05/14:43:47,1255.667986,0.893500,0.739508,0.942187,0.750007,65,46,43,44,3,0,1,0,410,303,228,176
2026/02/05/14:43:48,1256.668704,0.890563,0.737917,0.939250,0.748415,64,46,43,44,3,0,1,0,411,303,228,176
2026/02/05/14:43:49,1257.669409,0.883781,0.726958,0.925687,0.734953,62,45,43,44,3,0,0,0,413,304,229,176
2026/02/05/14:43:50,1258.670027,0.889594,0.755419,0.931500,0.763414,61,47,43,47,3,0,0,0,414,304,229,176
2026/02/05/14:43:51,1259.670776,0.874687,0.750113,0.916594,0.758107,58,47,43,47,3,0,0,0,417,304,229,176
2026/02/05/14:43:52,1260.671622,0.867563,0.736915,0.909469,0.744909,58,47,40,47,3,0,0,0,417,304,232,176
2026/02/05/14:43:53,1261.672222,0.865281,0.734493,0.907188,0.742488,58,46,40,47,3,0,0,0,417,305,232,176
2026/02/05/14:43:54,1262.672843,0.865281,0.734493,0.907188,0.742488,58,46,40,47,3,0,0,0,417,305,232,176
2026/02/05/14:43:55,1263.673518,0.849375,0.710635,0.891281,0.718630,58,45,40,43,3,0,0,0,417,306,232,180
2026/02/05/14:43:56,1264.674189,0.843531,0.703802,0.871469,0.709132,59,43,40,43,2,0,0,0,417,308,232,180
2026/02/05/14:43:57,1265.674632,0.836406,0.676730,0.864344,0.682060,59,43,40,40,2,0,0,0,417,308,232,183
2026/02/05/14:43:58,1266.675166,0.855812,0.691165,0.883750,0.696494,59,46,41,43,2,0,0,0,417,308,232,183
2026/02/05/14:43:59,1267.675949,0.855812,0.691165,0.883750,0.696494,59,46,41,43,2,0,0,0,417,308,232,183
2026/02/05/14:44:00,1268.676695,0.852125,0.686227,0.880062,0.691557,59,45,41,42,2,0,0,0,417,309,232,184
2026/02/05/14:44:01,1269.677312,0.848500,0.681951,0.876437,0.687281,59,45,41,40,2,0,0,0,417,309,232,186
2026/02/05/14:44:02,1270.677890,0.848500,0.681951,0.876437,0.687281,59,45,41,40,2,0,0,0,417,309,232,186
2026/02/05/14:44:03,1271.678657,0.841719,0.679447,0.869656,0.684777,59,45,40,40,2,0,0,0,417,309,233,186
2026/02/05/14:44:04,1272.679393,0.839125,0.677549,0.867062,0.682879,59,45,39,40,2,0,0,0,417,309,234,186
2026/02/05/14:44:05,1273.680172,0.839125,0.677549,0.867062,0.682879,59,45,39,40,2,0,0,0,417,309,234,186
2026/02/05/14:44:06,1274.680969,0.839125,0.677549,0.867062,0.682879,59,45,39,40,2,0,0,0,417,309,234,186
2026/02/05/14:44:07,1275.681712,0.839125,0.677549,0.867062,0.682879,59,45,39,40,2,0,0,0,417,309,234,186
2026/02/05/14:44:08,1276.682407,0.839125,0.677549,0.867062,0.682879,59,45,39,40,2,0,0,0,417,309,234,186
2026/02/05/14:44:09,1277.683110,0.829625,0.674226,0.857563,0.679555,59,43,39,40,2,0,0,0,417,311,234,186
2026/02/05/14:44:10,1278.683897,0.829625,0.674226,0.857563,0.679555,59,43,39,40,2,0,0,0,417,311,234,186
2026/02/05/14:44:11,1279.684683,0.829625,0.674226,0.857563,0.679555,59,43,39,40,2,0,0,0,417,311,234,186
2026/02/05/14:44:12,1280.685326,0.829625,0.674226,0.857563,0.679555,59,43,39,40,2,0,0,0,417,311,234,186
2026/02/05/14:44:13,1281.686157,0.829625,0.674226,0.857563,0.679555,59,43,39,40,2,0,0,0,417,311,234,186
2026/02/05/14:44:14,1282.686904,0.829625,0.674226,0.857563,0.679555,59,43,39,40,2,0,0,0,417,311,234,186
2026/02/05/14:44:15,1283.687592,0.829625,0.674226,0.857563,0.679555,59,43,39,40,2,0,0,0,417,311,234,186
2026/02/05/14:44:16,1284.688235,0.829625,0.674226,0.857563,0.679555,59,43,39,40,2,0,0,0,417,311,234,186
2026/02/05/14:44:17,1285.688807,0.832906,0.693727,0.832906,0.693727,59,44,39,43,0,0,0,0,418,311,234,186
2026/02/05/14:44:18,1286.689509,0.832906,0.693727,0.832906,0.693727,59,44,39,43,0,0,0,0,418,311,234,186
2026/02/05/14:44:19,1287.690229,0.826875,0.687121,0.826875,0.687121,59,43,39,43,0,0,0,0,418,312,234,186
2026/02/05/14:44:20,1288.690934,0.826875,0.687121,0.826875,0.687121,59,43,39,43,0,0,0,0,418,312,234,186
2026/02/05/14:44:21,1289.691606,0.826875,0.687121,0.826875,0.687121,59,43,39,43,0,0,0,0,418,312,234,186
2026/02/05/14:44:22,1290.692289,0.826875,0.687121,0.826875,0.687121,59,43,39,43,0,0,0,0,418,312,234,186
2026/02/05/14:44:23,1291.692971,0.826875,0.687121,0.826875,0.687121,59,43,39,43,0,0,0,0,418,312,234,186
2026/02/05/14:44:24,1292.693675,0.826875,0.687121,0.826875,0.687121,59,43,39,43,0,0,0,0,418,312,234,186
2026/02/05/14:44:25,1293.694333,0.826875,0.687121,0.826875,0.687121,59,43,39,43,0,0,0,0,418,312,234,186
2026/02/05/14:44:26,1294.695160,0.826875,0.687121,0.826875,0.687121,59,43,39,43,0,0,0,0,418,312,234,186
2026/02/05/14:44:27,1295.695950,0.826875,0.687121,0.826875,0.687121,59,43,39,43,0,0,0,0,418,312,234,186
2026/02/05/14:44:28,1296.696433,0.862062,0.718995,0.862062,0.718995,62,44,44,43,0,0,0,0,418,312,234,186
2026/02/05/14:44:29,1297.697204,0.875656,0.770276,0.875656,0.770276,64,45,46,43,0,0,0,0,418,312,234,186
2026/02/05/14:44:30,1298.697863,0.882781,0.781581,0.882781,0.781581,66,45,48,43,0,0,0,0,419,312,234,186
2026/02/05/14:44:31,1299.698448,0.896156,0.790807,0.899656,0.793468,66,53,44,44,0,1,0,0,419,312,238,186
2026/02/05/14:44:32,1300.698951,0.909531,0.812753,0.909531,0.812753,67,55,43,47,0,0,0,0,419,313,241,186
2026/02/05/14:44:33,1301.699496,0.933312,0.844544,0.949656,0.849121,70,56,43,49,1,0,0,1,419,315,241,186
2026/02/05/14:44:34,1302.700006,0.930063,0.834666,0.976375,0.850379,70,56,43,47,1,0,1,4,419,315,241,188
2026/02/05/14:44:35,1303.700499,0.923281,0.807765,0.970875,0.822207,66,55,43,46,1,0,2,3,423,316,242,191
2026/02/05/14:44:36,1304.701049,0.924031,0.787715,0.924031,0.787715,67,51,43,46,0,0,0,0,423,320,244,191
2026/02/05/14:44:37,1305.701611,0.905875,0.759410,0.907750,0.764227,65,45,44,48,0,0,1,0,425,326,244,192
2026/02/05/14:44:38,1306.702075,0.884563,0.745949,0.884563,0.745949,62,45,44,46,0,0,0,0,428,326,245,194
2026/02/05/14:44:39,1307.702613,0.884563,0.745949,0.884563,0.745949,62,45,44,46,0,0,0,0,428,326,245,194
2026/02/05/14:44:40,1308.703284,0.894406,0.754183,0.894406,0.754183,62,45,47,46,0,0,0,0,428,326,245,194
2026/02/05/14:44:41,1309.703992,0.894406,0.754183,0.894406,0.754183,62,45,47,46,0,0,0,0,428,326,245,194
2026/02/05/14:44:42,1310.704720,0.873875,0.734232,0.873875,0.734232,61,45,42,46,0,0,0,0,429,326,250,194
2026/02/05/14:44:43,1311.705485,0.875875,0.745790,0.875875,0.745790,62,45,42,46,0,0,0,0,429,326,250,194
2026/02/05/14:44:44,1312.706080,0.869687,0.722016,0.869687,0.722016,62,45,42,43,0,0,0,0,429,326,250,197
2026/02/05/14:44:45,1313.706759,0.869687,0.722016,0.869687,0.722016,62,45,42,43,0,0,0,0,429,326,250,197
2026/02/05/14:44:46,1314.707361,0.867687,0.710458,0.867687,0.710458,61,45,42,43,0,0,0,0,430,326,250,197
2026/02/05/14:44:47,1315.708022,0.867687,0.710458,0.867687,0.710458,61,45,42,43,0,0,0,0,430,326,250,197
2026/02/05/14:44:48,1316.708915,0.860281,0.696602,0.860281,0.696602,61,45,42,40,0,0,0,0,430,326,250,200
2026/02/05/14:44:49,1317.709515,0.860281,0.696602,0.860281,0.696602,61,45,42,40,0,0,0,0,430,326,250,200
2026/02/05/14:44:50,1318.710150,0.860281,0.696602,0.860281,0.696602,61,45,42,40,0,0,0,0,430,326,250,200
2026/02/05/14:44:51,1319.710936,0.860281,0.696602,0.860281,0.696602,61,45,42,40,0,0,0,0,430,326,250,200
2026/02/05/14:44:52,1320.711537,0.860281,0.696602,0.860281,0.696602,61,45,42,40,0,0,0,0,430,326,250,200
2026/02/05/14:44:53,1321.712155,0.860281,0.696602,0.860281,0.696602,61,45,42,40,0,0,0,0,430,326,250,200
2026/02/05/14:44:54,1322.712801,0.860281,0.696602,0.860281,0.696602,61,45,42,40,0,0,0,0,430,326,250,200
2026/02/05/14:44:55,1323.713713,0.860281,0.696602,0.860281,0.696602,61,45,42,40,0,0,0,0,430,326,250,200
2026/02/05/14:44:56,1324.714501,0.860281,0.696602,0.860281,0.696602,61,45,42,40,0,0,0,0,430,326,250,200
2026/02/05/14:44:57,1325.715315,0.860281,0.696602,0.860281,0.696602,61,45,42,40,0,0,0,0,430,326,250,200
2026/02/05/14:44:58,1326.715916,0.860281,0.696602,0.860281,0.696602,61,45,42,40,0,0,0,0,430,326,250,200
2026/02/05/14:44:59,1327.716686,0.860281,0.696602,0.860281,0.696602,61,45,42,40,0,0,0,0,430,326,250,200
2026/02/05/14:45:00,1328.717530,0.860281,0.696602,0.860281,0.696602,61,45,42,40,0,0,0,0,430,326,250,200
2026/02/05/14:45:01,1329.718220,0.860281,0.696602,0.860281,0.696602,61,45,42,40,0,0,0,0,430,326,250,200
2026/02/05/14:45:02,1330.718862,0.860281,0.696602,0.860281,0.696602,61,45,42,40,0,0,0,0,430,326,250,200
2026/02/05/14:45:03,1331.719601,0.860281,0.696602,0.860281,0.696602,61,45,42,40,0,0,0,0,430,326,250,200
2026/02/05/14:45:04,1332.720374,0.860281,0.696602,0.860281,0.696602,61,45,42,40,0,0,0,0,430,326,250,200
2026/02/05/14:45:05,1333.721048,0.860281,0.696602,0.860281,0.696602,61,45,42,40,0,0,0,0,430,326,250,200
2026/02/05/14:45:06,1334.721732,0.860281,0.696602,0.860281,0.696602,61,45,42,40,0,0,0,0,430,326,250,200
2026/02/05/14:45:07,1335.722275,0.860281,0.696602,0.860281,0.696602,61,45,42,40,0,0,0,0,430,326,250,200
2026/02/05/14:45:08,1336.722886,0.860281,0.696602,0.860281,0.696602,61,45,42,40,0,0,0,0,430,326,250,200
2026/02/05/14:45:09,1337.723475,0.860281,0.696602,0.860281,0.696602,61,45,42,40,0,0,0,0,430,326,250,200
2026/02/05/14:45:10,1338.724159,0.860281,0.696602,0.860281,0.696602,61,45,42,40,0,0,0,0,430,326,250,200
2026/02/05/14:45:11,1339.724831,0.860281,0.696602,0.860281,0.696602,61,45,42,40,0,0,0,0,430,326,250,200
2026/02/05/14:45:12,1340.725555,0.860281,0.696602,0.860281,0.696602,61,45,42,40,0,0,0,0,430,326,250,200
2026/02/05/14:45:13,1341.726197,0.860281,0.696602,0.860281,0.696602,61,45,42,40,0,0,0,0,430,326,250,200
2026/02/05/14:45:14,1342.726920,0.880875,0.716199,0.904312,0.735152,61,45,44,45,0,2,1,0,430,326,250,200
2026/02/05/14:45:15,1343.727476,0.880875,0.716199,0.904312,0.735152,61,45,44,45,0,2,1,0,430,326,250,200
2026/02/05/14:45:16,1344.728127,0.880875,0.716199,0.888250,0.718535,61,45,44,45,0,0,1,0,430,326,250,200
2026/02/05/14:45:18,1345.728679,0.880875,0.716199,0.888250,0.718535,61,45,44,45,0,0,1,0,430,326,250,200
2026/02/05/14:45:19,1346.729377,0.880875,0.716199,0.888250,0.718535,61,45,44,45,0,0,1,0,430,326,250,200
2026/02/05/14:45:20,1347.730083,0.885625,0.715223,0.885625,0.715223,61,45,44,45,0,0,0,0,430,326,251,200
2026/02/05/14:45:21,1348.730799,0.885625,0.715223,0.885625,0.715223,61,45,44,45,0,0,0,0,430,326,251,200
2026/02/05/14:45:22,1349.731512,0.885625,0.715223,0.885625,0.715223,61,45,44,45,0,0,0,0,430,326,251,200
2026/02/05/14:45:23,1350.732165,0.909813,0.742432,0.909813,0.742432,64,45,47,45,0,0,0,0,430,326,251,200
2026/02/05/14:45:24,1351.732966,0.926250,0.779202,0.933625,0.805963,64,46,50,46,0,0,0,2,430,326,251,200
2026/02/05/14:45:25,1352.733514,0.926250,0.779202,0.933625,0.805963,64,46,50,46,0,0,0,2,430,326,251,200
2026/02/05/14:45:26,1353.734193,0.925469,0.792624,0.942656,0.821130,65,47,51,47,0,1,0,2,430,326,254,200
2026/02/05/14:45:27,1354.734713,0.935156,0.813896,0.978656,0.822894,63,50,50,50,0,5,0,0,433,326,257,200
2026/02/05/14:45:28,1355.735239,0.929031,0.803674,1.008219,0.840314,63,49,50,48,0,2,2,3,433,327,257,203
2026/02/05/14:45:29,1356.735727,0.934250,0.801792,1.013437,0.838432,64,49,47,49,0,2,2,3,434,327,260,203
2026/02/05/14:45:30,1357.736299,0.928375,0.781399,1.007562,0.818040,66,47,47,47,0,2,2,3,434,329,260,205
2026/02/05/14:45:31,1358.736996,0.931094,0.779711,1.003250,0.814470,66,47,47,47,0,1,2,3,434,330,260,205
2026/02/05/14:45:32,1359.737616,0.917344,0.771172,0.989500,0.805931,64,47,45,47,0,1,2,3,436,330,262,205
2026/02/05/14:45:33,1360.738260,0.931937,0.752524,0.961156,0.758658,65,50,49,45,0,1,2,0,436,330,262,208
2026/02/05/14:45:34,1361.739059,0.940094,0.763550,0.969313,0.769684,67,51,49,46,0,1,2,0,436,330,262,208
2026/02/05/14:45:35,1362.739770,0.942312,0.762954,0.964500,0.767207,67,52,49,45,0,0,2,0,436,330,262,209
2026/02/05/14:45:36,1363.740341,0.933187,0.752055,0.933187,0.752055,65,52,48,44,0,0,0,0,438,330,263,210
2026/02/05/14:45:37,1364.741005,0.936937,0.759225,0.996094,0.778295,66,54,48,43,3,3,0,0,438,330,263,211
2026/02/05/14:45:38,1365.741605,0.929312,0.752256,0.988469,0.771326,64,54,48,43,3,3,0,0,440,330,263,211
2026/02/05/14:45:39,1366.742353,0.929312,0.752256,0.988469,0.771326,64,54,48,43,3,3,0,0,440,330,263,211
2026/02/05/14:45:40,1367.743146,0.929312,0.752256,0.988469,0.771326,64,54,48,43,3,3,0,0,440,330,263,211
2026/02/05/14:45:41,1368.743850,0.921969,0.739324,0.921969,0.739324,63,51,48,43,0,0,0,0,441,333,263,211
2026/02/05/14:45:42,1369.744573,0.921969,0.739324,0.921969,0.739324,63,51,48,43,0,0,0,0,441,333,263,211
2026/02/05/14:45:43,1370.745239,0.914281,0.733286,0.914281,0.733286,63,48,48,43,0,0,0,0,441,336,263,211
2026/02/05/14:45:44,1371.745992,0.902844,0.725963,0.902844,0.725963,63,48,45,43,0,0,0,0,441,336,266,211
2026/02/05/14:45:45,1372.746531,0.901125,0.720987,0.901125,0.720987,63,47,45,43,0,0,0,0,441,337,266,211
2026/02/05/14:45:46,1373.747356,0.901125,0.720987,0.901125,0.720987,63,47,45,43,0,0,0,0,441,337,266,211
2026/02/05/14:45:47,1374.748015,0.901125,0.720987,0.901125,0.720987,63,47,45,43,0,0,0,0,441,337,266,211
2026/02/05/14:45:48,1375.748843,0.887062,0.717224,0.887062,0.717224,63,45,45,43,0,0,0,0,441,339,266,211
2026/02/05/14:45:49,1376.749448,0.887062,0.717224,0.887062,0.717224,63,45,45,43,0,0,0,0,441,339,266,211
2026/02/05/14:45:50,1377.749963,0.887062,0.717224,0.887062,0.717224,63,45,45,43,0,0,0,0,441,339,266,211
2026/02/05/14:45:51,1378.750656,0.887062,0.717224,0.887062,0.717224,63,45,45,43,0,0,0,0,441,339,266,211
2026/02/05/14:45:52,1379.751358,0.887062,0.717224,0.887062,0.717224,63,45,45,43,0,0,0,0,441,339,266,211
2026/02/05/14:45:53,1380.752043,0.887062,0.717224,0.887062,0.717224,63,45,45,43,0,0,0,0,441,339,266,211
2026/02/05/14:45:54,1381.752688,0.887062,0.717224,0.887062,0.717224,63,45,45,43,0,0,0,0,441,339,266,211
2026/02/05/14:45:55,1382.753405,0.887062,0.717224,0.887062,0.717224,63,45,45,43,0,0,0,0,441,339,266,211
2026/02/05/14:45:56,1383.753963,0.887062,0.717224,0.887062,0.717224,63,45,45,43,0,0,0,0,441,339,266,211
2026/02/05/14:45:57,1384.754532,0.887062,0.717224,0.887062,0.717224,63,45,45,43,0,0,0,0,441,339,266,211
2026/02/05/14:45:58,1385.755256,0.887062,0.717224,0.887062,0.717224,63,45,45,43,0,0,0,0,441,339,266,211
2026/02/05/14:45:59,1386.755921,0.887062,0.717224,0.887062,0.717224,63,45,45,43,0,0,0,0,441,339,266,211
2026/02/05/14:46:00,1387.756508,0.887062,0.717224,0.887062,0.717224,63,45,45,43,0,0,0,0,441,339,266,211
2026/02/05/14:46:01,1388.757033,0.887062,0.717224,0.887062,0.717224,63,45,45,43,0,0,0,0,441,339,266,211
2026/02/05/14:46:02,1389.757895,0.887062,0.717224,0.887062,0.717224,63,45,45,43,0,0,0,0,441,339,266,211
2026/02/05/14:46:03,1390.758494,0.887062,0.717224,0.887062,0.717224,63,45,45,43,0,0,0,0,441,339,266,211
2026/02/05/14:46:04,1391.759185,0.885062,0.712906,0.885062,0.712906,63,45,44,43,0,0,0,0,441,339,267,211
2026/02/05/14:46:05,1392.759770,0.885062,0.712906,0.885062,0.712906,63,45,44,43,0,0,0,0,441,339,267,211
2026/02/05/14:46:06,1393.760347,0.885062,0.712906,0.885062,0.712906,63,45,44,43,0,0,0,0,441,339,267,211
2026/02/05/14:46:07,1394.761154,0.877000,0.708249,0.877000,0.708249,63,44,44,43,0,0,0,0,441,340,267,211
2026/02/05/14:46:08,1395.761786,0.877000,0.708249,0.877000,0.708249,63,44,44,43,0,0,0,0,441,340,267,211
2026/02/05/14:46:09,1396.762660,0.882437,0.720577,0.882437,0.720577,66,44,44,43,0,0,0,0,441,340,267,211
2026/02/05/14:46:10,1397.763249,0.886000,0.723068,0.910250,0.737115,67,44,44,43,1,0,2,2,441,340,267,211
2026/02/05/14:46:11,1398.763916,0.896563,0.733431,0.910250,0.737115,68,44,46,43,0,0,0,2,441,340,267,211
2026/02/05/14:46:12,1399.764514,0.896563,0.733431,0.910250,0.737115,68,44,46,43,0,0,0,2,441,340,267,211
2026/02/05/14:46:13,1400.765152,0.896563,0.733431,0.910250,0.737115,68,44,46,43,0,0,0,2,441,340,267,211
2026/02/05/14:46:14,1401.765811,0.900125,0.745851,0.906969,0.747693,68,46,45,44,0,0,0,1,443,340,268,211
2026/02/05/14:46:15,1402.766462,0.905563,0.752430,0.957500,0.760316,71,46,45,44,0,0,3,1,443,340,268,211
2026/02/05/14:46:16,1403.769033,0.905563,0.752430,0.957500,0.760316,71,46,45,44,0,0,3,1,443,340,268,211
2026/02/05/14:46:17,1404.769699,0.917250,0.783721,0.969187,0.791607,73,46,48,44,0,0,3,1,444,340,268,211
2026/02/05/14:46:18,1405.770536,0.912750,0.771005,0.919594,0.772847,71,46,48,44,0,0,0,1,446,340,268,211
2026/02/05/14:46:19,1406.771168,0.911000,0.769266,0.917844,0.771108,70,46,48,44,0,0,0,1,447,340,268,211
2026/02/05/14:46:20,1407.771848,0.911000,0.769266,0.917844,0.771108,70,46,48,44,0,0,0,1,447,340,268,211
2026/02/05/14:46:21,1408.772759,0.906312,0.760858,0.913156,0.762700,67,46,48,44,0,0,0,1,450,340,268,211
2026/02/05/14:46:22,1409.773416,0.906312,0.760858,0.913156,0.762700,67,46,48,44,0,0,0,1,450,340,268,211
2026/02/05/14:46:23,1410.774162,0.902625,0.756018,0.909469,0.757860,65,46,48,44,0,0,0,1,452,340,268,211
2026/02/05/14:46:24,1411.774861,0.902625,0.756018,0.909469,0.757860,65,46,48,44,0,0,0,1,452,340,268,211
2026/02/05/14:46:25,1412.775559,0.902625,0.756018,0.909469,0.757860,65,46,48,44,0,0,0,1,452,340,268,211
2026/02/05/14:46:26,1413.776456,0.902625,0.756018,0.909469,0.757860,65,46,48,44,0,0,0,1,452,340,268,211
2026/02/05/14:46:27,1414.777107,0.905094,0.752897,0.905094,0.752897,65,44,48,45,0,0,0,0,452,342,268,211
2026/02/05/14:46:28,1415.777726,0.905094,0.752897,0.905094,0.752897,65,44,48,45,0,0,0,0,452,342,268,211
2026/02/05/14:46:29,1416.778508,0.905094,0.752897,0.905094,0.752897,65,44,48,45,0,0,0,0,452,342,268,211
2026/02/05/14:46:30,1417.779210,0.905094,0.752897,0.905094,0.752897,65,44,48,45,0,0,0,0,452,342,268,211
2026/02/05/14:46:31,1418.779955,0.905094,0.752897,0.905094,0.752897,65,44,48,45,0,0,0,0,452,342,268,211
2026/02/05/14:46:32,1419.780670,0.905094,0.752897,0.905094,0.752897,65,44,48,45,0,0,0,0,452,342,268,211
2026/02/05/14:46:33,1420.781384,0.899656,0.740569,0.899656,0.740569,62,44,48,45,0,0,0,0,455,342,268,211
2026/02/05/14:46:34,1421.782157,0.899656,0.740569,0.899656,0.740569,62,44,48,45,0,0,0,0,455,342,268,211
2026/02/05/14:46:35,1422.782796,0.897687,0.738104,0.897687,0.738104,62,44,48,44,0,0,0,0,455,342,268,212
2026/02/05/14:46:36,1423.783563,0.897687,0.738104,0.897687,0.738104,62,44,48,44,0,0,0,0,455,342,268,212
2026/02/05/14:46:37,1424.784145,0.919063,0.752598,0.923500,0.756852,63,45,50,47,2,0,0,0,455,342,268,212
2026/02/05/14:46:38,1425.784739,0.943156,0.772100,0.943156,0.772100,68,45,54,47,0,0,0,0,455,342,268,212
2026/02/05/14:46:39,1426.785404,0.943156,0.772100,0.943156,0.772100,68,45,54,47,0,0,0,0,455,342,268,212
2026/02/05/14:46:40,1427.786005,0.927750,0.761406,0.927750,0.761406,65,45,52,47,0,0,0,0,458,342,270,212
2026/02/05/14:46:41,1428.786613,0.919438,0.754124,0.919438,0.754124,63,44,52,47,0,0,0,0,460,343,270,212
2026/02/05/14:46:42,1429.787235,0.911875,0.750087,0.911875,0.750087,63,44,50,47,0,0,0,0,460,343,272,212
2026/02/05/14:46:43,1430.788085,0.911875,0.750087,0.951906,0.758769,63,44,50,47,3,0,0,0,460,343,272,212
2026/02/05/14:46:44,1431.788679,0.911875,0.750087,0.951906,0.758769,63,44,50,47,3,0,0,0,460,343,272,212
2026/02/05/14:46:45,1432.789313,0.920094,0.765255,1.002750,0.804381,65,48,51,44,6,0,2,0,460,343,272,215
2026/02/05/14:46:46,1433.795131,0.920000,0.748120,0.996344,0.781265,65,50,48,44,5,0,2,0,461,343,275,215
2026/02/05/14:46:47,1434.795750,0.917906,0.744644,0.954219,0.769108,64,50,48,44,2,0,2,0,462,343,275,215
2026/02/05/14:46:48,1435.796380,0.917906,0.744644,0.954219,0.769108,64,50,48,44,2,0,2,0,462,343,275,215
2026/02/05/14:46:49,1436.797153,0.917906,0.744644,0.954219,0.769108,64,50,48,44,2,0,2,0,462,343,275,215
2026/02/05/14:46:50,1437.797742,0.910719,0.740585,0.947031,0.765048,64,48,48,44,2,0,2,0,462,345,275,215
2026/02/05/14:46:51,1438.798540,0.910719,0.740585,0.947031,0.765048,64,48,48,44,2,0,2,0,462,345,275,215
2026/02/05/14:46:52,1439.799032,0.910719,0.740585,0.947031,0.765048,64,48,48,44,2,0,2,0,462,345,275,215
2026/02/05/14:46:53,1440.799640,0.908937,0.735850,0.945250,0.760314,63,48,48,44,2,0,2,0,463,345,275,215
2026/02/05/14:46:54,1441.800378,0.908937,0.735850,0.945250,0.760314,63,48,48,44,2,0,2,0,463,345,275,215
2026/02/05/14:46:55,1442.800957,0.905156,0.733608,0.941469,0.758072,63,48,47,44,2,0,2,0,463,345,276,215
2026/02/05/14:46:56,1443.801521,0.914813,0.742333,1.009875,0.787904,62,47,50,44,2,5,2,0,464,348,276,215
2026/02/05/14:46:57,1444.802169,0.926344,0.765541,1.021406,0.811111,62,48,52,46,2,5,2,0,464,348,276,215
2026/02/05/14:46:58,1445.802817,0.933875,0.781496,1.028938,0.827066,62,50,53,46,2,5,2,0,464,348,277,215
2026/02/05/14:46:59,1446.803110,0.927969,0.768985,1.023031,0.814555,62,48,53,46,2,5,2,0,464,350,277,215
2026/02/05/14:47:00,1447.803875,0.924531,0.763592,1.012812,0.807051,62,49,50,46,2,4,2,0,464,350,280,215
2026/02/05/14:47:01,1448.804606,0.920656,0.765681,0.995844,0.801049,63,47,50,46,1,3,2,0,464,352,280,215
2026/02/05/14:47:02,1449.805275,0.920656,0.765681,0.972156,0.788547,63,47,50,46,1,3,0,0,464,352,280,215
2026/02/05/14:47:03,1450.805861,0.924188,0.768299,0.975688,0.791164,64,47,51,46,1,3,0,0,464,352,282,215
2026/02/05/14:47:04,1451.806460,0.924188,0.768299,0.975688,0.791164,64,47,51,46,1,3,0,0,464,352,282,215
2026/02/05/14:47:05,1452.807301,0.924188,0.768299,0.975688,0.791164,64,47,51,46,1,3,0,0,464,352,282,215
2026/02/05/14:47:06,1453.807908,0.926063,0.769940,0.971250,0.786824,64,47,50,46,0,3,0,0,465,352,283,215
2026/02/05/14:47:07,1454.808567,0.926063,0.769940,0.971250,0.786824,64,47,50,46,0,3,0,0,465,352,283,215
2026/02/05/14:47:08,1455.809424,0.926063,0.769940,0.971250,0.786824,64,47,50,46,0,3,0,0,465,352,283,215
2026/02/05/14:47:09,1456.810140,0.926063,0.769940,0.971250,0.786824,64,47,50,46,0,3,0,0,465,352,283,215
2026/02/05/14:47:10,1457.810723,0.926063,0.769940,0.971250,0.786824,64,47,50,46,0,3,0,0,465,352,283,215
2026/02/05/14:47:11,1458.811267,0.926063,0.769940,0.971250,0.786824,64,47,50,46,0,3,0,0,465,352,283,215
2026/02/05/14:47:12,1459.812029,0.921937,0.765187,0.967125,0.782071,64,47,50,44,0,3,0,0,465,352,283,217
2026/02/05/14:47:13,1460.812579,0.915719,0.762749,0.960906,0.779634,64,47,49,44,0,3,0,0,465,352,284,217
2026/02/05/14:47:14,1461.813157,0.898844,0.742785,0.944031,0.759669,64,47,47,42,0,3,0,0,465,352,286,219
2026/02/05/14:47:15,1462.813896,0.898844,0.742785,0.944031,0.759669,64,47,47,42,0,3,0,0,465,352,286,219
2026/02/05/14:47:16,1463.814711,0.894156,0.729918,0.939344,0.746802,64,45,47,42,0,3,0,0,465,354,286,219
2026/02/05/14:47:17,1464.815319,0.894156,0.729918,0.939344,0.746802,64,45,47,42,0,3,0,0,465,354,286,219
2026/02/05/14:47:18,1465.816100,0.894156,0.729918,0.939344,0.746802,64,45,47,42,0,3,0,0,465,354,286,219
2026/02/05/14:47:19,1466.816676,0.894156,0.729918,0.939344,0.746802,64,45,47,42,0,3,0,0,465,354,286,219
2026/02/05/14:47:20,1467.817436,0.894156,0.729918,0.939344,0.746802,64,45,47,42,0,3,0,0,465,354,286,219
2026/02/05/14:47:21,1468.817946,0.894156,0.729918,0.939344,0.746802,64,45,47,42,0,3,0,0,465,354,286,219
2026/02/05/14:47:22,1469.818578,0.894156,0.729918,0.939344,0.746802,64,45,47,42,0,3,0,0,465,354,286,219
2026/02/05/14:47:23,1470.819121,0.894156,0.729918,0.939344,0.746802,64,45,47,42,0,3,0,0,465,354,286,219
2026/02/05/14:47:24,1471.819768,0.873250,0.706159,0.918438,0.723043,61,44,47,42,0,3,0,0,468,355,286,219
2026/02/05/14:47:25,1472.820520,0.873250,0.706159,0.918438,0.723043,61,44,47,42,0,3,0,0,468,355,286,219
2026/02/05/14:47:26,1473.821310,0.873250,0.706159,0.918438,0.723043,61,44,47,42,0,3,0,0,468,355,286,219
2026/02/05/14:47:27,1474.821830,0.873250,0.706159,0.918438,0.723043,61,44,47,42,0,3,0,0,468,355,286,219
2026/02/05/14:47:28,1475.822474,0.858500,0.701487,0.903687,0.718371,61,44,45,42,0,3,0,0,468,355,288,219
2026/02/05/14:47:29,1476.823159,0.858500,0.701487,0.903687,0.718371,61,44,45,42,0,3,0,0,468,355,288,219
2026/02/05/14:47:30,1477.823742,0.903031,0.762522,0.948219,0.779406,64,46,49,47,0,3,0,0,468,355,288,219
2026/02/05/14:47:31,1478.824361,0.927719,0.795915,0.977437,0.815087,69,48,50,49,0,3,0,1,468,355,288,219
2026/02/05/14:47:32,1479.825018,0.933219,0.790256,0.978406,0.807140,70,46,50,50,0,3,0,0,468,357,288,220
2026/02/05/14:47:33,1480.825690,0.922531,0.761603,0.967719,0.778488,69,45,48,49,0,3,0,0,469,358,290,221
2026/02/05/14:47:34,1481.826370,0.918969,0.755911,0.964156,0.772795,68,44,48,49,0,3,0,0,470,359,290,221
2026/02/05/14:47:35,1482.826880,0.897563,0.730622,0.942750,0.747507,67,43,45,46,0,3,0,0,472,360,293,224
2026/02/05/14:47:36,1483.827485,0.894031,0.729001,0.939219,0.745885,66,43,45,46,0,3,0,0,473,360,293,224
2026/02/05/14:47:37,1484.828248,0.890781,0.725720,0.935969,0.742604,65,43,45,46,0,3,0,0,474,360,293,224
2026/02/05/14:47:38,1485.828856,0.890781,0.725720,0.935969,0.742604,65,43,45,46,0,3,0,0,474,360,293,224
2026/02/05/14:47:39,1486.829335,0.888031,0.723184,0.933219,0.740068,64,43,45,46,0,3,0,0,475,360,293,224
2026/02/05/14:47:40,1487.829962,0.888031,0.723184,0.933219,0.740068,64,43,45,46,0,3,0,0,475,360,293,224
2026/02/05/14:47:41,1488.830629,0.888031,0.723184,0.933219,0.740068,64,43,45,46,0,3,0,0,475,360,293,224
2026/02/05/14:47:42,1489.831587,0.882500,0.718229,0.927687,0.735114,61,43,45,46,0,3,0,0,478,360,293,224
2026/02/05/14:47:43,1490.832310,0.882500,0.718229,0.927687,0.735114,61,43,45,46,0,3,0,0,478,360,293,224
2026/02/05/14:47:44,1491.833003,0.882500,0.718229,0.927687,0.735114,61,43,45,46,0,3,0,0,478,360,293,224
2026/02/05/14:47:45,1492.833793,0.882500,0.718229,0.927687,0.735114,61,43,45,46,0,3,0,0,478,360,293,224
2026/02/05/14:47:46,1493.834552,0.882500,0.718229,0.927687,0.735114,61,43,45,46,0,3,0,0,478,360,293,224
2026/02/05/14:47:47,1494.905921,0.882500,0.718229,0.927687,0.735114,61,43,45,46,0,3,0,0,478,360,293,224
2026/02/05/14:47:48,1495.906528,0.882500,0.718229,0.927687,0.735114,61,43,45,46,0,3,0,0,478,360,293,224
2026/02/05/14:47:49,1496.906917,0.882500,0.718229,0.927687,0.735114,61,43,45,46,0,3,0,0,478,360,293,224
2026/02/05/14:47:50,1497.967135,0.882500,0.718229,0.927687,0.735114,61,43,45,46,0,3,0,0,478,360,293,224
2026/02/05/14:47:51,1498.967631,0.922063,0.727515,0.922063,0.727515,61,43,45,46,0,0,0,0,487,363,293,224
2026/02/05/14:47:52,1499.968327,0.942281,0.736599,0.942281,0.736599,63,43,43,49,0,0,0,0,487,363,296,224
2026/02/05/14:47:53,1500.968914,0.942281,0.736599,0.942281,0.736599,63,43,43,49,0,0,0,0,487,363,296,224
2026/02/05/14:47:54,1501.969506,0.955000,0.744122,0.955000,0.744122,66,43,43,49,0,0,0,0,487,365,296,224
2026/02/05/14:47:55,1502.970283,0.958313,0.749714,0.958313,0.749714,68,43,43,49,0,0,0,0,487,365,296,224
2026/02/05/14:47:56,1503.970910,0.968656,0.769600,0.988031,0.784799,70,44,46,49,1,0,3,0,487,365,297,224
2026/02/05/14:47:57,1504.971414,0.955562,0.773028,1.005969,0.781141,69,42,49,49,1,0,3,0,490,367,297,224
2026/02/05/14:47:58,1505.972041,0.948063,0.757988,0.998469,0.766101,69,42,46,49,1,0,3,0,490,367,300,224
2026/02/05/14:47:59,1506.972674,0.955594,0.764944,1.011281,0.775162,70,42,47,49,1,0,4,0,490,367,300,224
2026/02/05/14:48:00,1507.973319,0.957313,0.763799,1.007719,0.771912,70,42,47,49,1,0,3,0,490,367,301,224
2026/02/05/14:48:01,1508.973930,0.955438,0.760009,1.005844,0.768122,69,42,47,49,1,0,3,0,491,367,301,224
2026/02/05/14:48:02,1509.974696,0.952125,0.756054,1.002531,0.764167,67,42,47,49,1,0,3,0,493,367,301,224
2026/02/05/14:48:03,1510.975218,0.956531,0.763911,1.006938,0.772024,69,42,47,49,1,0,3,0,493,367,301,224
2026/02/05/14:48:04,1511.975867,0.956531,0.763911,1.016219,0.806234,69,42,47,49,1,0,3,3,493,367,301,224
2026/02/05/14:48:05,1512.976665,0.959313,0.766054,1.019000,0.808377,70,42,47,49,1,0,3,3,493,367,301,224
2026/02/05/14:48:06,1513.977358,0.959313,0.766054,1.009719,0.774167,70,42,47,49,1,0,3,0,493,367,301,224
2026/02/05/14:48:07,1514.977748,0.970906,0.790727,1.071281,0.832476,68,45,47,55,1,0,3,5,496,367,301,224
2026/02/05/14:48:08,1515.978273,0.968125,0.788584,1.068500,0.830333,67,45,47,55,1,0,3,5,497,367,301,224
2026/02/05/14:48:09,1516.978845,0.955656,0.790226,1.054437,0.820181,67,45,47,53,1,0,3,4,497,367,301,227
2026/02/05/14:48:10,1517.979542,0.955656,0.790226,1.054437,0.820181,67,45,47,53,1,0,3,4,497,367,301,227
2026/02/05/14:48:11,1518.980115,0.953406,0.785375,1.052188,0.815329,66,45,47,53,1,0,3,4,498,367,301,227
2026/02/05/14:48:12,1519.980838,0.947375,0.780270,1.046156,0.810224,65,45,47,52,1,0,3,4,499,367,301,228
2026/02/05/14:48:13,1520.981493,0.947375,0.780270,1.046156,0.810224,65,45,47,52,1,0,3,4,499,367,301,228
2026/02/05/14:48:14,1521.982154,0.935813,0.777109,1.033000,0.795269,65,45,48,49,1,0,3,3,499,367,301,232
2026/02/05/14:48:15,1522.982530,0.957969,0.796674,1.080656,0.856345,68,49,48,49,2,4,4,3,499,368,301,232
2026/02/05/14:48:16,1523.983033,0.952781,0.790368,1.089531,0.860160,67,47,48,49,4,5,4,3,500,371,301,232
2026/02/05/14:48:17,1524.983619,0.951844,0.788779,1.079750,0.852436,67,46,48,49,3,4,4,3,501,372,301,232
2026/02/05/14:48:18,1525.984131,0.948156,0.781452,1.052875,0.801976,65,47,47,49,1,0,4,3,503,373,302,232
2026/02/05/14:48:19,1526.984898,0.944844,0.775860,1.049562,0.796384,63,47,47,49,1,0,4,3,505,373,302,232
2026/02/05/14:48:20,1527.985691,0.944844,0.775860,1.049562,0.796384,63,47,47,49,1,0,4,3,505,373,302,232
2026/02/05/14:48:21,1528.986277,0.942281,0.772513,1.035875,0.789639,62,47,47,49,0,0,4,3,506,373,302,232
2026/02/05/14:48:22,1529.986790,0.928375,0.725271,1.014438,0.740033,62,47,43,46,0,0,3,3,506,373,307,235
2026/02/05/14:48:23,1530.987469,0.928375,0.725271,1.014438,0.740033,62,47,43,46,0,0,3,3,506,373,307,235
2026/02/05/14:48:24,1531.988246,0.928375,0.725271,1.014438,0.740033,62,47,43,46,0,0,3,3,506,373,307,235
2026/02/05/14:48:25,1532.988991,0.928375,0.725271,1.014438,0.740033,62,47,43,46,0,0,3,3,506,373,307,235
2026/02/05/14:48:26,1533.989754,0.937312,0.748213,1.023375,0.762975,65,47,45,46,0,0,3,3,506,373,307,235
2026/02/05/14:48:27,1534.990516,0.932781,0.746634,1.018844,0.761395,65,47,44,46,0,0,3,3,506,373,308,235
2026/02/05/14:48:28,1535.991345,0.932781,0.746634,1.018844,0.761395,65,47,44,46,0,0,3,3,506,373,308,235
2026/02/05/14:48:29,1536.991896,0.927531,0.732585,1.013594,0.747347,62,47,44,46,0,0,3,3,509,373,308,235
2026/02/05/14:48:30,1537.992512,0.927531,0.732585,1.013594,0.747347,62,47,44,46,0,0,3,3,509,373,308,235
2026/02/05/14:48:31,1538.993255,0.927531,0.732585,1.013594,0.747347,62,47,44,46,0,0,3,3,509,373,308,235
2026/02/05/14:48:32,1539.993752,0.920656,0.719472,1.006719,0.734234,60,47,42,46,0,0,3,3,511,373,310,235
2026/02/05/14:48:33,1540.994428,0.920656,0.719472,1.006719,0.734234,60,47,42,46,0,0,3,3,511,373,310,235
2026/02/05/14:48:34,1541.995143,0.920656,0.719472,1.006719,0.734234,60,47,42,46,0,0,3,3,511,373,310,235
2026/02/05/14:48:35,1542.995759,0.913125,0.717108,0.999188,0.731870,60,47,41,46,0,0,3,3,511,373,311,235
2026/02/05/14:48:36,1543.996580,0.907000,0.715239,0.993062,0.730001,60,46,41,46,0,0,3,3,511,374,311,235
2026/02/05/14:48:37,1544.997291,0.907000,0.715239,0.993062,0.730001,60,46,41,46,0,0,3,3,511,374,311,235
2026/02/05/14:48:38,1545.998187,0.907000,0.715239,0.993062,0.730001,60,46,41,46,0,0,3,3,511,374,311,235
2026/02/05/14:48:39,1546.998885,0.907000,0.715239,0.993062,0.730001,60,46,41,46,0,0,3,3,511,374,311,235
2026/02/05/14:48:40,1547.999473,0.912625,0.717732,0.998687,0.732494,60,46,41,47,0,0,3,3,511,374,311,235
2026/02/05/14:48:41,1549.000282,0.898937,0.714048,0.985000,0.728810,60,46,41,45,0,0,3,3,511,374,311,237
2026/02/05/14:48:42,1550.001083,0.900531,0.707210,0.939813,0.711925,60,43,41,48,0,0,3,0,511,377,311,237
2026/02/05/14:48:43,1551.001792,0.900531,0.707210,0.939813,0.711925,60,43,41,48,0,0,3,0,511,377,311,237
2026/02/05/14:48:44,1552.002719,0.900531,0.707210,0.939813,0.711925,60,43,41,48,0,0,3,0,511,377,311,237
2026/02/05/14:48:45,1553.003462,0.900531,0.707210,0.939813,0.711925,60,43,41,48,0,0,3,0,511,377,311,237
2026/02/05/14:48:46,1554.004337,0.900531,0.707210,0.939813,0.711925,60,43,41,48,0,0,3,0,511,377,311,237
2026/02/05/14:48:47,1555.005132,0.900531,0.707210,0.939813,0.711925,60,43,41,48,0,0,3,0,511,377,311,237
2026/02/05/14:48:48,1556.005742,0.900531,0.707210,0.939813,0.711925,60,43,41,48,0,0,3,0,511,377,311,237
2026/02/05/14:48:49,1557.006354,0.900531,0.707210,0.939813,0.711925,60,43,41,48,0,0,3,0,511,377,311,237
2026/02/05/14:48:50,1558.006904,0.900531,0.707210,0.939813,0.711925,60,43,41,48,0,0,3,0,511,377,311,237
2026/02/05/14:48:51,1559.007498,0.898875,0.705225,0.938156,0.709940,60,43,40,48,0,0,3,0,511,377,312,237
2026/02/05/14:48:52,1560.008158,0.898875,0.705225,0.938156,0.709940,60,43,40,48,0,0,3,0,511,377,312,237
2026/02/05/14:48:53,1561.008823,0.898875,0.705225,0.938156,0.709940,60,43,40,48,0,0,3,0,511,377,312,237
2026/02/05/14:48:54,1562.009395,0.906344,0.704304,0.932531,0.707448,60,43,41,47,0,0,2,0,511,377,312,238
2026/02/05/14:48:55,1563.010107,0.906344,0.704304,0.932531,0.707448,60,43,41,47,0,0,2,0,511,377,312,238
2026/02/05/14:48:56,1564.010730,0.904156,0.702394,0.930344,0.705538,59,43,41,47,0,0,2,0,512,377,312,238
2026/02/05/14:48:57,1565.011258,0.904156,0.702394,0.930344,0.705538,59,43,41,47,0,0,2,0,512,377,312,238
2026/02/05/14:48:58,1566.012151,0.878031,0.695133,0.878031,0.695133,59,43,40,44,0,0,0,0,512,377,313,241
2026/02/05/14:48:59,1567.013040,0.878031,0.695133,0.878031,0.695133,59,43,40,44,0,0,0,0,512,377,313,241
2026/02/05/14:49:00,1568.013700,0.878031,0.695133,0.878031,0.695133,59,43,40,44,0,0,0,0,512,377,313,241
2026/02/05/14:49:01,1569.014521,0.873281,0.687583,0.873281,0.687583,59,41,40,44,0,0,0,0,512,379,313,241
2026/02/05/14:49:02,1570.015073,0.873281,0.687583,0.873281,0.687583,59,41,40,44,0,0,0,0,512,379,313,241
2026/02/05/14:49:03,1571.015630,0.873281,0.687583,0.873281,0.687583,59,41,40,44,0,0,0,0,512,379,313,241
2026/02/05/14:49:04,1572.016418,0.873281,0.687583,0.873281,0.687583,59,41,40,44,0,0,0,0,512,379,313,241
2026/02/05/14:49:05,1573.017017,0.873281,0.687583,0.873281,0.687583,59,41,40,44,0,0,0,0,512,379,313,241
2026/02/05/14:49:06,1574.017639,0.883406,0.700969,0.883406,0.700969,61,41,41,46,0,0,0,0,512,379,313,241
2026/02/05/14:49:07,1575.018535,0.883406,0.700969,0.883406,0.700969,61,41,41,46,0,0,0,0,512,379,313,241
2026/02/05/14:49:08,1576.019322,0.883406,0.700969,0.883406,0.700969,61,41,41,46,0,0,0,0,512,379,313,241
2026/02/05/14:49:09,1577.020072,0.876531,0.694068,0.876531,0.694068,61,41,40,44,0,0,0,0,512,379,314,243
2026/02/05/14:49:10,1578.020914,0.876531,0.694068,0.876531,0.694068,61,41,40,44,0,0,0,0,512,379,314,243
2026/02/05/14:49:11,1579.021785,0.876531,0.694068,0.876531,0.694068,61,41,40,44,0,0,0,0,512,379,314,243
2026/02/05/14:49:12,1580.022635,0.876531,0.694068,0.876531,0.694068,61,41,40,44,0,0,0,0,512,379,314,243
2026/02/05/14:49:13,1581.023429,0.876531,0.694068,0.876531,0.694068,61,41,40,44,0,0,0,0,512,379,314,243
2026/02/05/14:49:14,1582.024163,0.876531,0.694068,0.876531,0.694068,61,41,40,44,0,0,0,0,512,379,314,243
2026/02/05/14:49:15,1583.024756,0.876531,0.694068,0.876531,0.694068,61,41,40,44,0,0,0,0,512,379,314,243
2026/02/05/14:49:16,1584.025513,0.876531,0.694068,0.876531,0.694068,61,41,40,44,0,0,0,0,512,379,314,243
2026/02/05/14:49:17,1585.026459,0.864406,0.688517,0.864406,0.688517,59,41,40,44,0,0,0,0,514,379,314,243
2026/02/05/14:49:18,1586.027194,0.864406,0.688517,0.864406,0.688517,59,41,40,44,0,0,0,0,514,379,314,243
2026/02/05/14:49:19,1587.028028,0.864406,0.688517,0.864406,0.688517,59,41,40,44,0,0,0,0,514,379,314,243
2026/02/05/14:49:20,1588.028793,0.864406,0.688517,0.864406,0.688517,59,41,40,44,0,0,0,0,514,379,314,243
2026/02/05/14:49:21,1589.029467,0.864406,0.688517,0.864406,0.688517,59,41,40,44,0,0,0,0,514,379,314,243
2026/02/05/14:49:22,1590.030239,0.864406,0.688517,0.864406,0.688517,59,41,40,44,0,0,0,0,514,379,314,243
2026/02/05/14:49:23,1591.030958,0.864406,0.688517,0.864406,0.688517,59,41,40,44,0,0,0,0,514,379,314,243
2026/02/05/14:49:24,1592.031641,0.864406,0.688517,0.864406,0.688517,59,41,40,44,0,0,0,0,514,379,314,243
2026/02/05/14:49:25,1593.032520,0.869563,0.700781,0.869563,0.700781,59,41,40,47,0,0,0,0,514,379,314,243
2026/02/05/14:49:26,1594.033268,0.869563,0.700781,0.869563,0.700781,59,41,40,47,0,0,0,0,514,379,314,243
2026/02/05/14:49:27,1595.034076,0.869563,0.700781,0.869563,0.700781,59,41,40,47,0,0,0,0,514,379,314,243
2026/02/05/14:49:28,1596.034935,0.869563,0.700781,0.869563,0.700781,59,41,40,47,0,0,0,0,514,379,314,243
2026/02/05/14:49:29,1597.035624,0.869563,0.700781,0.869563,0.700781,59,41,40,47,0,0,0,0,514,379,314,243
2026/02/05/14:49:30,1598.036512,0.869563,0.700781,0.869563,0.700781,59,41,40,47,0,0,0,0,514,379,314,243
2026/02/05/14:49:31,1599.037272,0.864406,0.688517,0.864406,0.688517,59,41,40,44,0,0,0,0,514,379,314,246
2026/02/05/14:49:32,1600.037841,0.864406,0.688517,0.864406,0.688517,59,41,40,44,0,0,0,0,514,379,314,246
2026/02/05/14:49:33,1601.038562,0.864406,0.688517,0.864406,0.688517,59,41,40,44,0,0,0,0,514,379,314,246
2026/02/05/14:49:34,1602.039232,0.864406,0.688517,0.864406,0.688517,59,41,40,44,0,0,0,0,514,379,314,246
2026/02/05/14:49:35,1603.039988,0.864406,0.688517,0.864406,0.688517,59,41,40,44,0,0,0,0,514,379,314,246
2026/02/05/14:49:36,1604.040683,0.869406,0.691963,0.869406,0.691963,59,43,40,44,0,0,0,0,514,379,314,246
2026/02/05/14:49:37,1605.041642,0.869406,0.691963,0.869406,0.691963,59,43,40,44,0,0,0,0,514,379,314,246
2026/02/05/14:49:38,1606.042432,0.869406,0.691963,0.869406,0.691963,59,43,40,44,0,0,0,0,514,379,314,246
2026/02/05/14:49:39,1607.043052,0.869406,0.691963,0.869406,0.691963,59,43,40,44,0,0,0,0,514,379,314,246
2026/02/05/14:49:40,1608.043659,0.869406,0.691963,0.872469,0.693748,59,43,40,44,1,0,0,0,514,379,314,246
2026/02/05/14:49:41,1609.044330,0.878594,0.697316,0.878594,0.697316,62,43,40,44,0,0,0,0,514,379,314,246
2026/02/05/14:49:42,1610.044950,0.901500,0.725985,0.918562,0.734067,64,48,42,45,2,2,0,0,514,379,314,246
2026/02/05/14:49:43,1611.045329,0.918969,0.764080,0.949969,0.770590,68,51,44,43,1,0,2,0,514,379,314,248
2026/02/05/14:49:44,1612.045909,0.942937,0.792623,0.973938,0.799133,69,55,46,44,1,0,2,0,514,379,314,248
2026/02/05/14:49:45,1613.046381,0.930656,0.780576,0.953594,0.784233,69,47,45,45,0,0,2,0,516,388,316,249
2026/02/05/14:49:46,1614.046967,0.928750,0.774331,0.951688,0.777987,69,47,44,45,0,0,2,0,517,388,317,249
2026/02/05/14:49:47,1615.047691,0.928750,0.774331,0.951688,0.777987,69,47,44,45,0,0,2,0,517,388,317,249
2026/02/05/14:49:48,1616.048244,0.919219,0.731122,0.942156,0.734778,69,47,43,42,0,0,2,0,517,388,318,252
2026/02/05/14:49:49,1617.048806,0.919219,0.731122,0.919219,0.731122,69,47,43,42,0,0,0,0,517,388,318,252
2026/02/05/14:49:50,1618.049516,0.911406,0.720743,0.911406,0.720743,69,47,41,42,0,0,0,0,517,388,320,252
2026/02/05/14:49:51,1619.050149,0.911406,0.720743,0.911406,0.720743,69,47,41,42,0,0,0,0,517,388,320,252
2026/02/05/14:49:52,1620.050718,0.898031,0.716794,0.898031,0.716794,67,47,41,42,0,0,0,0,519,388,320,252
2026/02/05/14:49:53,1621.051246,0.898031,0.716794,0.898031,0.716794,67,47,41,42,0,0,0,0,519,388,320,252
2026/02/05/14:49:54,1622.051805,0.898031,0.716794,0.898031,0.716794,67,47,41,42,0,0,0,0,519,388,320,252
2026/02/05/14:49:55,1623.052517,0.898031,0.716794,0.898031,0.716794,67,47,41,42,0,0,0,0,519,388,320,252
2026/02/05/14:49:56,1624.053279,0.895875,0.715051,0.895875,0.715051,66,47,41,42,0,0,0,0,520,388,320,252
2026/02/05/14:49:57,1625.053894,0.895875,0.715051,0.895875,0.715051,66,47,41,42,0,0,0,0,520,388,320,252
2026/02/05/14:49:58,1626.054687,0.895875,0.715051,0.895875,0.715051,66,47,41,42,0,0,0,0,520,388,320,252
2026/02/05/14:49:59,1627.055254,0.895875,0.715051,0.895875,0.715051,66,47,41,42,0,0,0,0,520,388,320,252
2026/02/05/14:50:00,1628.055991,0.895875,0.715051,0.895875,0.715051,66,47,41,42,0,0,0,0,520,388,320,252
2026/02/05/14:50:01,1629.056654,0.895875,0.715051,0.895875,0.715051,66,47,41,42,0,0,0,0,520,388,320,252
2026/02/05/14:50:02,1630.057395,0.890875,0.711605,0.890875,0.711605,66,45,41,42,0,0,0,0,520,390,320,252
2026/02/05/14:50:03,1631.058125,0.890875,0.711605,0.890875,0.711605,66,45,41,42,0,0,0,0,520,390,320,252
2026/02/05/14:50:04,1632.058801,0.890875,0.711605,0.890875,0.711605,66,45,41,42,0,0,0,0,520,390,320,252
2026/02/05/14:50:05,1633.059598,0.890875,0.711605,0.890875,0.711605,66,45,41,42,0,0,0,0,520,390,320,252
2026/02/05/14:50:06,1634.060136,0.884875,0.702830,0.884875,0.702830,66,43,40,42,0,0,0,0,520,392,321,252
2026/02/05/14:50:07,1635.060920,0.884875,0.702830,0.884875,0.702830,66,43,40,42,0,0,0,0,520,392,321,252
2026/02/05/14:50:08,1636.061515,0.884875,0.702830,0.884875,0.702830,66,43,40,42,0,0,0,0,520,392,321,252
2026/02/05/14:50:09,1637.062175,0.884875,0.702830,0.884875,0.702830,66,43,40,42,0,0,0,0,520,392,321,252
2026/02/05/14:50:10,1638.062747,0.884875,0.702830,0.884875,0.702830,66,43,40,42,0,0,0,0,520,392,321,252
2026/02/05/14:50:11,1639.063355,0.884875,0.702830,0.884875,0.702830,66,43,40,42,0,0,0,0,520,392,321,252
2026/02/05/14:50:12,1640.063902,0.884875,0.702830,0.884875,0.702830,66,43,40,42,0,0,0,0,520,392,321,252
2026/02/05/14:50:13,1641.064667,0.884875,0.702830,0.884875,0.702830,66,43,40,42,0,0,0,0,520,392,321,252
2026/02/05/14:50:14,1642.065379,0.884875,0.702830,0.884875,0.702830,66,43,40,42,0,0,0,0,520,392,321,252
2026/02/05/14:50:15,1643.066236,0.888875,0.707341,0.888875,0.707341,66,45,40,42,0,0,0,0,520,392,321,252
2026/02/05/14:50:16,1644.066832,0.900469,0.726204,0.900469,0.726204,67,48,40,45,0,0,0,0,520,392,321,252
2026/02/05/14:50:17,1645.067536,0.917969,0.745140,0.930406,0.754035,67,53,42,45,0,0,2,0,522,392,321,252
2026/02/05/14:50:18,1646.068126,0.935625,0.756890,0.948063,0.765785,71,51,44,45,0,0,2,0,522,395,321,252
2026/02/05/14:50:19,1647.068536,0.944438,0.763504,0.956875,0.772399,73,51,45,45,0,0,2,0,522,395,321,252
2026/02/05/14:50:20,1648.069318,0.930031,0.754362,0.936250,0.758810,73,48,43,45,0,0,1,0,522,398,324,252
2026/02/05/14:50:21,1649.069867,0.940500,0.756673,0.946250,0.763026,71,49,44,45,0,0,0,1,525,400,324,252
2026/02/05/14:50:22,1650.070570,0.951812,0.768670,0.994219,0.788024,72,51,44,47,0,3,0,1,525,400,324,252
2026/02/05/14:50:23,1651.071279,0.953625,0.769885,1.002406,0.798381,70,52,45,47,0,5,0,1,527,400,324,252
2026/02/05/14:50:24,1652.071949,0.952063,0.770330,0.991906,0.787902,68,53,45,47,0,4,0,0,529,400,324,252
2026/02/05/14:50:25,1653.072468,0.949562,0.769177,0.986219,0.782178,68,52,45,47,0,3,0,0,529,402,324,252
2026/02/05/14:50:26,1654.073147,0.930594,0.747857,0.967250,0.760859,67,49,45,45,0,3,0,0,530,405,324,254
2026/02/05/14:50:27,1655.073686,0.930594,0.747857,0.967250,0.760859,67,49,45,45,0,3,0,0,530,405,324,254
2026/02/05/14:50:28,1656.074221,0.927188,0.746064,0.963844,0.759065,67,48,45,45,0,3,0,0,530,406,324,254
2026/02/05/14:50:29,1657.074979,0.927188,0.746064,0.963844,0.759065,67,48,45,45,0,3,0,0,530,406,324,254
2026/02/05/14:50:30,1658.075760,0.927188,0.746064,0.963844,0.759065,67,48,45,45,0,3,0,0,530,406,324,254
2026/02/05/14:50:31,1659.076455,0.923312,0.739375,0.959969,0.752377,67,48,43,45,0,3,0,0,530,406,326,254
2026/02/05/14:50:32,1660.077188,0.923312,0.739375,0.959969,0.752377,67,48,43,45,0,3,0,0,530,406,326,254
2026/02/05/14:50:33,1661.077957,0.923312,0.739375,0.959969,0.752377,67,48,43,45,0,3,0,0,530,406,326,254
2026/02/05/14:50:34,1662.078684,0.923312,0.739375,0.959969,0.752377,67,48,43,45,0,3,0,0,530,406,326,254
2026/02/05/14:50:35,1663.079300,0.923312,0.739375,0.959969,0.752377,67,48,43,45,0,3,0,0,530,406,326,254
2026/02/05/14:50:36,1664.079923,0.923312,0.739375,0.959969,0.752377,67,48,43,45,0,3,0,0,530,406,326,254
2026/02/05/14:50:37,1665.080753,0.912719,0.734109,0.949375,0.747110,67,45,43,45,0,3,0,0,530,409,326,254
2026/02/05/14:50:38,1666.081466,0.912719,0.734109,0.949375,0.747110,67,45,43,45,0,3,0,0,530,409,326,254
2026/02/05/14:50:39,1667.082006,0.912719,0.734109,0.949375,0.747110,67,45,43,45,0,3,0,0,530,409,326,254
2026/02/05/14:50:40,1668.083171,0.912719,0.734109,0.949375,0.747110,67,45,43,45,0,3,0,0,530,409,326,254
2026/02/05/14:50:41,1669.083729,0.926875,0.750441,0.963531,0.763442,70,45,43,46,0,3,0,0,530,409,326,254
2026/02/05/14:50:42,1670.084363,0.926875,0.750441,0.963531,0.763442,70,45,43,46,0,3,0,0,530,409,326,254
2026/02/05/14:50:43,1671.084967,0.926875,0.750441,0.963531,0.763442,70,45,43,46,0,3,0,0,530,409,326,254
2026/02/05/14:50:44,1672.085553,0.914687,0.737295,0.951344,0.750296,67,45,43,46,0,3,0,0,533,409,326,254
2026/02/05/14:50:45,1673.086341,0.914687,0.737295,0.951344,0.750296,67,45,43,46,0,3,0,0,533,409,326,254
2026/02/05/14:50:46,1674.086921,0.914687,0.737295,0.951344,0.750296,67,45,43,46,0,3,0,0,533,409,326,254
2026/02/05/14:50:47,1675.087456,0.914687,0.737295,0.951344,0.750296,67,45,43,46,0,3,0,0,533,409,326,254
2026/02/05/14:50:48,1676.088050,0.914687,0.737295,0.951344,0.750296,67,45,43,46,0,3,0,0,533,409,326,254
2026/02/05/14:50:49,1677.088786,0.902312,0.726469,0.938969,0.739470,64,45,43,45,0,3,0,0,536,409,326,255
2026/02/05/14:50:50,1678.094459,0.886000,0.712392,0.886000,0.712392,64,43,41,45,0,0,0,0,536,411,328,255
2026/02/05/14:50:51,1679.095236,0.886000,0.712392,0.886000,0.712392,64,43,41,45,0,0,0,0,536,411,328,255
2026/02/05/14:50:52,1680.095788,0.886000,0.712392,0.886000,0.712392,64,43,41,45,0,0,0,0,536,411,328,255
2026/02/05/14:50:53,1681.096368,0.886000,0.712392,0.886000,0.712392,64,43,41,45,0,0,0,0,536,411,328,255
2026/02/05/14:50:54,1682.096969,0.886000,0.712392,0.886000,0.712392,64,43,41,45,0,0,0,0,536,411,328,255
2026/02/05/14:50:55,1683.097777,0.886000,0.712392,0.886000,0.712392,64,43,41,45,0,0,0,0,536,411,328,255
2026/02/05/14:50:56,1684.098461,0.893062,0.719641,0.903594,0.733187,64,43,44,45,0,0,1,0,536,411,328,255
2026/02/05/14:50:57,1685.099137,0.890875,0.716903,0.901406,0.730449,64,42,44,45,0,0,1,0,536,412,328,255
2026/02/05/14:50:58,1686.099679,0.890875,0.716903,0.901406,0.730449,64,42,44,45,0,0,1,0,536,412,328,255
2026/02/05/14:50:59,1687.100280,0.890875,0.716903,0.901406,0.730449,64,42,44,45,0,0,1,0,536,412,328,255
2026/02/05/14:51:00,1688.100849,0.890875,0.716903,0.901406,0.730449,64,42,44,45,0,0,1,0,536,412,328,255
2026/02/05/14:51:01,1689.101424,0.890875,0.716903,0.901406,0.730449,64,42,44,45,0,0,1,0,536,412,328,255
2026/02/05/14:51:02,1690.102178,0.889094,0.714598,0.899625,0.728144,63,42,44,45,0,0,1,0,537,412,328,255
2026/02/05/14:51:03,1691.102913,0.889094,0.714598,0.899625,0.728144,63,42,44,45,0,0,1,0,537,412,328,255
2026/02/05/14:51:04,1692.103441,0.900188,0.726713,0.910719,0.740258,65,42,47,45,0,0,1,0,537,412,328,255
2026/02/05/14:51:05,1693.103912,0.919250,0.752508,0.941750,0.769113,68,45,47,47,0,1,1,0,538,412,328,255
2026/02/05/14:51:06,1694.104584,0.917344,0.750043,0.960219,0.783558,68,45,45,47,1,1,1,1,538,412,331,255
2026/02/05/14:51:07,1695.105252,0.917344,0.750043,0.960219,0.783558,68,45,45,47,1,1,1,1,538,412,331,255
2026/02/05/14:51:08,1696.105883,0.915156,0.748167,0.958031,0.781682,67,45,45,47,1,1,1,1,539,412,331,255
2026/02/05/14:51:09,1697.106516,0.915156,0.748167,0.950688,0.766449,67,45,45,47,1,1,1,0,539,412,331,255
2026/02/05/14:51:10,1698.107085,0.920250,0.748906,0.961344,0.777309,68,45,45,47,1,2,1,0,542,412,331,255
2026/02/05/14:51:11,1699.107746,0.920250,0.748906,0.961344,0.777309,68,45,45,47,1,2,1,0,542,412,331,255
2026/02/05/14:51:12,1700.108307,0.918969,0.746084,0.941469,0.762689,68,43,45,47,0,1,1,0,542,415,331,255
2026/02/05/14:51:13,1701.108831,0.918969,0.746084,0.941469,0.762689,68,43,45,47,0,1,1,0,542,415,331,255
2026/02/05/14:51:14,1702.109486,0.911344,0.731579,0.933844,0.748185,68,42,44,47,0,1,1,0,542,416,332,255
2026/02/05/14:51:15,1703.110272,0.911344,0.731579,0.933844,0.748185,68,42,44,47,0,1,1,0,542,416,332,255
2026/02/05/14:51:16,1704.110946,0.911344,0.731579,0.933844,0.748185,68,42,44,47,0,1,1,0,542,416,332,255
2026/02/05/14:51:17,1705.111456,0.902781,0.726942,0.925281,0.743548,66,42,44,47,0,1,1,0,544,416,332,255
2026/02/05/14:51:18,1706.112034,0.898937,0.724644,0.921438,0.741249,66,42,44,46,0,1,1,0,544,416,332,256
2026/02/05/14:51:19,1707.112717,0.898937,0.724644,0.921438,0.741249,66,42,44,46,0,1,1,0,544,416,332,256
2026/02/05/14:51:20,1708.113307,0.898937,0.724644,0.921438,0.741249,66,42,44,46,0,1,1,0,544,416,332,256
2026/02/05/14:51:21,1709.114028,0.898937,0.724644,0.921438,0.741249,66,42,44,46,0,1,1,0,544,416,332,256
2026/02/05/14:51:22,1710.114701,0.898937,0.724644,0.921438,0.741249,66,42,44,46,0,1,1,0,544,416,332,256
2026/02/05/14:51:23,1711.115301,0.898937,0.724644,0.921438,0.741249,66,42,44,46,0,1,1,0,544,416,332,256
2026/02/05/14:51:24,1712.115887,0.898937,0.724644,0.921438,0.741249,66,42,44,46,0,1,1,0,544,416,332,256
2026/02/05/14:51:25,1713.116493,0.898937,0.724644,0.921438,0.741249,66,42,44,46,0,1,1,0,544,416,332,256
2026/02/05/14:51:26,1714.117043,0.898937,0.724644,0.921438,0.741249,66,42,44,46,0,1,1,0,544,416,332,256
2026/02/05/14:51:27,1715.117634,0.898937,0.724644,0.921438,0.741249,66,42,44,46,0,1,1,0,544,416,332,256
2026/02/05/14:51:28,1716.118294,0.898937,0.724644,0.921438,0.741249,66,42,44,46,0,1,1,0,544,416,332,256
2026/02/05/14:51:29,1717.118892,0.898937,0.724644,0.921438,0.741249,66,42,44,46,0,1,1,0,544,416,332,256
2026/02/05/14:51:30,1718.119555,0.898937,0.724644,0.921438,0.741249,66,42,44,46,0,1,1,0,544,416,332,256
2026/02/05/14:51:31,1719.120273,0.898937,0.724644,0.921438,0.741249,66,42,44,46,0,1,1,0,544,416,332,256
2026/02/05/14:51:32,1720.121066,0.896594,0.722100,0.919094,0.738706,65,42,44,46,0,1,1,0,545,416,332,256
2026/02/05/14:51:33,1721.121857,0.896594,0.722100,0.930094,0.740559,65,42,44,46,0,2,1,0,545,416,332,256
2026/02/05/14:51:34,1722.122629,0.896594,0.722100,0.930094,0.740559,65,42,44,46,0,2,1,0,545,416,332,256
2026/02/05/14:51:35,1723.123290,0.896594,0.722100,0.919094,0.738706,65,42,44,46,0,1,1,0,545,416,332,256
2026/02/05/14:51:36,1724.123964,0.896594,0.722100,0.919094,0.738706,65,42,44,46,0,1,1,0,545,416,332,256
2026/02/05/14:51:37,1725.124653,0.896594,0.722100,0.919094,0.738706,65,42,44,46,0,1,1,0,545,416,332,256
2026/02/05/14:51:38,1726.125259,0.896594,0.722100,0.919094,0.738706,65,42,44,46,0,1,1,0,545,416,332,256
2026/02/05/14:51:39,1727.126116,0.924438,0.745353,0.946937,0.761958,65,46,46,50,0,1,1,0,545,416,332,256
2026/02/05/14:51:40,1728.126573,0.924438,0.745353,0.946937,0.761958,65,46,46,50,0,1,1,0,545,416,332,256
2026/02/05/14:51:41,1729.127249,0.917031,0.739525,0.939531,0.756131,65,46,46,47,0,1,1,0,545,416,332,259
2026/02/05/14:51:42,1730.127787,0.907188,0.730502,0.929688,0.747107,65,45,44,46,0,1,1,0,545,417,334,260
2026/02/05/14:51:43,1731.128400,0.907188,0.730502,0.929688,0.747107,65,45,44,46,0,1,1,0,545,417,334,260
2026/02/05/14:51:44,1732.128944,0.907188,0.730502,0.929688,0.747107,65,45,44,46,0,1,1,0,545,417,334,260
2026/02/05/14:51:45,1733.129539,0.907188,0.730502,0.929688,0.747107,65,45,44,46,0,1,1,0,545,417,334,260
2026/02/05/14:51:46,1734.130137,0.907188,0.730502,0.929688,0.747107,65,45,44,46,0,1,1,0,545,417,334,260
2026/02/05/14:51:47,1735.130655,0.902031,0.725718,0.924531,0.742323,65,45,43,46,0,1,1,0,545,417,335,260
2026/02/05/14:51:48,1736.131287,0.902031,0.725718,0.924531,0.742323,65,45,43,46,0,1,1,0,545,417,335,260
2026/02/05/14:51:49,1737.131819,0.902031,0.725718,0.924531,0.742323,65,45,43,46,0,1,1,0,545,417,335,260
2026/02/05/14:51:50,1738.132411,0.897062,0.716710,0.919562,0.733315,65,45,43,43,0,1,1,0,545,417,335,263
2026/02/05/14:51:51,1739.133234,0.897062,0.716710,0.919562,0.733315,65,45,43,43,0,1,1,0,545,417,335,263
2026/02/05/14:51:52,1740.133915,0.897062,0.716710,0.919562,0.733315,65,45,43,43,0,1,1,0,545,417,335,263
2026/02/05/14:51:53,1741.134762,0.897062,0.716710,0.919562,0.733315,65,45,43,43,0,1,1,0,545,417,335,263
2026/02/05/14:51:54,1742.135302,0.883938,0.710671,0.906438,0.727277,65,42,43,43,0,1,1,0,545,420,335,263
2026/02/05/14:51:55,1743.135922,0.883531,0.714832,0.895500,0.717891,61,42,44,43,0,1,0,0,549,420,335,263
2026/02/05/14:51:56,1744.136724,0.883531,0.714832,0.895500,0.717891,61,42,44,43,0,1,0,0,549,420,335,263
2026/02/05/14:51:57,1745.137482,0.883531,0.714832,0.895500,0.717891,61,42,44,43,0,1,0,0,549,420,335,263
2026/02/05/14:51:58,1746.138133,0.883531,0.714832,0.895500,0.717891,61,42,44,43,0,1,0,0,549,420,335,263
2026/02/05/14:51:59,1747.138565,0.883531,0.714832,0.895500,0.717891,61,42,44,43,0,1,0,0,549,420,335,263
2026/02/05/14:52:00,1748.139407,0.883531,0.714832,0.895500,0.717891,61,42,44,43,0,1,0,0,549,420,335,263
2026/02/05/14:52:01,1749.139965,0.883531,0.714832,0.895500,0.717891,61,42,44,43,0,1,0,0,549,420,335,263
2026/02/05/14:52:02,1750.140836,0.883531,0.714832,0.895500,0.717891,61,42,44,43,0,1,0,0,549,420,335,263
2026/02/05/14:52:03,1751.141654,0.872938,0.706430,0.884906,0.709490,61,39,44,43,0,1,0,0,549,423,335,263
2026/02/05/14:52:04,1752.142415,0.878125,0.712888,0.890094,0.715947,61,40,44,43,0,1,0,0,549,423,335,263
2026/02/05/14:52:05,1753.143274,0.878125,0.712888,0.890094,0.715947,61,40,44,43,0,1,0,0,549,423,335,263
2026/02/05/14:52:06,1754.143888,0.878125,0.712888,0.890094,0.715947,61,40,44,43,0,1,0,0,549,423,335,263
2026/02/05/14:52:07,1755.144641,0.878125,0.712888,0.890094,0.715947,61,40,44,43,0,1,0,0,549,423,335,263
2026/02/05/14:52:08,1756.145273,0.878125,0.712888,0.890094,0.715947,61,40,44,43,0,1,0,0,549,423,335,263
2026/02/05/14:52:09,1757.146102,0.878125,0.712888,0.890094,0.715947,61,40,44,43,0,1,0,0,549,423,335,263
2026/02/05/14:52:10,1758.146802,0.878125,0.712888,0.890094,0.715947,61,40,44,43,0,1,0,0,549,423,335,263
2026/02/05/14:52:11,1759.147506,0.872938,0.706430,0.884906,0.709490,61,39,44,43,0,1,0,0,549,424,335,263
2026/02/05/14:52:12,1760.148141,0.872938,0.706430,0.884906,0.709490,61,39,44,43,0,1,0,0,549,424,335,263
2026/02/05/14:52:13,1761.148933,0.872938,0.706430,0.884906,0.709490,61,39,44,43,0,1,0,0,549,424,335,263
2026/02/05/14:52:14,1762.149546,0.913156,0.737278,0.925125,0.740337,64,42,46,43,0,1,0,0,549,424,335,263
2026/02/05/14:52:15,1763.150081,0.920625,0.745278,0.946781,0.760196,64,42,49,43,2,1,0,0,549,424,335,263
2026/02/05/14:52:16,1764.150649,0.900750,0.749808,0.900750,0.749808,66,40,49,43,0,0,0,0,549,427,335,263
2026/02/05/14:52:17,1765.151149,0.916219,0.763529,0.916219,0.763529,63,45,52,43,0,0,0,0,552,430,335,263
2026/02/05/14:52:18,1766.151587,0.898438,0.748924,0.898438,0.748924,61,45,51,43,0,0,0,0,554,430,336,263
2026/02/05/14:52:19,1767.152299,0.898438,0.748924,0.898438,0.748924,61,45,51,43,0,0,0,0,554,430,336,263
2026/02/05/14:52:20,1768.153157,0.886344,0.740101,0.886344,0.740101,61,42,51,43,0,0,0,0,554,433,336,263
2026/02/05/14:52:21,1769.153592,0.859406,0.726700,0.859406,0.726700,61,39,48,43,0,0,0,0,554,436,339,263
2026/02/05/14:52:22,1770.154345,0.855969,0.708594,0.855969,0.708594,61,39,46,43,0,0,0,0,554,436,341,263
2026/02/05/14:52:23,1771.155024,0.855969,0.708594,0.855969,0.708594,61,39,46,43,0,0,0,0,554,436,341,263
2026/02/05/14:52:24,1772.155668,0.854281,0.704832,0.854281,0.704832,61,39,46,42,0,0,0,0,554,436,341,264
2026/02/05/14:52:25,1773.156340,0.854281,0.704832,0.854281,0.704832,61,39,46,42,0,0,0,0,554,436,341,264
2026/02/05/14:52:26,1774.157070,0.854281,0.704832,0.854281,0.704832,61,39,46,42,0,0,0,0,554,436,341,264
2026/02/05/14:52:27,1775.157775,0.854281,0.704832,0.854281,0.704832,61,39,46,42,0,0,0,0,554,436,341,264
2026/02/05/14:52:28,1776.158425,0.854281,0.704832,0.854281,0.704832,61,39,46,42,0,0,0,0,554,436,341,264
2026/02/05/14:52:29,1777.159124,0.854281,0.704832,0.854281,0.704832,61,39,46,42,0,0,0,0,554,436,341,264
2026/02/05/14:52:30,1778.159666,0.868625,0.718939,0.868625,0.718939,63,40,47,45,0,0,0,0,554,436,341,264
2026/02/05/14:52:31,1779.160331,0.892687,0.762163,0.892687,0.762163,67,40,48,47,0,0,0,0,554,436,341,264
2026/02/05/14:52:32,1780.160966,0.892687,0.762163,0.892687,0.762163,67,40,48,47,0,0,0,0,554,436,341,264
2026/02/05/14:52:33,1781.161602,0.925312,0.803621,0.931375,0.819510,74,43,48,47,1,1,0,0,554,436,341,265
2026/02/05/14:52:34,1782.162144,0.937625,0.820814,0.950656,0.838292,74,47,47,49,2,0,0,1,554,436,342,265
2026/02/05/14:52:35,1783.162630,0.942375,0.822471,0.971531,0.847484,76,45,48,48,3,0,1,1,554,439,342,267
2026/02/05/14:52:36,1784.163077,0.939813,0.817412,0.988344,0.831268,76,43,50,46,0,1,2,2,555,441,342,269
2026/02/05/14:52:37,1785.163630,0.955187,0.826486,1.032656,0.847076,77,44,50,48,2,1,2,4,556,441,342,269
2026/02/05/14:52:38,1786.164010,0.960375,0.813059,1.042250,0.836930,72,47,51,50,2,1,2,5,561,441,342,269
2026/02/05/14:52:39,1787.164484,0.968656,0.823492,1.025750,0.849188,73,45,51,54,3,2,0,4,564,443,342,269
2026/02/05/14:52:40,1788.165167,0.972125,0.827413,1.028406,0.862449,75,45,51,54,3,6,0,2,564,444,342,269
2026/02/05/14:52:41,1789.165691,0.963625,0.815784,1.027469,0.905657,72,46,51,53,1,4,5,1,567,445,342,270
2026/02/05/14:52:42,1790.166266,0.955500,0.809508,1.010063,0.858623,72,46,51,51,1,4,2,1,567,445,342,272
2026/02/05/14:52:43,1791.167026,0.955500,0.809508,0.991688,0.845339,72,46,51,51,1,1,2,1,567,445,342,272
2026/02/05/14:52:44,1792.167632,0.955500,0.809508,0.991688,0.845339,72,46,51,51,1,1,2,1,567,445,342,272
2026/02/05/14:52:45,1793.168276,0.951500,0.807343,0.987688,0.843174,72,46,50,51,1,1,2,1,567,445,343,272
2026/02/05/14:52:46,1794.168899,0.951500,0.807343,0.987688,0.843174,72,46,50,51,1,1,2,1,567,445,343,272
2026/02/05/14:52:47,1795.169417,0.948906,0.803211,0.985094,0.839042,71,46,50,51,1,1,2,1,568,445,343,272
2026/02/05/14:52:48,1796.169930,0.945281,0.793616,0.976031,0.827670,70,46,50,48,0,1,2,1,570,445,343,275
2026/02/05/14:52:49,1797.170578,0.945281,0.793616,0.962531,0.799099,70,46,50,48,0,1,0,1,570,445,343,275
2026/02/05/14:52:50,1798.171144,0.945281,0.793616,0.962531,0.799099,70,46,50,48,0,1,0,1,570,445,343,275
2026/02/05/14:52:51,1799.171843,0.945281,0.793616,0.962531,0.799099,70,46,50,48,0,1,0,1,570,445,343,275
2026/02/05/14:52:52,1800.172471,0.945281,0.793616,0.962531,0.799099,70,46,50,48,0,1,0,1,570,445,343,275
2026/02/05/14:52:53,1801.173115,0.945281,0.793616,0.955281,0.796764,70,46,50,48,0,1,0,0,570,445,343,275
2026/02/05/14:52:54,1802.173735,0.945281,0.793616,0.955281,0.796764,70,46,50,48,0,1,0,0,570,445,343,275
2026/02/05/14:52:55,1803.174370,0.945281,0.793616,0.955281,0.796764,70,46,50,48,0,1,0,0,570,445,343,275
2026/02/05/14:52:56,1804.175014,0.938969,0.791434,0.938969,0.791434,67,47,50,48,0,0,0,0,573,445,343,275
2026/02/05/14:52:57,1805.175642,0.930156,0.784871,0.930156,0.784871,67,47,50,46,0,0,0,0,573,445,343,277
2026/02/05/14:52:58,1806.176370,0.930156,0.784871,0.930156,0.784871,67,47,50,46,0,0,0,0,573,445,343,277
2026/02/05/14:52:59,1807.176899,0.926719,0.778534,0.926719,0.778534,67,45,50,46,0,0,0,0,573,447,343,277
2026/02/05/14:53:00,1808.177445,0.926719,0.778534,0.926719,0.778534,67,45,50,46,0,0,0,0,573,447,343,277
2026/02/05/14:53:01,1809.177980,0.913281,0.751744,0.913281,0.751744,67,45,50,44,0,0,0,0,573,447,343,279
2026/02/05/14:53:02,1810.178549,0.913281,0.751744,0.913281,0.751744,67,45,50,44,0,0,0,0,573,447,343,279
2026/02/05/14:53:03,1811.179305,0.913281,0.751744,0.913281,0.751744,67,45,50,44,0,0,0,0,573,447,343,279
2026/02/05/14:53:04,1812.180138,0.913281,0.751744,0.913281,0.751744,67,45,50,44,0,0,0,0,573,447,343,279
2026/02/05/14:53:05,1813.180741,0.913281,0.751744,0.913281,0.751744,67,45,50,44,0,0,0,0,573,447,343,279
2026/02/05/14:53:06,1814.181363,0.913281,0.751744,0.913281,0.751744,67,45,50,44,0,0,0,0,573,447,343,279
2026/02/05/14:53:07,1815.181913,0.929406,0.778978,0.929406,0.778978,72,47,50,44,0,0,0,0,573,447,343,280
2026/02/05/14:53:08,1816.182617,0.929406,0.778978,0.929406,0.778978,72,47,50,44,0,0,0,0,573,447,343,280
2026/02/05/14:53:09,1817.183256,0.927063,0.776523,0.927063,0.776523,72,46,50,44,0,0,0,0,573,448,343,280
2026/02/05/14:53:10,1818.183951,0.927063,0.776523,0.927063,0.776523,72,46,50,44,0,0,0,0,573,448,343,280
2026/02/05/14:53:11,1819.184605,0.922875,0.772069,0.922875,0.772069,72,44,50,44,0,0,0,0,573,450,343,280
2026/02/05/14:53:12,1820.185322,0.912937,0.765004,0.912937,0.765004,70,44,50,44,0,0,0,0,575,450,343,280
2026/02/05/14:53:13,1821.186065,0.912937,0.765004,0.912937,0.765004,70,44,50,44,0,0,0,0,575,450,343,280
2026/02/05/14:53:14,1822.186729,0.912937,0.765004,0.912937,0.765004,70,44,50,44,0,0,0,0,575,450,343,280
2026/02/05/14:53:15,1823.187555,0.912937,0.765004,0.912937,0.765004,70,44,50,44,0,0,0,0,575,450,343,280
2026/02/05/14:53:16,1824.188167,0.912937,0.765004,0.912937,0.765004,70,44,50,44,0,0,0,0,575,450,343,280
2026/02/05/14:53:17,1825.188895,0.912937,0.765004,0.912937,0.765004,70,44,50,44,0,0,0,0,575,450,343,280
2026/02/05/14:53:18,1826.189538,0.912937,0.765004,0.912937,0.765004,70,44,50,44,0,0,0,0,575,450,343,280
2026/02/05/14:53:19,1827.190204,0.912937,0.765004,0.912937,0.765004,70,44,50,44,0,0,0,0,575,450,343,280
2026/02/05/14:53:20,1828.190831,0.910000,0.762998,0.910000,0.762998,69,44,50,44,0,0,0,0,576,450,343,280
2026/02/05/14:53:21,1829.191570,0.915063,0.770614,0.923219,0.781179,69,46,50,44,0,0,1,0,576,450,343,280
2026/02/05/14:53:22,1830.192127,0.944156,0.801374,0.957125,0.816157,69,50,54,44,0,0,2,0,576,450,343,280
2026/02/05/14:53:23,1831.192933,0.944156,0.801374,0.957125,0.816157,69,50,54,44,0,0,2,0,576,450,343,280
2026/02/05/14:53:24,1832.193577,0.944156,0.801374,0.948969,0.805592,69,50,54,44,0,0,1,0,576,450,343,280
2026/02/05/14:53:25,1833.194382,0.933094,0.794775,0.933094,0.794775,69,50,53,43,0,0,0,0,576,450,344,281
2026/02/05/14:53:26,1834.195016,0.930094,0.793024,0.930094,0.793024,69,49,53,43,0,0,0,0,576,451,344,281
2026/02/05/14:53:27,1835.195536,0.942750,0.812432,1.003500,0.853994,66,50,55,45,0,2,3,4,579,451,344,281
2026/02/05/14:53:28,1836.196317,0.945125,0.818328,1.005875,0.859890,66,50,55,46,0,2,3,4,579,451,344,281
2026/02/05/14:53:29,1837.196743,0.941688,0.816720,0.999281,0.852848,66,48,55,46,0,2,2,4,579,453,345,281
2026/02/05/14:53:30,1838.197578,0.941688,0.816720,0.982094,0.845745,66,48,55,46,0,2,0,4,579,453,345,281
2026/02/05/14:53:31,1839.198401,0.941688,0.816720,0.982094,0.845745,66,48,55,46,0,2,0,4,579,453,345,281
2026/02/05/14:53:32,1840.199106,0.941688,0.816720,0.970375,0.844068,66,48,55,46,0,1,0,4,579,453,345,281
2026/02/05/14:53:33,1841.199769,0.943187,0.811555,0.967187,0.831351,66,46,55,47,0,1,0,3,579,455,345,281
2026/02/05/14:53:34,1842.200496,0.924750,0.807154,0.932156,0.809071,66,46,52,46,0,1,0,0,579,455,348,284
2026/02/05/14:53:35,1843.201303,0.923250,0.797022,0.923250,0.797022,66,47,49,46,0,0,0,0,579,455,351,284
2026/02/05/14:53:36,1844.202195,0.919375,0.789873,0.919375,0.789873,64,47,49,46,0,0,0,0,581,455,351,284
2026/02/05/14:53:37,1845.202985,0.914625,0.772209,0.914625,0.772209,62,47,49,46,0,0,0,0,583,455,351,284
2026/02/05/14:53:38,1846.203674,0.895500,0.741936,0.895500,0.741936,62,45,49,43,0,0,0,0,583,457,351,287
2026/02/05/14:53:39,1847.204285,0.892750,0.735417,0.892750,0.735417,62,44,49,43,0,0,0,0,583,458,351,287
2026/02/05/14:53:40,1848.204874,0.892750,0.735417,0.892750,0.735417,62,44,49,43,0,0,0,0,583,458,351,287
2026/02/05/14:53:41,1849.205430,0.892750,0.735417,0.892750,0.735417,62,44,49,43,0,0,0,0,583,458,351,287
2026/02/05/14:53:42,1850.207627,0.892750,0.735417,0.892750,0.735417,62,44,49,43,0,0,0,0,583,458,351,287
2026/02/05/14:53:43,1851.208300,0.892750,0.735417,0.892750,0.735417,62,44,49,43,0,0,0,0,583,458,351,287
2026/02/05/14:53:44,1852.208944,0.896312,0.739127,0.896312,0.739127,64,44,49,43,0,0,0,0,583,458,351,287
2026/02/05/14:53:45,1853.209503,0.888906,0.737210,0.888906,0.737210,64,43,49,43,0,0,0,0,583,459,351,287
2026/02/05/14:53:46,1854.210266,0.910094,0.757872,0.910094,0.757872,65,44,51,46,0,0,0,0,583,459,351,287
2026/02/05/14:53:47,1855.210916,0.910094,0.757872,0.910094,0.757872,65,44,51,46,0,0,0,0,583,459,351,287
2026/02/05/14:53:48,1856.211812,0.910125,0.767392,0.910125,0.767392,65,46,51,45,0,0,0,0,583,459,351,288
2026/02/05/14:53:49,1857.212383,0.906719,0.764696,0.906719,0.764696,65,46,51,44,0,0,0,0,583,459,351,289
2026/02/05/14:53:50,1858.213203,0.906719,0.764696,0.906719,0.764696,65,46,51,44,0,0,0,0,583,459,351,289
2026/02/05/14:53:51,1859.213823,0.905094,0.763062,0.905094,0.763062,65,45,51,44,0,0,0,0,583,460,351,289
2026/02/05/14:53:52,1860.214426,0.900813,0.756246,0.900813,0.756246,65,45,51,43,0,0,0,0,583,460,351,290
2026/02/05/14:53:53,1861.215067,0.900813,0.756246,0.900813,0.756246,65,45,51,43,0,0,0,0,583,460,351,290
2026/02/05/14:53:54,1862.215690,0.900813,0.756246,0.900813,0.756246,65,45,51,43,0,0,0,0,583,460,351,290
2026/02/05/14:53:55,1863.216449,0.899125,0.754405,0.899125,0.754405,65,44,51,43,0,0,0,0,583,461,351,290
2026/02/05/14:53:56,1864.217083,0.888594,0.740783,0.888594,0.740783,64,42,51,43,0,0,0,0,584,463,351,290
2026/02/05/14:53:57,1865.217695,0.878062,0.727237,0.878062,0.727237,64,42,50,43,0,0,0,0,584,463,352,290
2026/02/05/14:53:58,1866.218304,0.873938,0.722040,0.873938,0.722040,64,42,48,43,0,0,0,0,584,463,354,290
2026/02/05/14:53:59,1867.218915,0.873938,0.722040,0.873938,0.722040,64,42,48,43,0,0,0,0,584,463,354,290
2026/02/05/14:54:00,1868.219584,0.881812,0.729183,0.881812,0.729183,64,45,48,44,0,0,0,0,584,463,354,290
2026/02/05/14:54:01,1869.220425,0.899625,0.740228,0.910000,0.744593,64,47,48,44,1,0,0,0,586,463,354,290
2026/02/05/14:54:02,1870.221007,0.913563,0.746586,0.930906,0.754131,64,47,48,46,1,0,0,1,586,463,354,290
2026/02/05/14:54:03,1871.221559,0.913563,0.746586,0.920531,0.749765,64,47,48,46,0,0,0,1,586,463,354,290
2026/02/05/14:54:04,1872.222130,0.911312,0.744771,0.918281,0.747950,64,47,48,45,0,0,0,1,586,463,354,291
2026/02/05/14:54:05,1873.223008,0.902531,0.740487,0.902531,0.740487,62,47,48,46,0,0,0,0,588,463,354,291
2026/02/05/14:54:06,1874.223531,0.900156,0.737198,0.900156,0.737198,64,45,48,46,0,0,0,0,588,465,354,291
2026/02/05/14:54:07,1875.224128,0.913000,0.753227,0.913000,0.753227,65,46,50,46,0,0,0,0,588,465,354,291
2026/02/05/14:54:08,1876.224756,0.913000,0.753227,0.913000,0.753227,65,46,50,46,0,0,0,0,588,465,354,291
2026/02/05/14:54:09,1877.225372,0.900563,0.731931,0.900563,0.731931,63,45,48,46,0,0,0,0,590,466,356,291
2026/02/05/14:54:10,1878.226058,0.895531,0.725810,0.895531,0.725810,62,45,48,46,0,0,0,0,591,466,356,291
2026/02/05/14:54:11,1879.226714,0.895531,0.725810,0.895531,0.725810,62,45,48,46,0,0,0,0,591,466,356,291
2026/02/05/14:54:12,1880.227457,0.895531,0.725810,0.895531,0.725810,62,45,48,46,0,0,0,0,591,466,356,291
2026/02/05/14:54:13,1881.228190,0.895531,0.725810,0.895531,0.725810,62,45,48,46,0,0,0,0,591,466,356,291
2026/02/05/14:54:14,1882.228854,0.895531,0.725810,0.895531,0.725810,62,45,48,46,0,0,0,0,591,466,356,291
2026/02/05/14:54:15,1883.229468,0.890281,0.716926,0.890281,0.716926,62,43,48,46,0,0,0,0,591,468,356,291
2026/02/05/14:54:16,1884.230346,0.890281,0.716926,0.890281,0.716926,62,43,48,46,0,0,0,0,591,468,356,291
2026/02/05/14:54:17,1885.231012,0.890281,0.716926,0.890281,0.716926,62,43,48,46,0,0,0,0,591,468,356,291
2026/02/05/14:54:18,1886.231725,0.890281,0.716926,0.890281,0.716926,62,43,48,46,0,0,0,0,591,468,356,291
2026/02/05/14:54:19,1887.232197,0.890281,0.716926,0.890281,0.716926,62,43,48,46,0,0,0,0,591,468,356,291
2026/02/05/14:54:20,1888.232889,0.884656,0.711598,0.884656,0.711598,62,40,48,46,0,0,0,0,591,471,356,291
2026/02/05/14:54:21,1889.233505,0.884656,0.711598,0.884656,0.711598,62,40,48,46,0,0,0,0,591,471,356,291
2026/02/05/14:54:22,1890.234353,0.884656,0.711598,0.884656,0.711598,62,40,48,46,0,0,0,0,591,471,356,291
2026/02/05/14:54:23,1891.235182,0.884656,0.711598,0.884656,0.711598,62,40,48,46,0,0,0,0,591,471,356,291
2026/02/05/14:54:24,1892.236024,0.894938,0.732093,0.894938,0.732093,65,40,48,47,0,0,0,0,591,471,356,291
2026/02/05/14:54:25,1893.236781,0.894938,0.732093,0.894938,0.732093,65,40,48,47,0,0,0,0,591,471,356,291
2026/02/05/14:54:26,1894.237415,0.894938,0.732093,0.894938,0.732093,65,40,48,47,0,0,0,0,591,471,356,291
2026/02/05/14:54:27,1895.238070,0.892656,0.725930,0.892656,0.725930,64,40,48,47,0,0,0,0,592,471,356,291
2026/02/05/14:54:28,1896.238874,0.892656,0.725930,0.892656,0.725930,64,40,48,47,0,0,0,0,592,471,356,291
2026/02/05/14:54:29,1897.239420,0.888094,0.717129,0.888094,0.717129,64,40,48,46,0,0,0,0,592,471,356,292
2026/02/05/14:54:30,1898.240139,0.888094,0.717129,0.888094,0.717129,64,40,48,46,0,0,0,0,592,471,356,292
2026/02/05/14:54:31,1899.240765,0.888094,0.717129,0.888094,0.717129,64,40,48,46,0,0,0,0,592,471,356,292
2026/02/05/14:54:32,1900.241464,0.888094,0.717129,0.888094,0.717129,64,40,48,46,0,0,0,0,592,471,356,292
2026/02/05/14:54:33,1901.242189,0.886125,0.711375,0.886125,0.711375,64,40,47,46,0,0,0,0,592,471,357,292
2026/02/05/14:54:34,1902.242828,0.886125,0.711375,0.886125,0.711375,64,40,47,46,0,0,0,0,592,471,357,292
2026/02/05/14:54:35,1903.243432,0.886125,0.711375,0.886125,0.711375,64,40,47,46,0,0,0,0,592,471,357,292
2026/02/05/14:54:36,1904.244230,0.886125,0.711375,0.886125,0.711375,64,40,47,46,0,0,0,0,592,471,357,292
2026/02/05/14:54:37,1905.244890,0.886125,0.711375,0.886125,0.711375,64,40,47,46,0,0,0,0,592,471,357,292
2026/02/05/14:54:38,1906.245513,0.886125,0.711375,0.886125,0.711375,64,40,47,46,0,0,0,0,592,471,357,292
2026/02/05/14:54:39,1907.246162,0.886125,0.711375,0.886125,0.711375,64,40,47,46,0,0,0,0,592,471,357,292
2026/02/05/14:54:40,1908.246903,0.875750,0.706556,0.875750,0.706556,62,40,47,46,0,0,0,0,594,471,357,292
2026/02/05/14:54:41,1909.247601,0.875750,0.706556,0.875750,0.706556,62,40,47,46,0,0,0,0,594,471,357,292
2026/02/05/14:54:42,1910.248254,0.875750,0.706556,0.875750,0.706556,62,40,47,46,0,0,0,0,594,471,357,292
2026/02/05/14:54:43,1911.248926,0.875750,0.706556,0.875750,0.706556,62,40,47,46,0,0,0,0,594,471,357,292
2026/02/05/14:54:44,1912.249636,0.875750,0.706556,0.875750,0.706556,62,40,47,46,0,0,0,0,594,471,357,292
2026/02/05/14:54:45,1913.250301,0.875750,0.706556,0.875750,0.706556,62,40,47,46,0,0,0,0,594,471,357,292
2026/02/05/14:54:46,1914.250976,0.875750,0.706556,0.875750,0.706556,62,40,47,46,0,0,0,0,594,471,357,292
2026/02/05/14:54:47,1915.251652,0.875750,0.706556,0.875750,0.706556,62,40,47,46,0,0,0,0,594,471,357,292
2026/02/05/14:54:48,1916.252348,0.875750,0.706556,0.875750,0.706556,62,40,47,46,0,0,0,0,594,471,357,292
2026/02/05/14:54:49,1917.253033,0.891312,0.720117,0.891312,0.720117,63,40,48,49,0,0,0,0,594,471,357,292
2026/02/05/14:54:50,1918.253655,0.891312,0.720117,0.891312,0.720117,63,40,48,49,0,0,0,0,594,471,357,292
2026/02/05/14:54:51,1919.254431,0.873906,0.714808,0.873906,0.714808,63,39,47,49,0,0,0,0,594,472,358,292
2026/02/05/14:54:52,1920.255006,0.873906,0.714808,0.873906,0.714808,63,39,47,49,0,0,0,0,594,472,358,292
2026/02/05/14:54:53,1921.255846,0.873906,0.714808,0.873906,0.714808,63,39,47,49,0,0,0,0,594,472,358,292
2026/02/05/14:54:54,1922.256527,0.873906,0.714808,0.873906,0.714808,63,39,47,49,0,0,0,0,594,472,358,292
2026/02/05/14:54:55,1923.257180,0.869906,0.708502,0.869906,0.708502,62,39,46,49,0,0,0,0,595,472,359,292
2026/02/05/14:54:56,1924.257887,0.869906,0.708502,0.869906,0.708502,62,39,46,49,0,0,0,0,595,472,359,292
2026/02/05/14:54:57,1925.258780,0.869906,0.708502,0.869906,0.708502,62,39,46,49,0,0,0,0,595,472,359,292
2026/02/05/14:54:58,1926.259526,0.869906,0.708502,0.869906,0.708502,62,39,46,49,0,0,0,0,595,472,359,292
2026/02/05/14:54:59,1927.260154,0.869906,0.708502,0.869906,0.708502,62,39,46,49,0,0,0,0,595,472,359,292
2026/02/05/14:55:00,1928.260792,0.869906,0.708502,0.869906,0.708502,62,39,46,49,0,0,0,0,595,472,359,292
2026/02/05/14:55:01,1929.267653,0.869906,0.708502,0.869906,0.708502,62,39,46,49,0,0,0,0,595,472,359,292
2026/02/05/14:55:02,1930.268348,0.869906,0.708502,0.869906,0.708502,62,39,46,49,0,0,0,0,595,472,359,292
2026/02/05/14:55:03,1931.269001,0.869906,0.708502,0.869906,0.708502,62,39,46,49,0,0,0,0,595,472,359,292
2026/02/05/14:55:04,1932.269766,0.869906,0.708502,0.869906,0.708502,62,39,46,49,0,0,0,0,595,472,359,292
2026/02/05/14:55:05,1933.270601,0.869906,0.708502,0.869906,0.708502,62,39,46,49,0,0,0,0,595,472,359,292
2026/02/05/14:55:06,1934.271226,0.869906,0.708502,0.869906,0.708502,62,39,46,49,0,0,0,0,595,472,359,292
2026/02/05/14:55:07,1935.271852,0.869906,0.708502,0.869906,0.708502,62,39,46,49,0,0,0,0,595,472,359,292
2026/02/05/14:55:08,1936.272436,0.869906,0.708502,0.869906,0.708502,62,39,46,49,0,0,0,0,595,472,359,292
2026/02/05/14:55:09,1937.273268,0.869906,0.708502,0.869906,0.708502,62,39,46,49,0,0,0,0,595,472,359,292
2026/02/05/14:55:10,1938.274288,0.874687,0.714673,0.874687,0.714673,63,39,46,50,0,0,0,0,595,472,359,292
2026/02/05/14:55:11,1939.274967,0.882344,0.741224,0.882344,0.741224,66,39,46,50,0,0,0,0,597,472,359,292
2026/02/05/14:55:12,1940.275527,0.896344,0.759583,0.896344,0.759583,68,39,46,53,0,0,0,0,597,472,359,292
2026/02/05/14:55:13,1941.276149,0.896344,0.759583,0.896344,0.759583,68,39,46,53,0,0,0,0,597,472,359,292
2026/02/05/14:55:14,1942.276757,0.904594,0.759150,0.926531,0.770295,69,46,46,49,0,1,0,2,597,472,359,296
2026/02/05/14:55:15,1943.277320,0.919156,0.771339,0.936594,0.780697,69,47,46,53,0,0,0,2,598,472,359,296
2026/02/05/14:55:16,1944.277893,0.919156,0.771339,0.936594,0.780697,69,47,46,53,0,0,0,2,598,472,359,296
2026/02/05/14:55:17,1945.278707,0.911281,0.761388,0.928719,0.770746,69,46,46,50,0,0,0,2,598,473,359,299
2026/02/05/14:55:18,1946.279472,0.906781,0.759601,0.924219,0.768959,69,45,46,50,0,0,0,2,598,474,359,299
2026/02/05/14:55:19,1947.280214,0.910250,0.768651,0.918969,0.773330,69,45,48,51,0,0,0,1,598,474,360,299
2026/02/05/14:55:20,1948.280948,0.905375,0.768668,0.914094,0.773348,69,43,49,51,0,0,0,1,598,477,360,299
2026/02/05/14:55:21,1949.281607,0.905969,0.756363,0.905969,0.756363,67,44,47,52,0,0,0,0,600,477,363,299
2026/02/05/14:55:22,1950.282290,0.905969,0.756363,0.905969,0.756363,67,44,47,52,0,0,0,0,600,477,363,299
2026/02/05/14:55:23,1951.283083,0.905969,0.756363,0.905969,0.756363,67,44,47,52,0,0,0,0,600,477,363,299
2026/02/05/14:55:24,1952.283656,0.920281,0.765985,0.928656,0.782897,68,44,50,53,2,1,0,0,601,477,363,299
2026/02/05/14:55:25,1953.284245,0.931375,0.791185,0.936187,0.800831,74,47,50,52,0,1,0,0,601,478,363,301
2026/02/05/14:55:26,1954.284835,0.932906,0.797726,0.944000,0.809088,73,47,52,51,1,1,0,0,604,478,363,302
2026/02/05/14:55:27,1955.285387,0.926750,0.800557,0.926750,0.800557,72,46,52,51,0,0,0,0,605,480,363,302
2026/02/05/14:55:28,1956.286031,0.924750,0.798756,0.924750,0.798756,71,46,52,51,0,0,0,0,606,480,363,302
2026/02/05/14:55:29,1957.286556,0.901906,0.775537,0.901906,0.775537,66,46,49,51,0,0,0,0,611,480,366,302
2026/02/05/14:55:30,1958.287270,0.901906,0.775537,0.901906,0.775537,66,46,49,51,0,0,0,0,611,480,366,302
2026/02/05/14:55:31,1959.287965,0.901906,0.775537,0.901906,0.775537,66,46,49,51,0,0,0,0,611,480,366,302
2026/02/05/14:55:32,1960.288610,0.921344,0.785649,0.962344,0.790717,68,49,49,51,0,0,0,3,611,480,366,302
2026/02/05/14:55:33,1961.289419,0.929844,0.797718,0.987125,0.808587,68,49,51,52,1,0,0,5,611,480,366,302
2026/02/05/14:55:34,1962.290150,0.922031,0.794195,0.979313,0.805063,66,49,51,52,1,0,0,5,613,480,366,302
2026/02/05/14:55:35,1963.290654,0.939937,0.789546,0.990688,0.799857,69,49,51,54,2,0,0,3,613,482,366,302
2026/02/05/14:55:36,1964.291154,0.939813,0.789873,0.980812,0.794941,70,49,51,53,0,0,0,3,614,482,366,303
2026/02/05/14:55:37,1965.291768,0.935937,0.785803,0.976938,0.790871,68,49,51,53,0,0,0,3,616,482,366,303
2026/02/05/14:55:38,1966.292249,0.915312,0.774676,0.956313,0.779744,67,49,51,48,0,0,0,3,617,482,366,308
2026/02/05/14:55:39,1967.292775,0.915312,0.774676,0.956313,0.779744,67,49,51,48,0,0,0,3,617,482,366,308
2026/02/05/14:55:40,1968.293491,0.906781,0.768723,0.947781,0.773791,67,46,51,48,0,0,0,3,617,485,366,308
2026/02/05/14:55:41,1969.294147,0.906781,0.768723,0.947781,0.773791,67,46,51,48,0,0,0,3,617,485,366,308
2026/02/05/14:55:42,1970.294829,0.896375,0.762561,0.937375,0.767629,66,44,51,48,0,0,0,3,618,487,366,308
2026/02/05/14:55:43,1971.295501,0.881750,0.754697,0.922750,0.759765,63,44,51,48,0,0,0,3,621,487,366,308
2026/02/05/14:55:44,1972.296156,0.881750,0.754697,0.922750,0.759765,63,44,51,48,0,0,0,3,621,487,366,308
2026/02/05/14:55:45,1973.296972,0.878437,0.744497,0.919438,0.749565,63,44,49,48,0,0,0,3,621,487,368,308
2026/02/05/14:55:46,1974.297537,0.871563,0.736634,0.898531,0.740027,63,44,49,46,0,0,0,2,621,487,368,311
2026/02/05/14:55:47,1975.298138,0.871563,0.736634,0.898531,0.740027,63,44,49,46,0,0,0,2,621,487,368,311
2026/02/05/14:55:48,1976.298804,0.856187,0.726531,0.883156,0.729924,60,44,49,46,0,0,0,2,624,487,368,311
2026/02/05/14:55:49,1977.299374,0.882188,0.725948,0.909156,0.729341,63,44,51,46,0,0,0,2,624,487,369,311
2026/02/05/14:55:50,1978.299966,0.883875,0.728282,0.910844,0.731675,63,45,51,46,0,0,0,2,624,487,369,311
2026/02/05/14:55:51,1979.300611,0.880437,0.724177,0.907406,0.727571,61,45,51,46,0,0,0,2,626,487,369,311
2026/02/05/14:55:52,1980.301316,0.880437,0.724177,0.907406,0.727571,61,45,51,46,0,0,0,2,626,487,369,311
2026/02/05/14:55:53,1981.302052,0.867938,0.718524,0.894906,0.721917,60,44,51,46,0,0,0,2,627,488,369,311
2026/02/05/14:55:54,1982.302593,0.867938,0.718524,0.894906,0.721917,60,44,51,46,0,0,0,2,627,488,369,311
2026/02/05/14:55:55,1983.303262,0.866250,0.716190,0.893219,0.719583,60,43,51,46,0,0,0,2,627,489,369,311
2026/02/05/14:55:56,1984.303821,0.866250,0.716190,0.893219,0.719583,60,43,51,46,0,0,0,2,627,489,369,311
2026/02/05/14:55:57,1985.304377,0.852281,0.709395,0.879250,0.712788,60,43,48,46,0,0,0,2,627,489,372,311
2026/02/05/14:55:58,1986.305019,0.852281,0.709395,0.879250,0.712788,60,43,48,46,0,0,0,2,627,489,372,311
2026/02/05/14:55:59,1987.305478,0.862437,0.708723,0.876469,0.710398,60,43,47,47,0,0,0,1,627,489,373,311
2026/02/05/14:56:00,1988.306032,0.862437,0.708723,0.876469,0.710398,60,43,47,47,0,0,0,1,627,489,373,311
2026/02/05/14:56:01,1989.306697,0.862437,0.708723,0.876469,0.710398,60,43,47,47,0,0,0,1,627,489,373,311
2026/02/05/14:56:02,1990.307401,0.862437,0.708723,0.876469,0.710398,60,43,47,47,0,0,0,1,627,489,373,311
2026/02/05/14:56:03,1991.307939,0.862437,0.708723,0.876469,0.710398,60,43,47,47,0,0,0,1,627,489,373,311
2026/02/05/14:56:04,1992.308510,0.857469,0.706345,0.871500,0.708020,60,42,47,47,0,0,0,1,627,490,373,311
2026/02/05/14:56:05,1993.309112,0.857469,0.706345,0.871500,0.708020,60,42,47,47,0,0,0,1,627,490,373,311
2026/02/05/14:56:06,1994.309656,0.857469,0.706345,0.871500,0.708020,60,42,47,47,0,0,0,1,627,490,373,311
2026/02/05/14:56:07,1995.310210,0.853437,0.703104,0.867469,0.704779,60,42,46,47,0,0,0,1,627,490,374,311
2026/02/05/14:56:08,1996.310780,0.853437,0.703104,0.867469,0.704779,60,42,46,47,0,0,0,1,627,490,374,311
2026/02/05/14:56:09,1997.311466,0.853437,0.703104,0.867469,0.704779,60,42,46,47,0,0,0,1,627,490,374,311
2026/02/05/14:56:10,1998.312319,0.850000,0.697574,0.864031,0.699249,58,42,46,47,0,0,0,1,629,490,374,311
2026/02/05/14:56:11,1999.312880,0.850000,0.697574,0.864031,0.699249,58,42,46,47,0,0,0,1,629,490,374,311
2026/02/05/14:56:12,2000.313520,0.850000,0.697574,0.864031,0.699249,58,42,46,47,0,0,0,1,629,490,374,311
2026/02/05/14:56:13,2001.314154,0.850000,0.697574,0.864031,0.699249,58,42,46,47,0,0,0,1,629,490,374,311
2026/02/05/14:56:14,2002.314914,0.850000,0.697574,0.864031,0.699249,58,42,46,47,0,0,0,1,629,490,374,311
2026/02/05/14:56:15,2003.315557,0.848344,0.694012,0.862375,0.695687,57,42,46,47,0,0,0,1,630,490,374,311
2026/02/05/14:56:16,2004.316288,0.848344,0.694012,0.862375,0.695687,57,42,46,47,0,0,0,1,630,490,374,311
2026/02/05/14:56:17,2005.317123,0.848344,0.694012,0.862375,0.695687,57,42,46,47,0,0,0,1,630,490,374,311
2026/02/05/14:56:18,2006.317703,0.848344,0.694012,0.862375,0.695687,57,42,46,47,0,0,0,1,630,490,374,311
2026/02/05/14:56:19,2007.318369,0.848344,0.694012,0.862375,0.695687,57,42,46,47,0,0,0,1,630,490,374,311
2026/02/05/14:56:20,2008.319060,0.848344,0.694012,0.862375,0.695687,57,42,46,47,0,0,0,1,630,490,374,311
2026/02/05/14:56:21,2009.319758,0.859906,0.705342,0.873938,0.707017,59,44,46,47,0,0,0,1,630,490,374,311
2026/02/05/14:56:22,2010.320365,0.859906,0.705342,0.873938,0.707017,59,44,46,47,0,0,0,1,630,490,374,311
2026/02/05/14:56:23,2011.321142,0.859906,0.705342,0.873938,0.707017,59,44,46,47,0,0,0,1,630,490,374,311
2026/02/05/14:56:24,2012.321683,0.859906,0.705342,0.873938,0.707017,59,44,46,47,0,0,0,1,630,490,374,311
2026/02/05/14:56:25,2013.322366,0.865500,0.707405,0.879531,0.709080,63,42,46,47,0,0,0,1,630,492,374,311
2026/02/05/14:56:26,2014.322974,0.903563,0.730902,0.917594,0.732577,65,43,51,49,0,0,0,1,630,492,374,311
2026/02/05/14:56:27,2015.323806,0.903563,0.730902,0.917594,0.732577,65,43,51,49,0,0,0,1,630,492,374,311
2026/02/05/14:56:28,2016.324429,0.880781,0.723634,0.894813,0.725308,66,43,49,46,0,0,0,1,630,492,376,314
2026/02/05/14:56:29,2017.324987,0.866469,0.711896,0.880500,0.713571,64,43,46,46,0,0,0,1,632,492,379,314
2026/02/05/14:56:30,2018.325832,0.866469,0.711896,0.880500,0.713571,64,43,46,46,0,0,0,1,632,492,379,314
2026/02/05/14:56:31,2019.326560,0.866469,0.711896,0.880500,0.713571,64,43,46,46,0,0,0,1,632,492,379,314
2026/02/05/14:56:32,2020.327166,0.866469,0.711896,0.880500,0.713571,64,43,46,46,0,0,0,1,632,492,379,314
2026/02/05/14:56:33,2021.327749,0.866469,0.711896,0.880500,0.713571,64,43,46,46,0,0,0,1,632,492,379,314
2026/02/05/14:56:34,2022.328478,0.857906,0.706024,0.871938,0.707699,62,43,45,46,0,0,0,1,634,492,380,314
2026/02/05/14:56:35,2023.329034,0.856313,0.702271,0.870344,0.703946,61,43,45,46,0,0,0,1,635,492,380,314
2026/02/05/14:56:36,2024.329552,0.856313,0.702271,0.870344,0.703946,61,43,45,46,0,0,0,1,635,492,380,314
2026/02/05/14:56:37,2025.330183,0.856313,0.702271,0.870344,0.703946,61,43,45,46,0,0,0,1,635,492,380,314
2026/02/05/14:56:38,2026.330704,0.851938,0.698229,0.865969,0.699904,60,43,45,46,0,0,0,1,636,492,380,314
2026/02/05/14:56:39,2027.331365,0.851938,0.698229,0.865969,0.699904,60,43,45,46,0,0,0,1,636,492,380,314
2026/02/05/14:56:40,2028.332160,0.851938,0.698229,0.865969,0.699904,60,43,45,46,0,0,0,1,636,492,380,314
2026/02/05/14:56:41,2029.332708,0.844250,0.689845,0.858281,0.691520,60,43,45,43,0,0,0,1,636,492,380,317
2026/02/05/14:56:42,2030.333300,0.844250,0.689845,0.858281,0.691520,60,43,45,43,0,0,0,1,636,492,380,317
2026/02/05/14:56:43,2031.333867,0.844250,0.689845,0.858281,0.691520,60,43,45,43,0,0,0,1,636,492,380,317
2026/02/05/14:56:44,2032.334444,0.836656,0.684643,0.850688,0.686318,57,43,45,43,0,0,0,1,639,492,380,317
2026/02/05/14:56:45,2033.335020,0.836656,0.684643,0.850688,0.686318,57,43,45,43,0,0,0,1,639,492,380,317
2026/02/05/14:56:46,2034.335841,0.836656,0.684643,0.850688,0.686318,57,43,45,43,0,0,0,1,639,492,380,317
2026/02/05/14:56:47,2035.336477,0.858938,0.697734,0.897219,0.710807,57,45,46,43,0,0,2,1,639,492,380,317
2026/02/05/14:56:48,2036.337119,0.874812,0.717963,0.913094,0.731035,57,50,48,43,0,0,2,1,639,492,380,317
2026/02/05/14:56:49,2037.337663,0.874812,0.717963,0.937656,0.752396,57,50,48,43,0,0,2,4,639,492,380,317
2026/02/05/14:56:50,2038.338288,0.879500,0.715916,0.934156,0.743229,57,50,46,44,0,0,2,3,639,492,382,317
2026/02/05/14:56:51,2039.338860,0.894156,0.746444,0.932438,0.759517,60,51,46,44,0,0,2,1,639,492,382,318
2026/02/05/14:56:52,2040.339438,0.882031,0.740746,0.896062,0.742421,60,51,45,44,0,0,0,1,639,492,383,318
2026/02/05/14:56:53,2041.340026,0.890125,0.760284,0.904156,0.761959,61,54,45,44,0,0,0,1,639,492,383,318
2026/02/05/14:56:54,2042.340671,0.890125,0.760284,0.904156,0.761959,61,54,45,44,0,0,0,1,639,492,383,318
2026/02/05/14:56:55,2043.341480,0.874062,0.741908,0.888094,0.743583,60,51,45,44,0,0,0,1,640,495,383,318
2026/02/05/14:56:56,2044.342119,0.878156,0.746602,0.892188,0.748277,61,51,45,45,0,0,0,1,640,495,383,318
2026/02/05/14:56:57,2045.342724,0.886125,0.753097,0.900156,0.754772,62,51,45,46,0,0,0,1,640,495,383,318
2026/02/05/14:56:58,2046.343384,0.862406,0.718926,0.876437,0.720601,59,48,45,46,0,0,0,1,643,498,383,318
2026/02/05/14:56:59,2047.344327,0.862406,0.718926,0.876437,0.720601,59,48,45,46,0,0,0,1,643,498,383,318
2026/02/05/14:57:00,2048.345070,0.862406,0.718926,0.876437,0.720601,59,48,45,46,0,0,0,1,643,498,383,318
2026/02/05/14:57:01,2049.345877,0.862406,0.718926,0.876437,0.720601,59,48,45,46,0,0,0,1,643,498,383,318
2026/02/05/14:57:02,2050.346426,0.859906,0.716104,0.873938,0.717779,58,48,45,46,0,0,0,1,644,498,383,318
2026/02/05/14:57:03,2051.346993,0.859906,0.716104,0.873938,0.717779,58,48,45,46,0,0,0,1,644,498,383,318
2026/02/05/14:57:04,2052.347684,0.859906,0.716104,0.873938,0.717779,58,48,45,46,0,0,0,1,644,498,383,318
2026/02/05/14:57:05,2053.348311,0.859906,0.716104,0.873938,0.717779,58,48,45,46,0,0,0,1,644,498,383,318
2026/02/05/14:57:06,2054.349049,0.859906,0.716104,0.873938,0.717779,58,48,45,46,0,0,0,1,644,498,383,318
2026/02/05/14:57:07,2055.349783,0.859906,0.716104,0.873938,0.717779,58,48,45,46,0,0,0,1,644,498,383,318
2026/02/05/14:57:08,2056.350521,0.859906,0.716104,0.873938,0.717779,58,48,45,46,0,0,0,1,644,498,383,318
2026/02/05/14:57:09,2057.351394,0.859906,0.716104,0.873938,0.717779,58,48,45,46,0,0,0,1,644,498,383,318
2026/02/05/14:57:10,2058.352020,0.856469,0.711933,0.870500,0.713608,57,48,45,46,0,0,0,1,645,498,383,318
2026/02/05/14:57:11,2059.352590,0.854531,0.701590,0.868563,0.703265,57,48,45,45,0,0,0,1,645,498,383,319
2026/02/05/14:57:12,2060.353126,0.854531,0.701590,0.868563,0.703265,57,48,45,45,0,0,0,1,645,498,383,319
2026/02/05/14:57:13,2061.353765,0.854531,0.701590,0.868563,0.703265,57,48,45,45,0,0,0,1,645,498,383,319
2026/02/05/14:57:14,2062.354565,0.854531,0.701590,0.868563,0.703265,57,48,45,45,0,0,0,1,645,498,383,319
2026/02/05/14:57:15,2063.355355,0.850344,0.696812,0.864375,0.698487,57,48,45,43,0,0,0,1,645,498,383,321
2026/02/05/14:57:16,2064.356131,0.850344,0.696812,0.864375,0.698487,57,48,45,43,0,0,0,1,645,498,383,321
2026/02/05/14:57:17,2065.356790,0.850344,0.696812,0.864375,0.698487,57,48,45,43,0,0,0,1,645,498,383,321
2026/02/05/14:57:18,2066.357516,0.850344,0.696812,0.864375,0.698487,57,48,45,43,0,0,0,1,645,498,383,321
2026/02/05/14:57:19,2067.358379,0.850344,0.696812,0.864375,0.698487,57,48,45,43,0,0,0,1,645,498,383,321
2026/02/05/14:57:20,2068.359266,0.850344,0.696812,0.864375,0.698487,57,48,45,43,0,0,0,1,645,498,383,321
2026/02/05/14:57:21,2069.360010,0.887188,0.735082,0.901219,0.736757,58,52,47,47,0,0,0,1,645,501,383,321
2026/02/05/14:57:22,2070.360717,0.893437,0.753477,0.907469,0.755152,59,52,49,47,0,0,0,1,645,501,383,321
2026/02/05/14:57:23,2071.361308,0.883000,0.718531,0.897031,0.720206,57,50,49,47,0,0,0,1,647,503,383,321
2026/02/05/14:57:24,2072.361885,0.855594,0.695513,0.869625,0.697188,57,45,45,46,0,0,0,1,647,508,387,322
2026/02/05/14:57:25,2073.362572,0.843219,0.690144,0.857250,0.691819,57,45,45,43,0,0,0,1,647,508,387,325
2026/02/05/14:57:26,2074.363214,0.843219,0.690144,0.857250,0.691819,57,45,45,43,0,0,0,1,647,508,387,325
2026/02/05/14:57:27,2075.363878,0.843219,0.690144,0.857250,0.691819,57,45,45,43,0,0,0,1,647,508,387,325
2026/02/05/14:57:28,2076.364642,0.843219,0.690144,0.857250,0.691819,57,45,45,43,0,0,0,1,647,508,387,325
2026/02/05/14:57:29,2077.365155,0.843219,0.690144,0.857250,0.691819,57,45,45,43,0,0,0,1,647,508,387,325
2026/02/05/14:57:30,2078.365840,0.843219,0.690144,0.857250,0.691819,57,45,45,43,0,0,0,1,647,508,387,325
2026/02/05/14:57:31,2079.366651,0.847531,0.692125,0.861563,0.693800,58,45,45,43,0,0,0,1,647,508,387,325
2026/02/05/14:57:32,2080.367453,0.847531,0.692125,0.861563,0.693800,58,45,45,43,0,0,0,1,647,508,387,325
2026/02/05/14:57:33,2081.368067,0.847531,0.692125,0.861563,0.693800,58,45,45,43,0,0,0,1,647,508,387,325
2026/02/05/14:57:34,2082.368734,0.843219,0.690144,0.857250,0.691819,57,45,45,43,0,0,0,1,648,508,387,325
2026/02/05/14:57:35,2083.369396,0.843219,0.690144,0.857250,0.691819,57,45,45,43,0,0,0,1,648,508,387,325
2026/02/05/14:57:36,2084.370031,0.843219,0.690144,0.857250,0.691819,57,45,45,43,0,0,0,1,648,508,387,325
2026/02/05/14:57:37,2085.370740,0.843219,0.690144,0.857250,0.691819,57,45,45,43,0,0,0,1,648,508,387,325
2026/02/05/14:57:38,2086.371386,0.843219,0.690144,0.857250,0.691819,57,45,45,43,0,0,0,1,648,508,387,325
2026/02/05/14:57:39,2087.372293,0.843219,0.690144,0.857250,0.691819,57,45,45,43,0,0,0,1,648,508,387,325
2026/02/05/14:57:40,2088.372963,0.833125,0.691760,0.833125,0.691760,57,45,45,44,0,0,0,0,648,508,387,326
2026/02/05/14:57:41,2089.373620,0.864969,0.707915,0.895844,0.711320,58,48,46,46,0,0,0,2,648,508,387,326
2026/02/05/14:57:42,2090.374172,0.864969,0.707915,0.895844,0.711320,58,48,46,46,0,0,0,2,648,508,387,326
2026/02/05/14:57:43,2091.374969,0.861031,0.704624,0.891906,0.708029,58,48,46,44,0,0,0,2,648,508,387,328
2026/02/05/14:57:44,2092.375775,0.861031,0.704624,0.891906,0.708029,58,48,46,44,0,0,0,2,648,508,387,328
2026/02/05/14:57:45,2093.376411,0.862500,0.706576,0.862500,0.706576,59,49,45,44,0,0,0,0,648,508,388,328
2026/02/05/14:57:46,2094.377056,0.868062,0.720057,0.868062,0.720057,59,48,47,44,0,0,0,0,648,509,388,328
2026/02/05/14:57:47,2095.377659,0.874750,0.730817,0.895938,0.737228,60,49,47,44,0,2,0,0,648,509,388,328
2026/02/05/14:57:48,2096.378397,0.872812,0.727778,0.894000,0.734189,59,49,47,44,0,2,0,0,649,509,388,328
2026/02/05/14:57:49,2097.378992,0.880344,0.729362,0.890938,0.732567,59,49,47,44,0,1,0,0,649,510,388,328
2026/02/05/14:57:50,2098.379671,0.880344,0.729362,0.890938,0.732567,59,49,47,44,0,1,0,0,649,510,388,328
2026/02/05/14:57:51,2099.380264,0.874344,0.725278,0.884938,0.728483,59,49,47,42,0,1,0,0,649,510,388,330
2026/02/05/14:57:52,2100.381001,0.874344,0.725278,0.884938,0.728483,59,49,47,42,0,1,0,0,649,510,388,330
2026/02/05/14:57:53,2101.381756,0.874344,0.725278,0.884938,0.728483,59,49,47,42,0,1,0,0,649,510,388,330
2026/02/05/14:57:54,2102.382470,0.874344,0.725278,0.884938,0.728483,59,49,47,42,0,1,0,0,649,510,388,330
2026/02/05/14:57:55,2103.383013,0.874344,0.725278,0.884938,0.728483,59,49,47,42,0,1,0,0,649,510,388,330
2026/02/05/14:57:56,2104.383569,0.874344,0.725278,0.884938,0.728483,59,49,47,42,0,1,0,0,649,510,388,330
2026/02/05/14:57:57,2105.384342,0.874344,0.725278,0.884938,0.728483,59,49,47,42,0,1,0,0,649,510,388,330
2026/02/05/14:57:58,2106.384982,0.878812,0.724390,0.878812,0.724390,59,49,47,41,0,0,0,0,649,511,388,331
2026/02/05/14:57:59,2107.385688,0.878812,0.724390,0.878812,0.724390,59,49,47,41,0,0,0,0,649,511,388,331
2026/02/05/14:58:00,2108.386420,0.878812,0.724390,0.878812,0.724390,59,49,47,41,0,0,0,0,649,511,388,331
2026/02/05/14:58:01,2109.386990,0.878812,0.724390,0.878812,0.724390,59,49,47,41,0,0,0,0,649,511,388,331
2026/02/05/14:58:02,2110.387588,0.930219,0.792849,0.951063,0.814468,62,52,49,47,2,1,0,0,649,511,388,331
2026/02/05/14:58:03,2111.388304,0.945187,0.802259,0.970031,0.825720,64,52,52,47,3,1,0,0,649,511,388,331
2026/02/05/14:58:04,2112.388984,0.913031,0.788481,0.925375,0.790318,60,49,51,47,0,1,0,0,655,514,389,331
2026/02/05/14:58:05,2113.389527,0.909500,0.775759,0.921844,0.777596,58,49,50,50,0,1,0,0,657,514,390,331
2026/02/05/14:58:06,2114.390169,0.891781,0.771443,0.942375,0.778882,61,48,47,47,3,1,0,0,657,515,393,334
2026/02/05/14:58:07,2115.390723,0.891781,0.771443,0.942375,0.778882,61,48,47,47,3,1,0,0,657,515,393,334
2026/02/05/14:58:08,2116.391433,0.878844,0.722595,0.929438,0.730034,58,48,47,44,3,1,0,0,660,515,393,337
2026/02/05/14:58:09,2117.392177,0.878844,0.722595,0.929438,0.730034,58,48,47,44,3,1,0,0,660,515,393,337
2026/02/05/14:58:10,2118.392833,0.878844,0.722595,0.929438,0.730034,58,48,47,44,3,1,0,0,660,515,393,337
2026/02/05/14:58:11,2119.393610,0.878844,0.722595,0.929438,0.730034,58,48,47,44,3,1,0,0,660,515,393,337
2026/02/05/14:58:12,2120.394560,0.878844,0.722595,0.917094,0.728197,58,48,47,44,3,0,0,0,660,515,393,337
2026/02/05/14:58:13,2121.395253,0.878844,0.722595,0.917094,0.728197,58,48,47,44,3,0,0,0,660,515,393,337
2026/02/05/14:58:14,2122.395817,0.876656,0.720804,0.914906,0.726407,58,48,47,43,3,0,0,0,660,515,393,338
2026/02/05/14:58:15,2123.396398,0.873563,0.717356,0.911813,0.722958,58,48,47,42,3,0,0,0,660,515,393,339
2026/02/05/14:58:16,2124.397011,0.873563,0.717356,0.911813,0.722958,58,48,47,42,3,0,0,0,660,515,393,339
2026/02/05/14:58:17,2125.397572,0.884656,0.735574,0.922906,0.741176,58,53,48,42,3,0,0,0,660,515,393,339
2026/02/05/14:58:18,2126.398343,0.884656,0.735574,0.922906,0.741176,58,53,48,42,3,0,0,0,660,515,393,339
2026/02/05/14:58:19,2127.399073,0.884656,0.735574,0.922906,0.741176,58,53,48,42,3,0,0,0,660,515,393,339
2026/02/05/14:58:20,2128.399724,0.878406,0.727574,0.916656,0.733177,58,51,48,42,3,0,0,0,660,517,393,339
2026/02/05/14:58:21,2129.400553,0.876750,0.722765,0.876750,0.722765,58,50,48,42,0,0,0,0,660,518,393,339
2026/02/05/14:58:22,2130.401298,0.876750,0.722765,0.876750,0.722765,58,50,48,42,0,0,0,0,660,518,393,339
2026/02/05/14:58:23,2131.402030,0.876750,0.722765,0.876750,0.722765,58,50,48,42,0,0,0,0,660,518,393,339
2026/02/05/14:58:24,2132.402679,0.871250,0.712693,0.871250,0.712693,58,48,47,42,0,0,0,0,660,520,394,339
2026/02/05/14:58:25,2133.403399,0.872938,0.715282,0.872938,0.715282,58,48,48,42,0,0,0,0,660,520,394,339
2026/02/05/14:58:26,2134.404138,0.872938,0.715282,0.872938,0.715282,58,48,48,42,0,0,0,0,660,520,394,339
2026/02/05/14:58:27,2135.404767,0.872938,0.715282,0.872938,0.715282,58,48,48,42,0,0,0,0,660,520,394,339
2026/02/05/14:58:28,2136.405494,0.872938,0.715282,0.872938,0.715282,58,48,48,42,0,0,0,0,660,520,394,339
2026/02/05/14:58:29,2137.406022,0.872938,0.715282,0.872938,0.715282,58,48,48,42,0,0,0,0,660,520,394,339
2026/02/05/14:58:30,2138.406735,0.872938,0.715282,0.872938,0.715282,58,48,48,42,0,0,0,0,660,520,394,339
2026/02/05/14:58:31,2139.407316,0.872938,0.715282,0.872938,0.715282,58,48,48,42,0,0,0,0,660,520,394,339
2026/02/05/14:58:32,2140.408057,0.872938,0.715282,0.872938,0.715282,58,48,48,42,0,0,0,0,660,520,394,339
2026/02/05/14:58:33,2141.408750,0.872938,0.715282,0.872938,0.715282,58,48,48,42,0,0,0,0,660,520,394,339
2026/02/05/14:58:34,2142.409385,0.872938,0.715282,0.872938,0.715282,58,48,48,42,0,0,0,0,660,520,394,339
2026/02/05/14:58:35,2143.410176,0.872938,0.715282,0.872938,0.715282,58,48,48,42,0,0,0,0,660,520,394,339
2026/02/05/14:58:36,2144.410851,0.872938,0.715282,0.872938,0.715282,58,48,48,42,0,0,0,0,660,520,394,339
2026/02/05/14:58:37,2145.411736,0.866938,0.709969,0.866938,0.709969,58,45,48,42,0,0,0,0,660,523,394,339
2026/02/05/14:58:38,2146.412338,0.858812,0.692381,0.858812,0.692381,58,45,46,42,0,0,0,0,660,523,396,339
2026/02/05/14:58:39,2147.412940,0.858812,0.692381,0.858812,0.692381,58,45,46,42,0,0,0,0,660,523,396,339
2026/02/05/14:58:40,2148.413648,0.858812,0.692381,0.858812,0.692381,58,45,46,42,0,0,0,0,660,523,396,339
2026/02/05/14:58:41,2149.414318,0.858812,0.692381,0.858812,0.692381,58,45,46,42,0,0,0,0,660,523,396,339
2026/02/05/14:58:42,2150.414933,0.858812,0.692381,0.858812,0.692381,58,45,46,42,0,0,0,0,660,523,396,339
2026/02/05/14:58:43,2151.415630,0.858812,0.692381,0.858812,0.692381,58,45,46,42,0,0,0,0,660,523,396,339
2026/02/05/14:58:44,2152.416371,0.858812,0.692381,0.858812,0.692381,58,45,46,42,0,0,0,0,660,523,396,339
2026/02/05/14:58:45,2153.417167,0.841281,0.687294,0.841281,0.687294,58,42,46,42,0,0,0,0,660,526,396,339
2026/02/05/14:58:46,2154.417750,0.841281,0.687294,0.841281,0.687294,58,42,46,42,0,0,0,0,660,526,396,339
2026/02/05/14:58:47,2155.418315,0.852000,0.695791,0.852000,0.695791,58,46,46,42,0,0,0,0,660,526,396,339
2026/02/05/14:58:48,2156.418894,0.853656,0.698563,0.853656,0.698563,58,47,46,42,0,0,0,0,660,526,396,339
2026/02/05/14:58:49,2157.419422,0.864844,0.702654,0.864844,0.702654,60,46,46,43,0,0,0,0,660,527,396,339
2026/02/05/14:58:50,2158.420006,0.856688,0.695983,0.856688,0.695983,60,43,46,43,0,0,0,0,660,530,396,339
2026/02/05/14:58:51,2159.420546,0.873563,0.724010,0.904687,0.733986,64,42,50,43,1,0,3,0,660,531,398,339
2026/02/05/14:58:52,2160.421158,0.883563,0.728254,0.895875,0.732745,63,43,52,42,0,1,1,0,662,531,398,340
2026/02/05/14:58:53,2161.421822,0.879281,0.724668,0.889125,0.726820,63,44,49,42,0,0,1,0,662,531,401,340
2026/02/05/14:58:54,2162.422405,0.880219,0.725053,0.890062,0.727206,64,44,48,42,0,0,1,0,662,531,402,340
2026/02/05/14:58:55,2163.423165,0.880219,0.725053,0.890062,0.727206,64,44,48,42,0,0,1,0,662,531,402,340
2026/02/05/14:58:56,2164.423715,0.854313,0.709663,0.854313,0.709663,63,44,46,40,0,0,0,0,663,531,404,342
2026/02/05/14:58:57,2165.424369,0.854313,0.709663,0.854313,0.709663,63,44,46,40,0,0,0,0,663,531,404,342
2026/02/05/14:58:58,2166.425039,0.854313,0.709663,0.854313,0.709663,63,44,46,40,0,0,0,0,663,531,404,342
2026/02/05/14:58:59,2167.425695,0.854313,0.709663,0.854313,0.709663,63,44,46,40,0,0,0,0,663,531,404,342
2026/02/05/14:59:00,2168.426313,0.851000,0.705660,0.851000,0.705660,62,44,46,40,0,0,0,0,664,531,404,342
2026/02/05/14:59:01,2169.427140,0.851000,0.705660,0.851000,0.705660,62,44,46,40,0,0,0,0,664,531,404,342
2026/02/05/14:59:02,2170.427885,0.851000,0.705660,0.851000,0.705660,62,44,46,40,0,0,0,0,664,531,404,342
2026/02/05/14:59:03,2171.428620,0.851000,0.705660,0.851000,0.705660,62,44,46,40,0,0,0,0,664,531,404,342
2026/02/05/14:59:04,2172.429220,0.876031,0.732005,0.883125,0.738423,68,44,46,42,0,0,0,1,664,531,404,342
2026/02/05/14:59:05,2173.429934,0.879281,0.735227,0.914219,0.746603,68,44,46,44,0,0,3,1,664,531,404,342
2026/02/05/14:59:06,2174.430668,0.885844,0.757739,0.920781,0.769114,68,46,46,45,0,0,3,1,664,533,404,342
2026/02/05/14:59:07,2175.431315,0.878750,0.751321,0.906594,0.756278,68,46,46,44,0,0,3,0,664,533,404,343
2026/02/05/14:59:08,2176.431945,0.875500,0.748099,0.903344,0.753057,68,46,46,42,0,0,3,0,664,533,404,345
2026/02/05/14:59:09,2177.432643,0.877281,0.761297,0.905125,0.766254,68,47,46,42,0,0,3,0,664,533,404,345
2026/02/05/14:59:10,2178.433156,0.908406,0.803057,0.936250,0.808014,72,51,46,44,0,0,3,0,664,533,404,345
2026/02/05/14:59:11,2179.433717,0.905219,0.796019,0.933063,0.800976,70,51,46,44,0,0,3,0,666,533,404,345
2026/02/05/14:59:12,2180.434306,0.898594,0.791932,0.926438,0.796889,69,50,46,44,0,0,3,0,667,534,404,345
2026/02/05/14:59:13,2181.434832,0.886281,0.767910,0.914125,0.772868,69,46,46,44,0,0,3,0,667,538,404,345
2026/02/05/14:59:14,2182.435563,0.886281,0.767910,0.914125,0.772868,69,46,46,44,0,0,3,0,667,538,404,345
2026/02/05/14:59:15,2183.436107,0.886281,0.767910,0.914125,0.772868,69,46,46,44,0,0,3,0,667,538,404,345
2026/02/05/14:59:16,2184.436783,0.872781,0.756882,0.872781,0.756882,62,46,49,44,0,0,0,0,674,538,404,345
2026/02/05/14:59:17,2185.437366,0.872781,0.756882,0.872781,0.756882,62,46,49,44,0,0,0,0,674,538,404,345
2026/02/05/14:59:18,2186.438019,0.872781,0.756882,0.872781,0.756882,62,46,49,44,0,0,0,0,674,538,404,345
2026/02/05/14:59:19,2187.438781,0.868406,0.752178,0.868406,0.752178,60,46,49,44,0,0,0,0,676,538,404,345
2026/02/05/14:59:20,2188.439416,0.860531,0.742807,0.860531,0.742807,60,46,49,42,0,0,0,0,676,538,404,347
2026/02/05/14:59:21,2189.440063,0.857625,0.738809,0.857625,0.738809,60,46,49,41,0,0,0,0,676,538,404,348
2026/02/05/14:59:22,2190.440576,0.854906,0.731384,0.854906,0.731384,60,46,49,40,0,0,0,0,676,538,404,349
2026/02/05/14:59:23,2191.441146,0.852938,0.729383,0.852938,0.729383,60,46,49,39,0,0,0,0,676,538,404,350
2026/02/05/14:59:24,2192.441808,0.825094,0.724425,0.825094,0.724425,60,46,46,39,0,0,0,0,676,538,407,350
2026/02/05/14:59:25,2193.442345,0.825094,0.724425,0.825094,0.724425,60,46,46,39,0,0,0,0,676,538,407,350
2026/02/05/14:59:26,2194.442901,0.823313,0.711228,0.823313,0.711228,60,45,46,39,0,0,0,0,676,539,407,350
2026/02/05/14:59:27,2195.443480,0.823313,0.711228,0.823313,0.711228,60,45,46,39,0,0,0,0,676,539,407,350
2026/02/05/14:59:28,2196.444167,0.823313,0.711228,0.823313,0.711228,60,45,46,39,0,0,0,0,676,539,407,350
2026/02/05/14:59:29,2197.444703,0.823313,0.711228,0.823313,0.711228,60,45,46,39,0,0,0,0,676,539,407,350
2026/02/05/14:59:30,2198.445382,0.818562,0.705283,0.818562,0.705283,60,44,46,39,0,0,0,0,676,540,407,350
2026/02/05/14:59:31,2199.446223,0.818562,0.705283,0.818562,0.705283,60,44,46,39,0,0,0,0,676,540,407,350
2026/02/05/14:59:32,2200.446915,0.818562,0.705283,0.818562,0.705283,60,44,46,39,0,0,0,0,676,540,407,350
2026/02/05/14:59:33,2201.447874,0.818562,0.705283,0.818562,0.705283,60,44,46,39,0,0,0,0,676,540,407,350
2026/02/05/14:59:34,2202.448498,0.818562,0.705283,0.818562,0.705283,60,44,46,39,0,0,0,0,676,540,407,350
2026/02/05/14:59:35,2203.449364,0.818562,0.705283,0.818562,0.705283,60,44,46,39,0,0,0,0,676,540,407,350
2026/02/05/14:59:36,2204.450036,0.844656,0.732442,0.844656,0.732442,60,47,47,45,0,0,0,0,676,540,407,350
2026/02/05/14:59:37,2205.450693,0.842969,0.729853,0.857906,0.731962,60,47,46,45,0,1,0,0,676,540,408,350
2026/02/05/14:59:38,2206.451334,0.842969,0.729853,0.857906,0.731962,60,47,46,45,0,1,0,0,676,540,408,350
2026/02/05/14:59:39,2207.452152,0.840781,0.727798,0.855719,0.729907,60,47,45,45,0,1,0,0,676,540,409,350
2026/02/05/14:59:40,2208.452812,0.833750,0.711695,0.848688,0.713804,57,47,45,45,0,1,0,0,679,540,409,350
2026/02/05/14:59:41,2209.453612,0.833750,0.711695,0.848688,0.713804,57,47,45,45,0,1,0,0,679,540,409,350
2026/02/05/14:59:42,2210.454343,0.871281,0.745852,0.886219,0.747961,61,47,51,45,0,1,0,0,679,540,409,350
2026/02/05/14:59:43,2211.455022,0.892000,0.766610,0.919813,0.773253,62,47,55,45,1,1,0,0,679,540,409,350
2026/02/05/14:59:44,2212.455707,0.892000,0.766610,0.919813,0.773253,62,47,55,45,1,1,0,0,679,540,409,350
2026/02/05/14:59:45,2213.456443,0.889906,0.762874,0.917719,0.769517,61,47,55,45,1,1,0,0,680,540,409,350
2026/02/05/14:59:46,2214.456970,0.896281,0.753820,0.919937,0.761126,57,47,57,45,1,0,0,1,684,540,409,353
2026/02/05/14:59:47,2215.457863,0.887531,0.749021,0.911188,0.756327,57,47,55,45,1,0,0,1,684,540,411,353
2026/02/05/14:59:48,2216.458422,0.885375,0.746461,0.898250,0.750996,57,47,52,46,1,0,0,0,684,540,414,353
2026/02/05/14:59:49,2217.459209,0.885375,0.746461,0.898250,0.750996,57,47,52,46,1,0,0,0,684,540,414,353
2026/02/05/14:59:50,2218.459993,0.874594,0.743689,0.887469,0.748224,57,47,52,45,1,0,0,0,684,540,414,354
2026/02/05/14:59:51,2219.460727,0.867437,0.737749,0.880313,0.742283,57,47,52,42,1,0,0,0,684,540,414,357
2026/02/05/14:59:52,2220.461340,0.872719,0.740636,0.886062,0.745306,57,48,52,42,1,0,0,0,684,540,414,357
2026/02/05/14:59:53,2221.461971,0.865969,0.727289,0.879313,0.731959,57,48,50,42,1,0,0,0,684,540,416,357
2026/02/05/14:59:54,2222.462701,0.864187,0.725526,0.864187,0.725526,57,48,50,41,0,0,0,0,684,540,416,358
2026/02/05/14:59:55,2223.463501,0.864187,0.725526,0.864187,0.725526,57,48,50,41,0,0,0,0,684,540,416,358
2026/02/05/14:59:56,2224.464156,0.872500,0.745760,0.872500,0.745760,60,48,50,41,0,0,0,0,684,540,416,358
2026/02/05/14:59:57,2225.464819,0.872500,0.745760,0.872500,0.745760,60,48,50,41,0,0,0,0,684,540,416,358
2026/02/05/14:59:58,2226.465590,0.906031,0.785261,0.906031,0.785261,65,51,53,41,0,0,0,0,684,540,416,358
2026/02/05/14:59:59,2227.465930,0.909625,0.785894,0.914312,0.802833,65,51,53,42,0,0,0,3,685,540,416,358
2026/02/05/15:00:00,2228.466411,0.912469,0.802896,0.963875,0.824307,67,50,50,45,0,2,3,0,686,542,419,358
2026/02/05/15:00:01,2229.466947,0.919094,0.805346,0.967344,0.824081,66,50,51,45,0,3,2,0,687,542,419,358
2026/02/05/15:00:02,2230.467541,0.914406,0.788407,0.955969,0.803874,66,50,51,42,0,2,2,0,687,542,419,361
2026/02/05/15:00:03,2231.468133,0.913188,0.778476,0.924125,0.780267,66,50,50,42,0,1,0,0,687,543,420,361
2026/02/05/15:00:04,2232.468981,0.913188,0.778476,0.924125,0.780267,66,50,50,42,0,1,0,0,687,543,420,361
2026/02/05/15:00:05,2233.469658,0.893844,0.771383,0.893844,0.771383,66,48,50,41,0,0,0,0,687,545,420,362
2026/02/05/15:00:06,2234.470336,0.893844,0.771383,0.893844,0.771383,66,48,50,41,0,0,0,0,687,545,420,362
2026/02/05/15:00:07,2235.471038,0.887219,0.753923,0.887219,0.753923,64,48,50,41,0,0,0,0,689,545,420,362
2026/02/05/15:00:08,2236.471636,0.887219,0.753923,0.887219,0.753923,64,48,50,41,0,0,0,0,689,545,420,362
2026/02/05/15:00:09,2237.472389,0.881031,0.744825,0.881031,0.744825,61,48,50,41,0,0,0,0,692,545,420,362
2026/02/05/15:00:10,2238.473059,0.881031,0.744825,0.881031,0.744825,61,48,50,41,0,0,0,0,692,545,420,362
2026/02/05/15:00:11,2239.473751,0.881031,0.744825,0.881031,0.744825,61,48,50,41,0,0,0,0,692,545,420,362
2026/02/05/15:00:12,2240.474373,0.881031,0.744825,0.881031,0.744825,61,48,50,41,0,0,0,0,692,545,420,362
2026/02/05/15:00:13,2241.475243,0.881031,0.744825,0.881031,0.744825,61,48,50,41,0,0,0,0,692,545,420,362
2026/02/05/15:00:14,2242.475909,0.881031,0.744825,0.881031,0.744825,61,48,50,41,0,0,0,0,692,545,420,362
2026/02/05/15:00:15,2243.476529,0.881031,0.744825,0.881031,0.744825,61,48,50,41,0,0,0,0,692,545,420,362
2026/02/05/15:00:16,2244.477183,0.864437,0.735435,0.864437,0.735435,61,48,47,41,0,0,0,0,692,545,423,362
2026/02/05/15:00:17,2245.477800,0.864437,0.735435,0.864437,0.735435,61,48,47,41,0,0,0,0,692,545,423,362
2026/02/05/15:00:18,2246.478442,0.864437,0.735435,0.864437,0.735435,61,48,47,41,0,0,0,0,692,545,423,362
2026/02/05/15:00:19,2247.479058,0.864437,0.735435,0.864437,0.735435,61,48,47,41,0,0,0,0,692,545,423,362
2026/02/05/15:00:20,2248.479834,0.864437,0.735435,0.864437,0.735435,61,48,47,41,0,0,0,0,692,545,423,362
2026/02/05/15:00:21,2249.480433,0.864437,0.735435,0.864437,0.735435,61,48,47,41,0,0,0,0,692,545,423,362
2026/02/05/15:00:22,2250.480997,0.896750,0.772930,0.920438,0.777390,65,49,51,41,1,1,0,0,692,545,423,362
2026/02/05/15:00:23,2251.481595,0.918562,0.807803,0.963375,0.816416,70,49,53,42,1,3,0,0,692,545,423,362
2026/02/05/15:00:24,2252.482139,0.922063,0.813850,0.987875,0.828343,70,49,54,43,1,6,0,0,693,545,423,362
2026/02/05/15:00:25,2253.482680,0.927156,0.814992,1.006031,0.832136,69,49,55,44,1,5,0,2,695,546,423,363
2026/02/05/15:00:26,2254.483321,0.915250,0.789524,0.946937,0.795755,65,51,53,43,0,3,0,0,699,546,425,364
2026/02/05/15:00:27,2255.483903,0.909719,0.777706,0.920281,0.779783,63,50,52,43,0,1,0,0,701,549,426,364
2026/02/05/15:00:28,2256.486115,0.904531,0.771828,0.915094,0.773905,63,49,50,43,0,1,0,0,701,550,428,364
2026/02/05/15:00:29,2257.486531,0.883406,0.767673,0.883406,0.767673,63,47,50,43,0,0,0,0,701,552,428,364
2026/02/05/15:00:30,2258.487471,0.883406,0.767673,0.883406,0.767673,63,47,50,43,0,0,0,0,701,552,428,364
2026/02/05/15:00:31,2259.488156,0.880563,0.764815,0.880563,0.764815,62,47,50,43,0,0,0,0,702,552,428,364
2026/02/05/15:00:32,2260.488825,0.880563,0.764815,0.880563,0.764815,62,47,50,43,0,0,0,0,702,552,428,364
2026/02/05/15:00:33,2261.489527,0.880563,0.764815,0.880563,0.764815,62,47,50,43,0,0,0,0,702,552,428,364
2026/02/05/15:00:34,2262.490275,0.880563,0.764815,0.880563,0.764815,62,47,50,43,0,0,0,0,702,552,428,364
2026/02/05/15:00:35,2263.491161,0.875188,0.757913,0.875188,0.757913,60,47,50,43,0,0,0,0,704,552,428,364
2026/02/05/15:00:36,2264.491869,0.875188,0.757913,0.875188,0.757913,60,47,50,43,0,0,0,0,704,552,428,364
2026/02/05/15:00:37,2265.492468,0.875188,0.757913,0.875188,0.757913,60,47,50,43,0,0,0,0,704,552,428,364
2026/02/05/15:00:38,2266.493070,0.875188,0.757913,0.875188,0.757913,60,47,50,43,0,0,0,0,704,552,428,364
2026/02/05/15:00:39,2267.493690,0.875188,0.757913,0.875188,0.757913,60,47,50,43,0,0,0,0,704,552,428,364
2026/02/05/15:00:40,2268.494559,0.875188,0.757913,0.875188,0.757913,60,47,50,43,0,0,0,0,704,552,428,364
2026/02/05/15:00:41,2269.495302,0.875188,0.757913,0.875188,0.757913,60,47,50,43,0,0,0,0,704,552,428,364
2026/02/05/15:00:42,2270.495962,0.875188,0.757913,0.875188,0.757913,60,47,50,43,0,0,0,0,704,552,428,364
2026/02/05/15:00:43,2271.496606,0.875188,0.757913,0.875188,0.757913,60,47,50,43,0,0,0,0,704,552,428,364
2026/02/05/15:00:44,2272.497137,0.891031,0.777623,0.891031,0.777623,66,47,50,43,0,0,0,0,704,552,428,364
2026/02/05/15:00:45,2273.497754,0.891031,0.777623,0.891031,0.777623,66,47,50,43,0,0,0,0,704,552,428,364
2026/02/05/15:00:46,2274.498349,0.891031,0.777623,0.891031,0.777623,66,47,50,43,0,0,0,0,704,552,428,364
2026/02/05/15:00:47,2275.499159,0.891031,0.777623,0.891031,0.777623,66,47,50,43,0,0,0,0,704,552,428,364
2026/02/05/15:00:48,2276.499849,0.877812,0.752546,0.877812,0.752546,63,44,50,43,0,0,0,0,707,555,428,364
2026/02/05/15:00:49,2277.500579,0.877812,0.752546,0.877812,0.752546,63,44,50,43,0,0,0,0,707,555,428,364
2026/02/05/15:00:50,2278.501261,0.898531,0.765727,0.898531,0.765727,63,44,53,44,0,0,0,0,707,555,428,364
2026/02/05/15:00:51,2279.501981,0.890094,0.752086,0.890094,0.752086,63,44,51,44,0,0,0,0,707,555,430,364
2026/02/05/15:00:52,2280.502661,0.880531,0.750380,0.880531,0.750380,63,44,51,43,0,0,0,0,707,555,430,365
2026/02/05/15:00:53,2281.503416,0.880531,0.750380,0.880531,0.750380,63,44,51,43,0,0,0,0,707,555,430,365
2026/02/05/15:00:54,2282.504145,0.880531,0.750380,0.880531,0.750380,63,44,51,43,0,0,0,0,707,555,430,365
2026/02/05/15:00:55,2283.504851,0.880531,0.750380,0.880531,0.750380,63,44,51,43,0,0,0,0,707,555,430,365
2026/02/05/15:00:56,2284.505426,0.833750,0.740334,0.833750,0.740334,63,44,51,40,0,0,0,0,707,555,430,368
2026/02/05/15:00:57,2285.506200,0.833750,0.740334,0.833750,0.740334,63,44,51,40,0,0,0,0,707,555,430,368
2026/02/05/15:00:58,2286.506826,0.826438,0.733834,0.826438,0.733834,60,44,51,40,0,0,0,0,710,555,430,368
2026/02/05/15:00:59,2287.507417,0.826438,0.733834,0.826438,0.733834,60,44,51,40,0,0,0,0,710,555,430,368
2026/02/05/15:01:00,2288.508115,0.826438,0.733834,0.826438,0.733834,60,44,51,40,0,0,0,0,710,555,430,368
2026/02/05/15:01:01,2289.508732,0.826438,0.733834,0.826438,0.733834,60,44,51,40,0,0,0,0,710,555,430,368
2026/02/05/15:01:02,2290.509503,0.810312,0.723023,0.810312,0.723023,60,44,49,40,0,0,0,0,710,555,432,368
2026/02/05/15:01:03,2291.510227,0.810312,0.723023,0.810312,0.723023,60,44,49,40,0,0,0,0,710,555,432,368
2026/02/05/15:01:04,2292.511027,0.810312,0.723023,0.810312,0.723023,60,44,49,40,0,0,0,0,710,555,432,368
2026/02/05/15:01:05,2293.511725,0.810312,0.723023,0.810312,0.723023,60,44,49,40,0,0,0,0,710,555,432,368
2026/02/05/15:01:06,2294.512307,0.810312,0.723023,0.810312,0.723023,60,44,49,40,0,0,0,0,710,555,432,368
2026/02/05/15:01:07,2295.512836,0.838063,0.738139,0.838063,0.738139,63,44,49,40,0,0,0,0,710,555,432,368
2026/02/05/15:01:08,2296.513614,0.838063,0.738139,0.838063,0.738139,63,44,49,40,0,0,0,0,710,555,432,368
2026/02/05/15:01:09,2297.514453,0.838063,0.738139,0.838063,0.738139,63,44,49,40,0,0,0,0,710,555,432,368
2026/02/05/15:01:10,2298.515129,0.810312,0.723023,0.810312,0.723023,60,44,49,40,0,0,0,0,713,555,432,368
2026/02/05/15:01:11,2299.515758,0.812344,0.726717,0.812344,0.726717,60,44,50,40,0,0,0,0,713,555,432,368
2026/02/05/15:01:12,2300.516305,0.871094,0.747676,0.871094,0.747676,65,46,49,42,0,0,0,0,713,555,435,368
2026/02/05/15:01:13,2301.516952,0.913906,0.778029,0.921375,0.780475,65,51,52,44,1,0,0,0,713,555,435,368
2026/02/05/15:01:14,2302.517666,0.910062,0.771014,0.917531,0.773459,65,51,52,43,1,0,0,0,713,555,435,369
2026/02/05/15:01:15,2303.518362,0.894750,0.765254,0.894750,0.765254,65,49,52,42,0,0,0,0,713,557,435,370
2026/02/05/15:01:16,2304.518984,0.864938,0.756494,0.864938,0.756494,62,49,52,42,0,0,0,0,716,557,435,370
2026/02/05/15:01:17,2305.519666,0.853437,0.749141,0.853437,0.749141,62,47,52,42,0,0,0,0,716,559,435,370
2026/02/05/15:01:18,2306.520198,0.853437,0.749141,0.853437,0.749141,62,47,52,42,0,0,0,0,716,559,435,370
2026/02/05/15:01:19,2307.521007,0.843250,0.741536,0.843250,0.741536,60,47,52,42,0,0,0,0,718,559,435,370
2026/02/05/15:01:20,2308.521654,0.839313,0.733704,0.839313,0.733704,60,47,52,40,0,0,0,0,718,559,435,372
2026/02/05/15:01:21,2309.522278,0.839313,0.733704,0.839313,0.733704,60,47,52,40,0,0,0,0,718,559,435,372
2026/02/05/15:01:22,2310.522933,0.839313,0.733704,0.839313,0.733704,60,47,52,40,0,0,0,0,718,559,435,372
2026/02/05/15:01:23,2311.523875,0.839313,0.733704,0.839313,0.733704,60,47,52,40,0,0,0,0,718,559,435,372
2026/02/05/15:01:24,2312.524648,0.837281,0.730010,0.837281,0.730010,60,47,51,40,0,0,0,0,718,559,436,372
2026/02/05/15:01:25,2313.525237,0.837281,0.730010,0.837281,0.730010,60,47,51,40,0,0,0,0,718,559,436,372
2026/02/05/15:01:26,2314.525998,0.837281,0.730010,0.837281,0.730010,60,47,51,40,0,0,0,0,718,559,436,372
2026/02/05/15:01:27,2315.526595,0.837281,0.730010,0.837281,0.730010,60,47,51,40,0,0,0,0,718,559,436,372
2026/02/05/15:01:28,2316.527189,0.837281,0.730010,0.837281,0.730010,60,47,51,40,0,0,0,0,718,559,436,372
2026/02/05/15:01:29,2317.527796,0.837281,0.730010,0.837281,0.730010,60,47,51,40,0,0,0,0,718,559,436,372
2026/02/05/15:01:30,2318.528682,0.837281,0.730010,0.837281,0.730010,60,47,51,40,0,0,0,0,718,559,436,372
2026/02/05/15:01:31,2319.529376,0.837281,0.730010,0.837281,0.730010,60,47,51,40,0,0,0,0,718,559,436,372
2026/02/05/15:01:32,2320.530277,0.837281,0.730010,0.837281,0.730010,60,47,51,40,0,0,0,0,718,559,436,372
2026/02/05/15:01:33,2321.530817,0.837281,0.730010,0.837281,0.730010,60,47,51,40,0,0,0,0,718,559,436,372
2026/02/05/15:01:34,2322.531422,0.837281,0.730010,0.837281,0.730010,60,47,51,40,0,0,0,0,718,559,436,372
2026/02/05/15:01:35,2323.532037,0.837281,0.730010,0.837281,0.730010,60,47,51,40,0,0,0,0,718,559,436,372
2026/02/05/15:01:36,2324.532654,0.837281,0.730010,0.837281,0.730010,60,47,51,40,0,0,0,0,718,559,436,372
2026/02/05/15:01:37,2325.533267,0.837281,0.730010,0.837281,0.730010,60,47,51,40,0,0,0,0,718,559,436,372
2026/02/05/15:01:38,2326.533850,0.837281,0.730010,0.837281,0.730010,60,47,51,40,0,0,0,0,718,559,436,372
2026/02/05/15:01:39,2327.534401,0.837281,0.730010,0.837281,0.730010,60,47,51,40,0,0,0,0,718,559,436,372
2026/02/05/15:01:40,2328.535022,0.839375,0.732995,0.861031,0.773991,61,47,51,40,4,2,1,0,718,559,436,372
2026/02/05/15:01:41,2329.535518,0.862688,0.784022,0.862688,0.784022,65,49,53,40,0,0,0,0,718,559,436,372
2026/02/05/15:01:42,2330.536154,0.862688,0.784022,0.862688,0.784022,65,49,53,40,0,0,0,0,718,559,436,372
2026/02/05/15:01:43,2331.536798,0.852062,0.762836,0.852062,0.762836,63,49,53,40,0,0,0,0,720,559,436,372
2026/02/05/15:01:44,2332.537401,0.825688,0.752616,0.825688,0.752616,63,45,53,40,0,0,0,0,720,563,436,372
2026/02/05/15:01:45,2333.538279,0.811813,0.735159,0.811813,0.735159,60,45,53,40,0,0,0,0,723,563,436,372
2026/02/05/15:01:46,2334.539157,0.811813,0.735159,0.811813,0.735159,60,45,53,40,0,0,0,0,723,563,436,372
2026/02/05/15:01:47,2335.539846,0.811813,0.735159,0.811813,0.735159,60,45,53,40,0,0,0,0,723,563,436,372
2026/02/05/15:01:48,2336.540472,0.811813,0.735159,0.811813,0.735159,60,45,53,40,0,0,0,0,723,563,436,372
2026/02/05/15:01:49,2337.541125,0.801063,0.731865,0.801063,0.731865,60,45,51,40,0,0,0,0,723,563,438,372
2026/02/05/15:01:50,2338.541653,0.801063,0.731865,0.801063,0.731865,60,45,51,40,0,0,0,0,723,563,438,372
2026/02/05/15:01:51,2339.542277,0.790562,0.726263,0.790562,0.726263,60,45,48,40,0,0,0,0,723,563,441,372
2026/02/05/15:01:52,2340.542992,0.790562,0.726263,0.790562,0.726263,60,45,48,40,0,0,0,0,723,563,441,372
2026/02/05/15:01:53,2341.543672,0.790562,0.726263,0.790562,0.726263,60,45,48,40,0,0,0,0,723,563,441,372
2026/02/05/15:01:54,2342.544336,0.790562,0.726263,0.790562,0.726263,60,45,48,40,0,0,0,0,723,563,441,372
2026/02/05/15:01:55,2343.545051,0.824344,0.741505,0.851031,0.746325,61,48,49,40,2,0,0,0,723,563,441,372
2026/02/05/15:01:56,2344.545613,0.824344,0.741505,0.851031,0.746325,61,48,49,40,2,0,0,0,723,563,441,372
2026/02/05/15:01:57,2345.546140,0.835438,0.742030,0.848781,0.744440,62,47,49,40,1,0,0,0,723,564,441,372
2026/02/05/15:01:58,2346.546691,0.832125,0.740356,0.845469,0.742766,62,46,49,40,1,0,0,0,723,565,441,372
2026/02/05/15:01:59,2347.547256,0.842156,0.741092,0.842156,0.741092,63,45,49,40,0,0,0,0,723,566,441,372
2026/02/05/15:02:00,2348.548102,0.842156,0.741092,0.842156,0.741092,63,45,49,40,0,0,0,0,723,566,441,372
2026/02/05/15:02:01,2349.548731,0.802125,0.733862,0.802125,0.733862,60,45,49,40,0,0,0,0,726,566,441,372
2026/02/05/15:02:02,2350.553575,0.799406,0.727608,0.799406,0.727608,60,46,49,37,0,0,0,0,726,566,441,375
2026/02/05/15:02:03,2351.554279,0.793125,0.718652,0.793125,0.718652,57,46,49,37,0,0,0,0,729,566,441,375
2026/02/05/15:02:04,2352.555117,0.793125,0.718652,0.793125,0.718652,57,46,49,37,0,0,0,0,729,566,441,375
2026/02/05/15:02:05,2353.555897,0.793125,0.718652,0.793125,0.718652,57,46,49,37,0,0,0,0,729,566,441,375
2026/02/05/15:02:06,2354.556591,0.793125,0.718652,0.793125,0.718652,57,46,49,37,0,0,0,0,729,566,441,375
2026/02/05/15:02:07,2355.557326,0.819781,0.735593,0.819781,0.735593,57,49,50,39,0,0,0,0,729,566,441,375
2026/02/05/15:02:08,2356.558050,0.839500,0.726949,0.863625,0.733086,59,49,48,42,2,0,0,0,729,566,443,375
2026/02/05/15:02:09,2357.558958,0.853156,0.735947,0.877281,0.742083,60,49,51,42,2,0,0,0,729,566,443,375
2026/02/05/15:02:10,2358.559794,0.851031,0.728943,0.875156,0.735079,60,48,51,42,2,0,0,0,729,567,443,375
2026/02/05/15:02:11,2359.560366,0.856437,0.732006,0.880563,0.738143,59,48,50,43,2,0,0,0,730,567,444,375
2026/02/05/15:02:12,2360.561030,0.862688,0.734738,0.886813,0.740875,60,48,50,43,2,0,0,0,730,567,444,375
2026/02/05/15:02:13,2361.561652,0.870313,0.749325,0.943875,0.767195,61,48,50,45,6,0,0,0,730,567,444,375
2026/02/05/15:02:14,2362.562331,0.866625,0.744564,0.940187,0.762434,61,48,50,43,6,0,0,0,730,567,444,377
2026/02/05/15:02:15,2363.562967,0.878000,0.765394,0.951562,0.783264,64,50,51,43,6,0,0,0,731,567,444,377
2026/02/05/15:02:16,2364.563496,0.875375,0.755058,0.887437,0.758126,65,49,50,42,1,0,0,0,733,568,445,378
2026/02/05/15:02:17,2365.564311,0.875375,0.755058,0.887437,0.758126,65,49,50,42,1,0,0,0,733,568,445,378
2026/02/05/15:02:18,2366.565009,0.875375,0.755058,0.887437,0.758126,65,49,50,42,1,0,0,0,733,568,445,378
2026/02/05/15:02:19,2367.565767,0.868531,0.748090,0.880594,0.751158,65,49,47,42,1,0,0,0,733,568,448,378
2026/02/05/15:02:20,2368.566566,0.873938,0.771683,0.873938,0.771683,66,48,48,44,0,0,0,0,733,570,448,378
2026/02/05/15:02:21,2369.567185,0.835812,0.757702,0.835812,0.757702,62,48,48,44,0,0,0,0,737,570,448,378
2026/02/05/15:02:22,2370.567760,0.828812,0.754537,0.828812,0.754537,62,49,48,41,0,0,0,0,737,570,448,381
2026/02/05/15:02:23,2371.568331,0.828812,0.754537,0.828812,0.754537,62,49,48,41,0,0,0,0,737,570,448,381
2026/02/05/15:02:24,2372.569161,0.824187,0.741520,0.824187,0.741520,62,49,48,39,0,0,0,0,737,570,448,383
2026/02/05/15:02:25,2373.569913,0.824187,0.741520,0.824187,0.741520,62,49,48,39,0,0,0,0,737,570,448,383
2026/02/05/15:02:26,2374.570532,0.851938,0.761579,0.851938,0.761579,63,49,52,39,0,0,0,0,737,570,448,383
2026/02/05/15:02:27,2375.571247,0.844313,0.757935,0.844313,0.757935,63,49,51,39,0,0,0,0,737,570,449,383
2026/02/05/15:02:28,2376.571985,0.820500,0.742907,0.820500,0.742907,63,49,48,39,0,0,0,0,737,570,452,383
2026/02/05/15:02:29,2377.572658,0.820500,0.742907,0.820500,0.742907,63,49,48,39,0,0,0,0,737,570,452,383
2026/02/05/15:02:30,2378.573420,0.820500,0.742907,0.820500,0.742907,63,49,48,39,0,0,0,0,737,570,452,383
2026/02/05/15:02:31,2379.574226,0.817063,0.731609,0.817063,0.731609,63,49,48,37,0,0,0,0,737,570,452,385
2026/02/05/15:02:32,2380.574940,0.831594,0.739475,0.836938,0.747523,65,48,48,39,0,3,0,0,737,571,452,385
2026/02/05/15:02:33,2381.575457,0.852969,0.758174,0.852969,0.758174,69,51,48,40,0,0,0,0,737,571,452,385
2026/02/05/15:02:34,2382.576075,0.852969,0.758174,0.852969,0.758174,69,51,48,40,0,0,0,0,737,571,452,385
2026/02/05/15:02:35,2383.576833,0.851156,0.755778,0.851156,0.755778,69,51,47,40,0,0,0,0,737,571,453,385
2026/02/05/15:02:36,2384.577560,0.822313,0.744299,0.822313,0.744299,67,51,47,39,0,0,0,0,741,571,453,386
2026/02/05/15:02:37,2385.578366,0.820406,0.741588,0.820406,0.741588,67,50,47,39,0,0,0,0,741,572,453,386
2026/02/05/15:02:38,2386.579151,0.811875,0.729580,0.811875,0.729580,67,45,47,39,0,0,0,0,741,577,453,386
2026/02/05/15:02:39,2387.579829,0.815719,0.731586,0.815719,0.731586,64,46,47,40,0,0,0,0,744,577,453,386
2026/02/05/15:02:40,2388.580500,0.812469,0.728015,0.812469,0.728015,62,46,47,40,0,0,0,0,746,577,453,386
2026/02/05/15:02:41,2389.581144,0.812469,0.728015,0.812469,0.728015,62,46,47,40,0,0,0,0,746,577,453,386
2026/02/05/15:02:42,2390.581734,0.798031,0.717915,0.798031,0.717915,58,46,47,40,0,0,0,0,750,577,453,386
2026/02/05/15:02:43,2391.582367,0.798031,0.717915,0.798031,0.717915,58,46,47,40,0,0,0,0,750,577,453,386
2026/02/05/15:02:44,2392.583054,0.791813,0.715964,0.791813,0.715964,58,46,47,39,0,0,0,0,750,577,453,387
2026/02/05/15:02:45,2393.583780,0.783250,0.712788,0.783250,0.712788,58,46,47,37,0,0,0,0,750,577,453,389
2026/02/05/15:02:46,2394.584496,0.783250,0.712788,0.783250,0.712788,58,46,47,37,0,0,0,0,750,577,453,389
2026/02/05/15:02:47,2395.585103,0.777969,0.709900,0.777969,0.709900,58,45,47,37,0,0,0,0,750,578,453,389
2026/02/05/15:02:48,2396.585692,0.777969,0.709900,0.777969,0.709900,58,45,47,37,0,0,0,0,750,578,453,389
2026/02/05/15:02:49,2397.586387,0.775469,0.698664,0.775469,0.698664,58,44,47,37,0,0,0,0,750,579,453,389
2026/02/05/15:02:50,2398.586884,0.775469,0.698664,0.775469,0.698664,58,44,47,37,0,0,0,0,750,579,453,389
2026/02/05/15:02:51,2399.587517,0.775469,0.698664,0.775469,0.698664,58,44,47,37,0,0,0,0,750,579,453,389
2026/02/05/15:02:52,2400.588228,0.769844,0.691193,0.769844,0.691193,55,44,47,37,0,0,0,0,753,579,453,389
2026/02/05/15:02:53,2401.589036,0.769844,0.691193,0.769844,0.691193,55,44,47,37,0,0,0,0,753,579,453,389
2026/02/05/15:02:54,2402.589747,0.824750,0.726837,0.824750,0.726837,55,44,53,42,0,0,0,0,753,579,453,389
2026/02/05/15:02:55,2403.590325,0.828000,0.739546,0.828000,0.739546,55,46,53,42,0,0,0,0,753,579,453,389
2026/02/05/15:02:56,2404.591076,0.828000,0.739546,0.828000,0.739546,55,46,53,42,0,0,0,0,753,579,453,389
2026/02/05/15:02:57,2405.591752,0.806063,0.733009,0.806063,0.733009,55,46,50,42,0,0,0,0,753,579,456,389
2026/02/05/15:02:58,2406.592383,0.806063,0.733009,0.806063,0.733009,55,46,50,42,0,0,0,0,753,579,456,389
2026/02/05/15:02:59,2407.593074,0.803344,0.731038,0.803344,0.731038,55,45,50,42,0,0,0,0,753,580,456,389
2026/02/05/15:03:00,2408.593737,0.801219,0.728402,0.801219,0.728402,54,45,50,42,0,0,0,0,754,580,456,389
2026/02/05/15:03:01,2409.594435,0.795687,0.719625,0.795687,0.719625,54,45,50,39,0,0,0,0,754,580,456,392
2026/02/05/15:03:02,2410.595226,0.795687,0.719625,0.795687,0.719625,54,45,50,39,0,0,0,0,754,580,456,392
2026/02/05/15:03:03,2411.595770,0.795687,0.719625,0.795687,0.719625,54,45,50,39,0,0,0,0,754,580,456,392
2026/02/05/15:03:04,2412.596521,0.795687,0.719625,0.795687,0.719625,54,45,50,39,0,0,0,0,754,580,456,392
2026/02/05/15:03:05,2413.597261,0.795687,0.719625,0.795687,0.719625,54,45,50,39,0,0,0,0,754,580,456,392
2026/02/05/15:03:06,2414.598183,0.795687,0.719625,0.795687,0.719625,54,45,50,39,0,0,0,0,754,580,456,392
2026/02/05/15:03:07,2415.598816,0.795687,0.719625,0.795687,0.719625,54,45,50,39,0,0,0,0,754,580,456,392
2026/02/05/15:03:08,2416.599477,0.795687,0.719625,0.795687,0.719625,54,45,50,39,0,0,0,0,754,580,456,392
2026/02/05/15:03:09,2417.600051,0.795687,0.719625,0.795687,0.719625,54,45,50,39,0,0,0,0,754,580,456,392
2026/02/05/15:03:10,2418.600717,0.795687,0.719625,0.795687,0.719625,54,45,50,39,0,0,0,0,754,580,456,392
2026/02/05/15:03:11,2419.601449,0.795687,0.719625,0.795687,0.719625,54,45,50,39,0,0,0,0,754,580,456,392
2026/02/05/15:03:12,2420.602107,0.795687,0.719625,0.795687,0.719625,54,45,50,39,0,0,0,0,754,580,456,392
2026/02/05/15:03:13,2421.602732,0.859250,0.746163,0.859250,0.746163,59,49,50,39,0,0,0,0,754,580,456,392
2026/02/05/15:03:14,2422.603340,0.859250,0.746163,0.859250,0.746163,59,49,50,39,0,0,0,0,754,580,456,392
2026/02/05/15:03:15,2423.604283,0.839844,0.737070,0.839844,0.737070,56,49,50,39,0,0,0,0,757,580,456,392
2026/02/05/15:03:16,2424.605105,0.835469,0.733245,0.835469,0.733245,54,49,50,39,0,0,0,0,759,580,456,392
2026/02/05/15:03:17,2425.605824,0.835469,0.733245,0.835469,0.733245,54,49,50,39,0,0,0,0,759,580,456,392
2026/02/05/15:03:18,2426.606346,0.860812,0.772042,0.860812,0.772042,55,53,52,39,0,0,0,0,759,580,456,392
2026/02/05/15:03:19,2427.607129,0.860812,0.772042,0.860812,0.772042,55,53,52,39,0,0,0,0,759,580,456,392
2026/02/05/15:03:20,2428.607680,0.875687,0.797139,0.875687,0.797139,55,55,52,42,0,0,0,0,759,580,456,392
2026/02/05/15:03:21,2429.608246,0.875687,0.797139,0.875687,0.797139,55,55,52,42,0,0,0,0,759,580,456,392
2026/02/05/15:03:22,2430.608798,0.871500,0.777053,0.871500,0.777053,55,53,52,42,0,0,0,0,759,582,456,392
2026/02/05/15:03:23,2431.609596,0.860812,0.772042,0.860812,0.772042,55,53,52,39,0,0,0,0,759,582,456,395
2026/02/05/15:03:24,2432.610237,0.849875,0.761470,0.849875,0.761470,55,53,50,39,0,0,0,0,759,582,458,395
2026/02/05/15:03:25,2433.610832,0.838063,0.736953,0.838063,0.736953,55,49,50,39,0,0,0,0,759,586,458,395
2026/02/05/15:03:26,2434.611447,0.838063,0.736953,0.838063,0.736953,55,49,50,39,0,0,0,0,759,586,458,395
2026/02/05/15:03:27,2435.612171,0.835469,0.733245,0.835469,0.733245,54,49,50,39,0,0,0,0,760,586,458,395
2026/02/05/15:03:28,2436.612948,0.835469,0.733245,0.835469,0.733245,54,49,50,39,0,0,0,0,760,586,458,395
2026/02/05/15:03:29,2437.613399,0.835469,0.733245,0.835469,0.733245,54,49,50,39,0,0,0,0,760,586,458,395
2026/02/05/15:03:30,2438.614151,0.835469,0.733245,0.835469,0.733245,54,49,50,39,0,0,0,0,760,586,458,395
2026/02/05/15:03:31,2439.614667,0.835469,0.733245,0.835469,0.733245,54,49,50,39,0,0,0,0,760,586,458,395
2026/02/05/15:03:32,2440.615379,0.835469,0.733245,0.835469,0.733245,54,49,50,39,0,0,0,0,760,586,458,395
2026/02/05/15:03:33,2441.616158,0.835469,0.733245,0.835469,0.733245,54,49,50,39,0,0,0,0,760,586,458,395
2026/02/05/15:03:34,2442.616760,0.861437,0.752381,0.861437,0.752381,57,49,50,39,0,0,0,0,760,586,458,395
2026/02/05/15:03:35,2443.617373,0.881687,0.787068,0.918875,0.821792,62,51,50,40,0,2,2,0,760,586,458,395
2026/02/05/15:03:36,2444.617906,0.881687,0.787068,0.918875,0.821792,62,51,50,40,0,2,2,0,760,586,458,395
2026/02/05/15:03:37,2445.618505,0.881687,0.787068,0.899563,0.791818,62,51,50,40,0,2,0,0,760,586,458,395
2026/02/05/15:03:38,2446.619158,0.872781,0.764264,0.890656,0.769014,59,51,50,40,0,2,0,0,763,586,458,395
2026/02/05/15:03:39,2447.619822,0.844344,0.743187,0.844344,0.743187,56,50,50,40,0,0,0,0,766,587,458,395
2026/02/05/15:03:40,2448.620516,0.838625,0.735176,0.838625,0.735176,56,50,50,37,0,0,0,0,766,587,458,398
2026/02/05/15:03:41,2449.621169,0.838625,0.735176,0.838625,0.735176,56,50,50,37,0,0,0,0,766,587,458,398
2026/02/05/15:03:42,2450.621795,0.838625,0.735176,0.838625,0.735176,56,50,50,37,0,0,0,0,766,587,458,398
2026/02/05/15:03:43,2451.622486,0.838625,0.735176,0.838625,0.735176,56,50,50,37,0,0,0,0,766,587,458,398
2026/02/05/15:03:44,2452.623125,0.833250,0.731810,0.839156,0.774232,54,50,50,37,0,0,3,0,768,587,458,398
2026/02/05/15:03:45,2453.623872,0.824969,0.753615,0.824969,0.753615,54,50,50,37,0,0,0,0,768,587,461,398
2026/02/05/15:03:46,2454.624508,0.822969,0.751897,0.822969,0.751897,54,49,50,37,0,0,0,0,768,588,461,398
2026/02/05/15:03:47,2455.625313,0.822969,0.751897,0.822969,0.751897,54,49,50,37,0,0,0,0,768,588,461,398
2026/02/05/15:03:48,2456.626212,0.822969,0.751897,0.822969,0.751897,54,49,50,37,0,0,0,0,768,588,461,398
2026/02/05/15:03:49,2457.626803,0.817063,0.709475,0.817063,0.709475,54,49,47,37,0,0,0,0,768,588,464,398
2026/02/05/15:03:50,2458.627582,0.817063,0.709475,0.817063,0.709475,54,49,47,37,0,0,0,0,768,588,464,398
2026/02/05/15:03:51,2459.628278,0.817063,0.709475,0.817063,0.709475,54,49,47,37,0,0,0,0,768,588,464,398
2026/02/05/15:03:52,2460.629033,0.817063,0.709475,0.817063,0.709475,54,49,47,37,0,0,0,0,768,588,464,398
2026/02/05/15:03:53,2461.629959,0.817063,0.709475,0.817063,0.709475,54,49,47,37,0,0,0,0,768,588,464,398
2026/02/05/15:03:54,2462.630651,0.817063,0.709475,0.817063,0.709475,54,49,47,37,0,0,0,0,768,588,464,398
2026/02/05/15:03:55,2463.631490,0.817063,0.709475,0.817063,0.709475,54,49,47,37,0,0,0,0,768,588,464,398
2026/02/05/15:03:56,2464.632267,0.817063,0.709475,0.817063,0.709475,54,49,47,37,0,0,0,0,768,588,464,398
2026/02/05/15:03:57,2465.633162,0.817063,0.709475,0.817063,0.709475,54,49,47,37,0,0,0,0,768,588,464,398
2026/02/05/15:03:58,2466.633991,0.817063,0.709475,0.817063,0.709475,54,49,47,37,0,0,0,0,768,588,464,398
2026/02/05/15:03:59,2467.634571,0.817063,0.709475,0.817063,0.709475,54,49,47,37,0,0,0,0,768,588,464,398
2026/02/05/15:04:00,2468.635368,0.817063,0.709475,0.817063,0.709475,54,49,47,37,0,0,0,0,768,588,464,398
2026/02/05/15:04:01,2469.636269,0.817063,0.709475,0.817063,0.709475,54,49,47,37,0,0,0,0,768,588,464,398
2026/02/05/15:04:02,2470.637147,0.815156,0.707409,0.815156,0.707409,54,49,47,36,0,0,0,0,768,588,464,399
2026/02/05/15:04:03,2471.642547,0.815156,0.707409,0.815156,0.707409,54,49,47,36,0,0,0,0,768,588,464,399
2026/02/05/15:04:04,2472.643362,0.815156,0.707409,0.815156,0.707409,54,49,47,36,0,0,0,0,768,588,464,399
2026/02/05/15:04:05,2473.644143,0.815156,0.707409,0.815156,0.707409,54,49,47,36,0,0,0,0,768,588,464,399
2026/02/05/15:04:06,2474.645123,0.815156,0.707409,0.815156,0.707409,54,49,47,36,0,0,0,0,768,588,464,399
2026/02/05/15:04:07,2475.645904,0.815156,0.707409,0.815156,0.707409,54,49,47,36,0,0,0,0,768,588,464,399
2026/02/05/15:04:08,2476.646661,0.815156,0.707409,0.815156,0.707409,54,49,47,36,0,0,0,0,768,588,464,399
2026/02/05/15:04:09,2477.647569,0.815156,0.707409,0.815156,0.707409,54,49,47,36,0,0,0,0,768,588,464,399
2026/02/05/15:04:10,2478.648501,0.815156,0.707409,0.815156,0.707409,54,49,47,36,0,0,0,0,768,588,464,399
2026/02/05/15:04:11,2479.649419,0.815156,0.707409,0.815156,0.707409,54,49,47,36,0,0,0,0,768,588,464,399
2026/02/05/15:04:12,2480.650463,0.815156,0.707409,0.815156,0.707409,54,49,47,36,0,0,0,0,768,588,464,399
2026/02/05/15:04:13,2481.651069,0.815156,0.707409,0.815156,0.707409,54,49,47,36,0,0,0,0,768,588,464,399
2026/02/05/15:04:14,2482.651647,0.815156,0.707409,0.815156,0.707409,54,49,47,36,0,0,0,0,768,588,464,399
2026/02/05/15:04:15,2483.652172,0.777375,0.695507,0.777375,0.695507,54,46,47,36,0,0,0,0,768,591,464,399
2026/02/05/15:04:16,2484.652842,0.782312,0.706458,0.782312,0.706458,56,46,47,36,0,0,0,0,768,591,464,399
2026/02/05/15:04:17,2485.653407,0.787656,0.712962,0.787656,0.712962,56,49,47,36,0,0,0,0,768,591,464,399
2026/02/05/15:04:18,2486.654208,0.790969,0.715887,0.790969,0.715887,56,49,48,36,0,0,0,0,768,591,464,399
2026/02/05/15:04:19,2487.654752,0.820438,0.736265,0.820438,0.736265,60,49,50,36,0,0,0,0,770,591,464,399
2026/02/05/15:04:20,2488.655374,0.817125,0.732493,0.817125,0.732493,60,47,50,36,0,0,0,0,770,593,464,399
2026/02/05/15:04:21,2489.655943,0.810094,0.726959,0.810094,0.726959,57,47,50,36,0,0,0,0,773,593,464,399
2026/02/05/15:04:22,2490.656502,0.839469,0.740626,0.839469,0.740626,56,48,52,39,0,0,0,0,778,593,464,399
2026/02/05/15:04:23,2491.657277,0.852688,0.748425,0.852688,0.748425,57,51,51,39,0,0,0,0,778,593,465,399
2026/02/05/15:04:24,2492.657944,0.841094,0.732391,0.841094,0.732391,57,51,48,38,0,0,0,0,778,593,468,400
2026/02/05/15:04:25,2493.658671,0.830688,0.726083,0.830688,0.726083,55,50,48,38,0,0,0,0,780,594,468,400
2026/02/05/15:04:26,2494.659245,0.817063,0.708179,0.817063,0.708179,55,48,48,37,0,0,0,0,780,596,468,401
2026/02/05/15:04:27,2495.660154,0.806594,0.706540,0.806594,0.706540,55,48,47,37,0,0,0,0,780,596,469,401
2026/02/05/15:04:28,2496.661052,0.803344,0.702975,0.803344,0.702975,55,47,47,37,0,0,0,0,780,597,469,401
2026/02/05/15:04:29,2497.661623,0.803344,0.702975,0.803344,0.702975,55,47,47,37,0,0,0,0,780,597,469,401
2026/02/05/15:04:30,2498.662277,0.803344,0.702975,0.803344,0.702975,55,47,47,37,0,0,0,0,780,597,469,401
2026/02/05/15:04:31,2499.663031,0.801312,0.700243,0.801312,0.700243,55,46,47,37,0,0,0,0,780,598,469,401
2026/02/05/15:04:32,2500.663607,0.799719,0.698371,0.799719,0.698371,55,46,47,36,0,0,0,0,780,598,469,402
2026/02/05/15:04:33,2501.664450,0.799719,0.698371,0.799719,0.698371,55,46,47,36,0,0,0,0,780,598,469,402
2026/02/05/15:04:34,2502.665219,0.797875,0.694109,0.797875,0.694109,54,46,47,36,0,0,0,0,781,598,469,402
2026/02/05/15:04:35,2503.666193,0.797875,0.694109,0.797875,0.694109,54,46,47,36,0,0,0,0,781,598,469,402
2026/02/05/15:04:36,2504.666894,0.794625,0.681400,0.794625,0.681400,54,44,47,36,0,0,0,0,781,600,469,402
2026/02/05/15:04:37,2505.667948,0.794625,0.681400,0.794625,0.681400,54,44,47,36,0,0,0,0,781,600,469,402
2026/02/05/15:04:38,2506.668593,0.780438,0.677638,0.780438,0.677638,53,44,47,36,0,0,0,0,782,600,469,402
2026/02/05/15:04:39,2507.669317,0.789156,0.682697,0.789156,0.682697,53,44,50,36,0,0,0,0,782,600,469,402
2026/02/05/15:04:40,2508.670043,0.787563,0.678186,0.787563,0.678186,53,43,50,36,0,0,0,0,782,601,469,402
2026/02/05/15:04:41,2509.670820,0.787563,0.678186,0.787563,0.678186,53,43,50,36,0,0,0,0,782,601,469,402
2026/02/05/15:04:42,2510.671588,0.778844,0.673128,0.778844,0.673128,53,43,47,36,0,0,0,0,782,601,472,402
2026/02/05/15:04:43,2511.672435,0.778844,0.673128,0.778844,0.673128,53,43,47,36,0,0,0,0,782,601,472,402
2026/02/05/15:04:44,2512.673219,0.778844,0.673128,0.778844,0.673128,53,43,47,36,0,0,0,0,782,601,472,402
2026/02/05/15:04:45,2513.673905,0.778844,0.673128,0.778844,0.673128,53,43,47,36,0,0,0,0,782,601,472,402
2026/02/05/15:04:46,2514.674750,0.810906,0.708835,0.810906,0.708835,55,44,50,37,0,0,0,0,782,601,472,402
2026/02/05/15:04:47,2515.675389,0.810906,0.708835,0.810906,0.708835,55,44,50,37,0,0,0,0,782,601,472,402
2026/02/05/15:04:48,2516.676157,0.810906,0.708835,0.810906,0.708835,55,44,50,37,0,0,0,0,782,601,472,402
2026/02/05/15:04:49,2517.676935,0.803719,0.701929,0.803719,0.701929,55,43,50,36,0,0,0,0,782,602,472,403
2026/02/05/15:04:50,2518.677780,0.803719,0.701929,0.803719,0.701929,55,43,50,36,0,0,0,0,782,602,472,403
2026/02/05/15:04:51,2519.678716,0.803719,0.701929,0.803719,0.701929,55,43,50,36,0,0,0,0,782,602,472,403
2026/02/05/15:04:52,2520.679446,0.803719,0.701929,0.803719,0.701929,55,43,50,36,0,0,0,0,782,602,472,403
2026/02/05/15:04:53,2521.680165,0.815719,0.720570,0.856531,0.725591,55,45,51,38,0,1,2,0,782,602,472,403
2026/02/05/15:04:54,2522.681011,0.838906,0.716944,0.838906,0.716944,55,46,50,38,0,0,0,0,782,602,475,403
2026/02/05/15:04:55,2523.681651,0.834469,0.703521,0.834469,0.703521,55,46,50,36,0,0,0,0,782,602,475,405
2026/02/05/15:04:56,2524.682261,0.799656,0.696974,0.799656,0.696974,55,44,48,36,0,0,0,0,782,604,477,405
2026/02/05/15:04:57,2525.682905,0.799656,0.696974,0.799656,0.696974,55,44,48,36,0,0,0,0,782,604,477,405
2026/02/05/15:04:58,2526.683904,0.799656,0.696974,0.799656,0.696974,55,44,48,36,0,0,0,0,782,604,477,405
2026/02/05/15:04:59,2527.684417,0.798031,0.694949,0.798031,0.694949,55,44,47,36,0,0,0,0,782,604,478,405
2026/02/05/15:05:00,2528.685436,0.798031,0.694949,0.798031,0.694949,55,44,47,36,0,0,0,0,782,604,478,405
2026/02/05/15:05:01,2529.686359,0.798031,0.694949,0.798031,0.694949,55,44,47,36,0,0,0,0,782,604,478,405
2026/02/05/15:05:02,2530.687285,0.798031,0.694949,0.798031,0.694949,55,44,47,36,0,0,0,0,782,604,478,405
2026/02/05/15:05:03,2531.688228,0.798031,0.694949,0.798031,0.694949,55,44,47,36,0,0,0,0,782,604,478,405
2026/02/05/15:05:04,2532.689180,0.778844,0.673128,0.778844,0.673128,53,43,47,36,0,0,0,0,784,605,478,405
2026/02/05/15:05:05,2533.690000,0.778844,0.673128,0.778844,0.673128,53,43,47,36,0,0,0,0,784,605,478,405
2026/02/05/15:05:06,2534.691054,0.778844,0.673128,0.778844,0.673128,53,43,47,36,0,0,0,0,784,605,478,405
2026/02/05/15:05:07,2535.691973,0.778844,0.673128,0.778844,0.673128,53,43,47,36,0,0,0,0,784,605,478,405
2026/02/05/15:05:08,2536.692552,0.778844,0.673128,0.778844,0.673128,53,43,47,36,0,0,0,0,784,605,478,405
2026/02/05/15:05:09,2537.693321,0.778844,0.673128,0.778844,0.673128,53,43,47,36,0,0,0,0,784,605,478,405
2026/02/05/15:05:10,2538.694117,0.798719,0.719353,0.798719,0.719353,56,46,47,37,0,0,0,0,784,605,478,405
2026/02/05/15:05:11,2539.694959,0.798719,0.719353,0.798719,0.719353,56,46,47,37,0,0,0,0,784,605,478,405
2026/02/05/15:05:12,2540.695761,0.784750,0.701829,0.784750,0.701829,53,46,47,36,0,0,0,0,787,605,478,406
2026/02/05/15:05:13,2541.696763,0.784750,0.701829,0.784750,0.701829,53,46,47,36,0,0,0,0,787,605,478,406
2026/02/05/15:05:14,2542.697395,0.778844,0.673128,0.778844,0.673128,53,43,47,36,0,0,0,0,787,608,478,406
2026/02/05/15:05:15,2543.698260,0.778844,0.673128,0.778844,0.673128,53,43,47,36,0,0,0,0,787,608,478,406
2026/02/05/15:05:16,2544.699212,0.778844,0.673128,0.778844,0.673128,53,43,47,36,0,0,0,0,787,608,478,406
2026/02/05/15:05:17,2545.700046,0.778844,0.673128,0.778844,0.673128,53,43,47,36,0,0,0,0,787,608,478,406
2026/02/05/15:05:18,2546.700771,0.778844,0.673128,0.778844,0.673128,53,43,47,36,0,0,0,0,787,608,478,406
2026/02/05/15:05:19,2547.701493,0.778844,0.673128,0.778844,0.673128,53,43,47,36,0,0,0,0,787,608,478,406
2026/02/05/15:05:20,2548.702184,0.778844,0.673128,0.778844,0.673128,53,43,47,36,0,0,0,0,787,608,478,406
2026/02/05/15:05:21,2549.703167,0.778844,0.673128,0.778844,0.673128,53,43,47,36,0,0,0,0,787,608,478,406
2026/02/05/15:05:22,2550.703727,0.778844,0.673128,0.778844,0.673128,53,43,47,36,0,0,0,0,787,608,478,406
2026/02/05/15:05:23,2551.704508,0.778844,0.673128,0.778844,0.673128,53,43,47,36,0,0,0,0,787,608,478,406
2026/02/05/15:05:24,2552.705131,0.778844,0.673128,0.778844,0.673128,53,43,47,36,0,0,0,0,787,608,478,406
2026/02/05/15:05:25,2553.705869,0.778844,0.673128,0.778844,0.673128,53,43,47,36,0,0,0,0,787,608,478,406
2026/02/05/15:05:26,2554.706578,0.789062,0.688216,0.789062,0.688216,53,43,50,36,0,0,0,0,787,608,478,406
2026/02/05/15:05:27,2555.707463,0.789062,0.688216,0.789062,0.688216,53,43,50,36,0,0,0,0,787,608,478,406
2026/02/05/15:05:28,2556.708184,0.789062,0.688216,0.789062,0.688216,53,43,50,36,0,0,0,0,787,608,478,406
2026/02/05/15:05:29,2557.708782,0.789062,0.688216,0.789062,0.688216,53,43,50,36,0,0,0,0,787,608,478,406
2026/02/05/15:05:30,2558.709660,0.789062,0.688216,0.789062,0.688216,53,43,50,36,0,0,0,0,787,608,478,406
2026/02/05/15:05:31,2559.710253,0.789062,0.688216,0.789062,0.688216,53,43,50,36,0,0,0,0,787,608,478,406
2026/02/05/15:05:32,2560.710978,0.789062,0.688216,0.789062,0.688216,53,43,50,36,0,0,0,0,787,608,478,406
2026/02/05/15:05:33,2561.711638,0.789062,0.688216,0.789062,0.688216,53,43,50,36,0,0,0,0,787,608,478,406
2026/02/05/15:05:34,2562.712295,0.778844,0.673128,0.778844,0.673128,53,43,47,36,0,0,0,0,787,608,481,406
2026/02/05/15:05:35,2563.712994,0.778844,0.673128,0.778844,0.673128,53,43,47,36,0,0,0,0,787,608,481,406
2026/02/05/15:05:36,2564.713769,0.778844,0.673128,0.778844,0.673128,53,43,47,36,0,0,0,0,787,608,481,406
2026/02/05/15:05:37,2565.714658,0.778844,0.673128,0.778844,0.673128,53,43,47,36,0,0,0,0,787,608,481,406
2026/02/05/15:05:38,2566.715379,0.778844,0.673128,0.778844,0.673128,53,43,47,36,0,0,0,0,787,608,481,406
2026/02/05/15:05:39,2567.716078,0.778844,0.673128,0.778844,0.673128,53,43,47,36,0,0,0,0,787,608,481,406
2026/02/05/15:05:40,2568.717048,0.773031,0.669108,0.773031,0.669108,53,43,47,34,0,0,0,0,787,608,481,408
2026/02/05/15:05:41,2569.717645,0.773031,0.669108,0.773031,0.669108,53,43,47,34,0,0,0,0,787,608,481,408
2026/02/05/15:05:42,2570.718309,0.773031,0.669108,0.773031,0.669108,53,43,47,34,0,0,0,0,787,608,481,408
2026/02/05/15:05:43,2571.718883,0.773031,0.669108,0.779281,0.670832,53,43,47,34,0,0,0,1,787,608,481,408
2026/02/05/15:05:44,2572.719467,0.819406,0.724137,0.819406,0.724137,58,45,52,35,0,0,0,0,787,608,481,408
2026/02/05/15:05:45,2573.720152,0.819406,0.724137,0.819406,0.724137,58,45,52,35,0,0,0,0,787,608,481,408
2026/02/05/15:05:46,2574.720879,0.825719,0.729533,0.825719,0.729533,59,46,52,36,0,0,0,0,787,608,481,408
2026/02/05/15:05:47,2575.721642,0.830688,0.737221,0.844125,0.739267,59,46,55,36,0,0,0,1,787,608,481,408
2026/02/05/15:05:48,2576.722280,0.827438,0.733706,0.854313,0.737798,57,46,55,36,0,0,0,2,789,608,481,408
2026/02/05/15:05:49,2577.722929,0.825438,0.731623,0.852313,0.735715,56,46,55,36,0,0,0,2,790,608,481,408
2026/02/05/15:05:50,2578.723564,0.825438,0.731623,0.825438,0.731623,56,46,55,36,0,0,0,0,790,608,481,408
2026/02/05/15:05:51,2579.724304,0.820156,0.727071,0.820156,0.727071,56,46,54,36,0,0,0,0,790,608,482,408
2026/02/05/15:05:52,2580.725005,0.820156,0.727071,0.820156,0.727071,56,46,54,36,0,0,0,0,790,608,482,408
2026/02/05/15:05:53,2581.725541,0.820156,0.727071,0.820156,0.727071,56,46,54,36,0,0,0,0,790,608,482,408
2026/02/05/15:05:54,2582.726280,0.818406,0.725369,0.818406,0.725369,56,45,54,36,0,0,0,0,790,609,482,408
2026/02/05/15:05:55,2583.727051,0.818406,0.725369,0.818406,0.725369,56,45,54,36,0,0,0,0,790,609,482,408
2026/02/05/15:05:56,2584.727700,0.828406,0.750438,0.828406,0.750438,56,43,60,36,0,0,0,0,790,611,482,408
2026/02/05/15:05:58,2585.728233,0.828406,0.750438,0.828406,0.750438,56,43,60,36,0,0,0,0,790,611,482,408
2026/02/05/15:05:59,2586.728797,0.828406,0.750438,0.828406,0.750438,56,43,60,36,0,0,0,0,790,611,482,408
2026/02/05/15:06:00,2587.729283,0.809281,0.727589,0.809281,0.727589,53,43,60,36,0,0,0,0,793,611,482,408
2026/02/05/15:06:01,2588.729916,0.794625,0.717588,0.794625,0.717588,53,43,57,35,0,0,0,0,793,611,485,409
2026/02/05/15:06:02,2589.730532,0.788250,0.704291,0.788250,0.704291,53,43,54,35,0,0,0,0,793,611,488,409
2026/02/05/15:06:03,2590.731307,0.783281,0.698617,0.783281,0.698617,53,43,51,35,0,0,0,0,793,611,491,409
2026/02/05/15:06:04,2591.732033,0.783281,0.698617,0.783281,0.698617,53,43,51,35,0,0,0,0,793,611,491,409
2026/02/05/15:06:05,2592.732978,0.774469,0.682244,0.774469,0.682244,53,43,48,35,0,0,0,0,793,611,494,409
2026/02/05/15:06:06,2593.733608,0.799781,0.708164,0.799781,0.708164,54,45,50,37,0,0,0,0,793,611,494,409
2026/02/05/15:06:07,2594.734178,0.840844,0.718699,0.880906,0.737744,55,48,50,37,5,0,1,0,793,611,494,409
2026/02/05/15:06:08,2595.734768,0.874656,0.736020,0.874656,0.736020,60,48,51,36,0,0,0,0,793,611,494,410
2026/02/05/15:06:09,2596.735572,0.843437,0.728915,0.843437,0.728915,60,45,51,36,0,0,0,0,793,614,494,410
2026/02/05/15:06:10,2597.736543,0.799156,0.715369,0.799156,0.715369,57,45,50,36,0,0,0,0,796,614,495,410
2026/02/05/15:06:11,2598.737219,0.790719,0.702069,0.805406,0.719440,53,45,50,36,2,1,2,0,800,614,495,410
2026/02/05/15:06:12,2599.737510,0.840875,0.747866,0.840875,0.747866,56,52,53,37,0,0,0,0,800,614,496,410
2026/02/05/15:06:13,2600.738346,0.853281,0.786211,0.884594,0.818267,60,50,56,35,3,0,0,0,800,616,497,412
2026/02/05/15:06:14,2601.739150,0.847938,0.761545,0.879188,0.782196,63,46,54,34,3,0,0,0,802,620,501,413
2026/02/05/15:06:15,2602.739804,0.869031,0.773557,0.906750,0.795111,62,48,54,34,3,0,0,0,806,620,501,413
2026/02/05/15:06:16,2603.740391,0.874406,0.782120,0.921781,0.806182,61,49,55,35,4,0,0,0,807,620,501,413
2026/02/05/15:06:17,2604.741259,0.869687,0.779434,0.917063,0.803496,61,49,55,34,4,0,0,0,807,620,501,414
2026/02/05/15:06:18,2605.742040,0.893000,0.794921,0.940375,0.818984,61,52,57,36,4,0,0,0,807,620,501,414
2026/02/05/15:06:19,2606.742787,0.893000,0.794921,0.940375,0.818984,61,52,57,36,4,0,0,0,807,620,501,414
2026/02/05/15:06:20,2607.743455,0.879750,0.775960,0.907813,0.795005,59,49,55,36,2,0,0,0,811,623,503,414
2026/02/05/15:06:21,2608.760262,0.903000,0.822859,0.917031,0.832382,64,49,53,41,1,0,0,0,811,623,507,414
2026/02/05/15:06:22,2609.760820,0.908469,0.836904,0.960594,0.863616,67,49,53,41,4,0,3,0,811,623,507,414
2026/02/05/15:06:23,2610.761407,0.916813,0.849240,0.974344,0.879508,71,50,53,41,6,0,2,0,812,623,507,415
2026/02/05/15:06:24,2611.761930,0.912656,0.834607,0.945562,0.881513,69,50,53,40,5,0,0,0,815,623,507,416
2026/02/05/15:06:25,2612.762692,0.902813,0.827728,0.935719,0.874634,65,50,53,40,5,0,0,0,819,623,507,416
2026/02/05/15:06:26,2613.763327,0.884281,0.794239,0.913375,0.811083,64,50,51,37,3,0,0,0,822,623,509,419
2026/02/05/15:06:27,2614.763903,0.899344,0.801560,0.913375,0.811083,66,50,51,37,1,0,0,0,822,623,509,419
2026/02/05/15:06:28,2615.764606,0.899344,0.801560,0.913375,0.811083,66,50,51,37,1,0,0,0,822,623,509,419
2026/02/05/15:06:29,2616.765346,0.878656,0.761933,0.892687,0.771455,64,47,51,37,1,0,0,0,824,626,509,419
2026/02/05/15:06:30,2617.765855,0.872531,0.760138,0.886563,0.769661,63,47,51,37,1,0,0,0,825,626,509,419
2026/02/05/15:06:31,2618.766442,0.894344,0.787362,0.908375,0.796885,67,49,51,37,1,0,0,0,825,626,509,419
2026/02/05/15:06:32,2619.767074,0.892281,0.800852,0.906312,0.810375,65,52,51,38,1,0,0,0,827,626,509,419
2026/02/05/15:06:33,2620.767687,0.903156,0.807780,0.917188,0.817303,65,52,53,38,1,0,0,0,827,626,509,419
2026/02/05/15:06:34,2621.768498,0.874469,0.768852,0.888500,0.778375,62,50,53,37,1,0,0,0,830,628,509,420
2026/02/05/15:06:35,2622.769187,0.866156,0.760951,0.880188,0.770474,62,50,51,37,1,0,0,0,830,628,511,420
2026/02/05/15:06:36,2623.770133,0.862281,0.748854,0.876313,0.758377,60,50,51,37,1,0,0,0,832,628,511,420
2026/02/05/15:06:37,2624.770759,0.858719,0.745080,0.872750,0.754603,58,50,51,37,1,0,0,0,834,628,511,420
2026/02/05/15:06:38,2625.771535,0.847844,0.738153,0.861875,0.747676,58,50,49,37,1,0,0,0,834,628,513,420
2026/02/05/15:06:39,2626.772134,0.847844,0.738153,0.861875,0.747676,58,50,49,37,1,0,0,0,834,628,513,420
2026/02/05/15:06:40,2627.773005,0.847844,0.738153,0.861875,0.747676,58,50,49,37,1,0,0,0,834,628,513,420
2026/02/05/15:06:41,2628.773717,0.861344,0.746705,0.875375,0.756227,58,52,49,37,1,0,0,0,834,628,513,420
2026/02/05/15:06:42,2629.774316,0.881844,0.762458,0.895875,0.771980,62,54,50,38,1,0,0,0,834,630,513,420
2026/02/05/15:06:43,2630.775060,0.881844,0.762458,0.895875,0.771980,62,54,50,38,1,0,0,0,834,630,513,420
2026/02/05/15:06:44,2631.775843,0.891281,0.779066,0.905312,0.788589,63,57,51,38,1,0,0,0,834,630,513,420
2026/02/05/15:06:45,2632.776476,0.890906,0.778653,0.904937,0.788176,64,57,50,38,1,0,0,0,834,630,514,420
2026/02/05/15:06:46,2633.777048,0.879469,0.769322,0.893500,0.778845,62,55,50,38,1,0,0,0,836,632,514,420
2026/02/05/15:06:47,2634.777788,0.872188,0.754381,0.886219,0.763904,62,52,49,38,1,0,0,0,836,635,515,420
2026/02/05/15:06:48,2635.778570,0.867062,0.751149,0.881094,0.760671,61,51,49,38,1,0,0,0,837,636,515,420
2026/02/05/15:06:49,2636.779325,0.867062,0.751149,0.881094,0.760671,61,51,49,38,1,0,0,0,837,636,515,420
2026/02/05/15:06:50,2637.780018,0.862125,0.744981,0.876156,0.754503,59,51,49,38,1,0,0,0,839,636,515,420
2026/02/05/15:06:51,2638.780740,0.882812,0.769279,0.896844,0.778802,62,51,52,38,1,0,0,0,839,636,515,420
2026/02/05/15:06:52,2639.781450,0.881219,0.765306,0.895250,0.774829,62,50,52,38,1,0,0,0,839,637,515,420
2026/02/05/15:06:53,2640.782023,0.873781,0.760426,0.887813,0.769948,62,50,52,36,1,0,0,0,839,637,515,422
2026/02/05/15:06:54,2641.782648,0.845125,0.737320,0.859156,0.746843,60,48,49,36,1,0,0,0,841,639,518,422
2026/02/05/15:06:55,2642.783236,0.842031,0.728143,0.856062,0.737666,59,48,49,36,1,0,0,0,842,639,518,422
2026/02/05/15:06:56,2643.783666,0.842031,0.728143,0.856062,0.737666,59,48,49,36,1,0,0,0,842,639,518,422
2026/02/05/15:06:57,2644.784192,0.854031,0.735713,0.854031,0.735713,60,48,49,35,0,0,0,0,844,639,518,423
2026/02/05/15:06:58,2645.784783,0.854031,0.735713,0.854031,0.735713,60,48,49,35,0,0,0,0,844,639,518,423
2026/02/05/15:06:59,2646.785347,0.854031,0.735713,0.854031,0.735713,60,48,49,35,0,0,0,0,844,639,518,423
2026/02/05/15:07:00,2647.785964,0.854031,0.735713,0.854031,0.735713,60,48,49,35,0,0,0,0,844,639,518,423
2026/02/05/15:07:01,2648.786623,0.854031,0.735713,0.854031,0.735713,60,48,49,35,0,0,0,0,844,639,518,423
2026/02/05/15:07:02,2649.787276,0.854031,0.735713,0.854031,0.735713,60,48,49,35,0,0,0,0,844,639,518,423
2026/02/05/15:07:03,2650.788061,0.854031,0.735713,0.854031,0.735713,60,48,49,35,0,0,0,0,844,639,518,423
2026/02/05/15:07:04,2651.788771,0.854031,0.735713,0.854031,0.735713,60,48,49,35,0,0,0,0,844,639,518,423
2026/02/05/15:07:05,2652.789444,0.854031,0.735713,0.854031,0.735713,60,48,49,35,0,0,0,0,844,639,518,423
2026/02/05/15:07:06,2653.790196,0.854031,0.735713,0.854031,0.735713,60,48,49,35,0,0,0,0,844,639,518,423
2026/02/05/15:07:07,2654.790773,0.854031,0.735713,0.854031,0.735713,60,48,49,35,0,0,0,0,844,639,518,423
2026/02/05/15:07:08,2655.791519,0.854031,0.735713,0.854031,0.735713,60,48,49,35,0,0,0,0,844,639,518,423
2026/02/05/15:07:09,2656.792151,0.852437,0.734059,0.852437,0.734059,60,47,49,35,0,0,0,0,844,640,518,423
2026/02/05/15:07:10,2657.792972,0.852437,0.734059,0.852437,0.734059,60,47,49,35,0,0,0,0,844,640,518,423
2026/02/05/15:07:11,2658.793658,0.852437,0.734059,0.852437,0.734059,60,47,49,35,0,0,0,0,844,640,518,423
2026/02/05/15:07:12,2659.794455,0.852437,0.734059,0.852437,0.734059,60,47,49,35,0,0,0,0,844,640,518,423
2026/02/05/15:07:13,2660.795078,0.852437,0.734059,0.852437,0.734059,60,47,49,35,0,0,0,0,844,640,518,423
2026/02/05/15:07:14,2661.795646,0.868313,0.757255,0.868313,0.757255,60,52,49,35,0,0,0,0,844,640,518,423
2026/02/05/15:07:15,2662.796461,0.868313,0.757255,0.868313,0.757255,60,52,49,35,0,0,0,0,844,640,518,423
2026/02/05/15:07:16,2663.797310,0.860125,0.742179,0.860125,0.742179,60,50,49,35,0,0,0,0,844,642,518,423
2026/02/05/15:07:17,2664.802474,0.858406,0.740202,0.858406,0.740202,59,50,49,35,0,0,0,0,845,642,518,423
2026/02/05/15:07:18,2665.803116,0.858406,0.740202,0.858406,0.740202,59,50,49,35,0,0,0,0,845,642,518,423
2026/02/05/15:07:19,2666.803847,0.858406,0.740202,0.858406,0.740202,59,50,49,35,0,0,0,0,845,642,518,423
2026/02/05/15:07:20,2667.804595,0.900219,0.793466,0.907062,0.798336,67,50,50,39,1,0,0,0,845,642,518,423
2026/02/05/15:07:21,2668.805263,0.900219,0.793466,0.910062,0.813771,67,50,50,39,1,1,0,0,845,642,518,423
2026/02/05/15:07:22,2669.805932,0.900219,0.793466,0.907062,0.798336,67,50,50,39,1,0,0,0,845,642,518,423
2026/02/05/15:07:23,2670.806621,0.900219,0.793466,0.900219,0.793466,67,50,50,39,0,0,0,0,845,642,518,423
2026/02/05/15:07:24,2671.807347,0.900219,0.793466,0.900219,0.793466,67,50,50,39,0,0,0,0,845,642,518,423
2026/02/05/15:07:25,2672.808159,0.894219,0.782720,0.894219,0.782720,67,49,50,38,0,0,0,0,845,643,518,424
2026/02/05/15:07:26,2673.809027,0.892500,0.780503,0.892500,0.780503,67,49,49,38,0,0,0,0,845,643,519,424
2026/02/05/15:07:27,2674.809799,0.897281,0.777995,0.897281,0.777995,65,49,52,38,0,0,0,0,847,646,519,424
2026/02/05/15:07:28,2675.810368,0.915250,0.798122,0.915250,0.798122,67,54,52,38,0,0,0,0,847,646,519,424
2026/02/05/15:07:29,2676.811052,0.926844,0.813675,0.926844,0.813675,65,59,53,38,0,0,0,0,849,646,519,424
2026/02/05/15:07:30,2677.811661,0.913969,0.800575,0.913969,0.800575,65,58,50,38,0,0,0,0,849,647,522,424
2026/02/05/15:07:31,2678.812252,0.907781,0.787412,0.907781,0.787412,65,55,50,38,0,0,0,0,849,650,522,424
2026/02/05/15:07:32,2679.813007,0.908062,0.784155,0.924562,0.787785,65,53,50,38,0,2,0,0,849,653,522,424
2026/02/05/15:07:33,2680.813649,0.931469,0.804280,0.959187,0.812518,66,55,55,38,0,2,0,2,849,653,522,424
2026/02/05/15:07:34,2681.814165,0.937813,0.810996,1.010719,0.833415,68,55,56,38,3,6,0,2,849,653,522,424
2026/02/05/15:07:35,2682.814692,0.934063,0.802240,0.997031,0.820087,69,54,52,39,3,5,0,1,849,655,526,424
2026/02/05/15:07:36,2683.815447,0.929750,0.797540,0.969375,0.809357,67,54,52,39,0,5,0,1,851,655,526,424
2026/02/05/15:07:37,2684.816161,0.925813,0.793888,0.965437,0.805704,66,54,52,39,0,5,0,1,852,655,526,424
2026/02/05/15:07:38,2685.816872,0.928250,0.799742,0.967875,0.811559,66,54,53,39,0,5,0,1,852,655,526,424
2026/02/05/15:07:39,2686.820941,0.937406,0.811314,1.030281,0.836437,66,54,55,42,6,3,1,1,852,656,526,424
2026/02/05/15:07:40,2687.821552,0.935125,0.809537,1.021562,0.832710,66,54,54,42,6,3,1,0,852,656,527,424
2026/02/05/15:07:41,2688.822135,0.926125,0.805093,1.006375,0.825681,67,54,50,42,5,3,1,0,852,656,531,424
2026/02/05/15:07:42,2689.822822,0.916750,0.793675,0.997000,0.814263,66,52,49,42,5,3,1,0,853,658,532,424
2026/02/05/15:07:43,2690.823540,0.911687,0.785440,0.991938,0.806027,66,52,49,39,5,3,1,0,853,658,532,427
2026/02/05/15:07:44,2691.824409,0.911875,0.785264,0.973375,0.798269,65,53,49,39,3,2,1,0,854,658,532,427
2026/02/05/15:07:45,2692.825015,0.914813,0.786014,0.948625,0.792825,66,52,49,39,2,0,1,0,854,659,532,427
2026/02/05/15:07:46,2693.825741,0.903625,0.783449,0.915063,0.785131,65,52,49,39,0,0,1,0,855,659,532,427
2026/02/05/15:07:47,2694.826504,0.903625,0.783449,0.915063,0.785131,65,52,49,39,0,0,1,0,855,659,532,427
2026/02/05/15:07:48,2695.827319,0.903625,0.783449,0.915063,0.785131,65,52,49,39,0,0,1,0,855,659,532,427
2026/02/05/15:07:49,2696.827938,0.903625,0.783449,0.915063,0.785131,65,52,49,39,0,0,1,0,855,659,532,427
2026/02/05/15:07:50,2697.828740,0.925781,0.811870,0.942219,0.816236,69,52,51,42,1,0,1,0,855,660,532,427
2026/02/05/15:07:51,2698.829291,0.927750,0.814236,0.956469,0.822366,69,53,51,42,2,1,1,0,855,660,532,427
2026/02/05/15:07:52,2699.830040,0.912000,0.799928,0.931187,0.803331,67,52,51,39,1,0,1,0,857,662,532,430
2026/02/05/15:07:53,2700.830649,0.901469,0.787070,0.920656,0.790473,67,51,49,39,1,0,1,0,857,663,534,430
2026/02/05/15:07:54,2701.831501,0.901469,0.787070,0.920656,0.790473,67,51,49,39,1,0,1,0,857,663,534,430
2026/02/05/15:07:55,2702.832161,0.905344,0.785454,0.916781,0.787135,66,51,49,39,0,0,1,0,859,663,534,430
2026/02/05/15:07:56,2703.832855,0.905344,0.785454,0.916781,0.787135,66,51,49,39,0,0,1,0,859,663,534,430
2026/02/05/15:07:57,2704.833539,0.905344,0.785454,0.916781,0.787135,66,51,49,39,0,0,1,0,859,663,534,430
2026/02/05/15:07:58,2705.834350,0.903375,0.783088,0.914813,0.784769,66,50,49,39,0,0,1,0,859,664,534,430
2026/02/05/15:07:59,2706.835152,0.903375,0.783088,0.914813,0.784769,66,50,49,39,0,0,1,0,859,664,534,430
2026/02/05/15:08:00,2707.835539,0.903375,0.783088,0.914813,0.784769,66,50,49,39,0,0,1,0,859,664,534,430
2026/02/05/15:08:01,2708.836254,0.903375,0.783088,0.914813,0.784769,66,50,49,39,0,0,1,0,859,664,534,430
2026/02/05/15:08:02,2709.836906,0.897938,0.772266,0.909375,0.773947,63,50,49,39,0,0,1,0,862,664,534,430
2026/02/05/15:08:03,2710.837696,0.890188,0.770545,0.901625,0.772226,62,50,49,39,0,0,1,0,863,664,534,430
2026/02/05/15:08:04,2711.838482,0.890188,0.770545,0.901625,0.772226,62,50,49,39,0,0,1,0,863,664,534,430
2026/02/05/15:08:05,2712.839290,0.890188,0.770545,0.901625,0.772226,62,50,49,39,0,0,1,0,863,664,534,430
2026/02/05/15:08:06,2713.839875,0.890188,0.770545,0.901625,0.772226,62,50,49,39,0,0,1,0,863,664,534,430
2026/02/05/15:08:07,2714.840631,0.890188,0.770545,0.901625,0.772226,62,50,49,39,0,0,1,0,863,664,534,430
2026/02/05/15:08:08,2715.841329,0.890188,0.770545,0.901625,0.772226,62,50,49,39,0,0,1,0,863,664,534,430
2026/02/05/15:08:09,2716.842155,0.890188,0.770545,0.901625,0.772226,62,50,49,39,0,0,1,0,863,664,534,430
2026/02/05/15:08:10,2717.842787,0.890188,0.770545,0.901625,0.772226,62,50,49,39,0,0,1,0,863,664,534,430
2026/02/05/15:08:11,2718.843349,0.890188,0.770545,0.901625,0.772226,62,50,49,39,0,0,1,0,863,664,534,430
2026/02/05/15:08:12,2719.844021,0.890188,0.770545,0.901625,0.772226,62,50,49,39,0,0,1,0,863,664,534,430
2026/02/05/15:08:13,2720.844632,0.890188,0.770545,0.901625,0.772226,62,50,49,39,0,0,1,0,863,664,534,430
2026/02/05/15:08:14,2721.845316,0.890188,0.770545,0.901625,0.772226,62,50,49,39,0,0,1,0,863,664,534,430
2026/02/05/15:08:15,2722.846038,0.890188,0.770545,0.901625,0.772226,62,50,49,39,0,0,1,0,863,664,534,430
2026/02/05/15:08:16,2723.846726,0.890188,0.770545,0.901625,0.772226,62,50,49,39,0,0,1,0,863,664,534,430
2026/02/05/15:08:17,2724.847352,0.902250,0.792699,0.913687,0.794380,65,49,49,40,0,0,1,0,863,665,534,430
2026/02/05/15:08:18,2725.847909,0.902250,0.792699,0.913687,0.794380,65,49,49,40,0,0,1,0,863,665,534,430
2026/02/05/15:08:19,2726.848465,0.914875,0.820860,0.926312,0.822541,67,51,51,40,0,0,1,0,863,665,534,430
2026/02/05/15:08:20,2727.849033,0.914875,0.820860,0.926312,0.822541,67,51,51,40,0,0,1,0,863,665,534,430
2026/02/05/15:08:21,2728.849614,0.911125,0.815820,0.922562,0.817501,67,49,51,40,0,0,1,0,863,667,534,430
2026/02/05/15:08:22,2729.850390,0.906937,0.796365,0.918375,0.798046,67,49,49,40,0,0,1,0,863,667,536,430
2026/02/05/15:08:23,2730.851227,0.903937,0.790360,0.915375,0.792042,67,48,49,40,0,0,1,0,863,668,536,430
2026/02/05/15:08:24,2731.851937,0.903937,0.790360,0.915375,0.792042,67,48,49,40,0,0,1,0,863,668,536,430
2026/02/05/15:08:25,2732.852599,0.903937,0.790360,0.915375,0.792042,67,48,49,40,0,0,1,0,863,668,536,430
2026/02/05/15:08:26,2733.853482,0.903937,0.790360,0.915375,0.792042,67,48,49,40,0,0,1,0,863,668,536,430
2026/02/05/15:08:27,2734.854334,0.903937,0.790360,0.915375,0.792042,67,48,49,40,0,0,1,0,863,668,536,430
2026/02/05/15:08:28,2735.854974,0.903937,0.790360,0.915375,0.792042,67,48,49,40,0,0,1,0,863,668,536,430
2026/02/05/15:08:29,2736.855538,0.894188,0.770525,0.905625,0.772206,64,48,49,40,0,0,1,0,866,668,536,430
2026/02/05/15:08:30,2737.856040,0.894188,0.770525,0.905625,0.772206,64,48,49,40,0,0,1,0,866,668,536,430
2026/02/05/15:08:31,2738.856555,0.894188,0.770525,0.905625,0.772206,64,48,49,40,0,0,1,0,866,668,536,430
2026/02/05/15:08:32,2739.857155,0.894188,0.770525,0.905625,0.772206,64,48,49,40,0,0,1,0,866,668,536,430
2026/02/05/15:08:33,2740.857726,0.894188,0.770525,0.905625,0.772206,64,48,49,40,0,0,1,0,866,668,536,430
2026/02/05/15:08:34,2741.858466,0.894188,0.770525,0.905625,0.772206,64,48,49,40,0,0,1,0,866,668,536,430
2026/02/05/15:08:35,2742.859169,0.894188,0.770525,0.905625,0.772206,64,48,49,40,0,0,1,0,866,668,536,430
2026/02/05/15:08:36,2743.859875,0.894188,0.770525,0.905625,0.772206,64,48,49,40,0,0,1,0,866,668,536,430
2026/02/05/15:08:37,2744.860570,0.894188,0.770525,0.905625,0.772206,64,48,49,40,0,0,1,0,866,668,536,430
2026/02/05/15:08:38,2745.861331,0.891938,0.768820,0.903375,0.770502,64,47,49,40,0,0,1,0,866,669,536,430
2026/02/05/15:08:39,2746.862014,0.891938,0.768820,0.903375,0.770502,64,47,49,40,0,0,1,0,866,669,536,430
2026/02/05/15:08:40,2747.862770,0.891938,0.768820,0.903375,0.770502,64,47,49,40,0,0,1,0,866,669,536,430
2026/02/05/15:08:41,2748.863489,0.899469,0.777376,0.910906,0.779058,65,49,49,40,0,0,1,0,866,669,536,430
2026/02/05/15:08:42,2749.864170,0.912312,0.812914,0.923750,0.814596,68,50,51,40,0,0,1,0,866,669,536,430
2026/02/05/15:08:43,2750.864794,0.912312,0.812914,0.923750,0.814596,68,50,51,40,0,0,1,0,866,669,536,430
2026/02/05/15:08:44,2751.865372,0.904781,0.804358,0.916219,0.806040,67,48,51,40,0,0,1,0,867,671,536,430
2026/02/05/15:08:45,2752.866003,0.904781,0.804358,0.916219,0.806040,67,48,51,40,0,0,1,0,867,671,536,430
2026/02/05/15:08:46,2753.866685,0.904781,0.804358,0.916219,0.806040,67,48,51,40,0,0,1,0,867,671,536,430
2026/02/05/15:08:47,2754.867259,0.904781,0.804358,0.916219,0.806040,67,48,51,40,0,0,1,0,867,671,536,430
2026/02/05/15:08:48,2755.867848,0.904781,0.804358,0.916219,0.806040,67,48,51,40,0,0,1,0,867,671,536,430
2026/02/05/15:08:49,2756.868438,0.904781,0.804358,0.916219,0.806040,67,48,51,40,0,0,1,0,867,671,536,430
2026/02/05/15:08:50,2757.869162,0.906844,0.806504,0.918281,0.808185,68,48,51,40,0,0,1,0,867,671,536,430
2026/02/05/15:08:51,2758.869999,0.902031,0.797160,0.902031,0.797160,68,48,50,39,0,0,0,0,867,671,538,431
2026/02/05/15:08:52,2759.870648,0.897531,0.791216,0.897531,0.791216,68,48,50,38,0,0,0,0,867,671,538,432
2026/02/05/15:08:53,2760.871398,0.890594,0.781400,0.890594,0.781400,69,45,50,38,0,0,0,0,867,674,538,432
2026/02/05/15:08:54,2761.872208,0.873812,0.765167,0.873812,0.765167,68,45,50,35,0,0,0,0,868,674,538,435
2026/02/05/15:08:55,2762.872788,0.873812,0.765167,0.873812,0.765167,68,45,50,35,0,0,0,0,868,674,538,435
2026/02/05/15:08:56,2763.873547,0.871844,0.763487,0.871844,0.763487,67,45,50,35,0,0,0,0,869,674,538,435
2026/02/05/15:08:57,2764.874163,0.867156,0.759821,0.867156,0.759821,65,45,50,35,0,0,0,0,871,674,538,435
2026/02/05/15:08:58,2765.874955,0.878750,0.785608,0.878750,0.785608,67,48,50,36,0,0,0,0,871,674,538,435
2026/02/05/15:08:59,2766.875531,0.888437,0.812415,0.888437,0.812415,67,49,52,38,0,0,0,0,871,674,538,435
2026/02/05/15:09:00,2767.875994,0.886219,0.803371,0.886219,0.803371,67,48,52,38,0,0,0,0,871,675,538,435
2026/02/05/15:09:01,2768.876657,0.897156,0.826221,0.906188,0.827951,68,51,52,39,1,0,0,0,871,675,538,435
2026/02/05/15:09:02,2769.877272,0.897312,0.805914,0.897312,0.805914,67,51,52,37,0,0,0,0,873,675,538,437
2026/02/05/15:09:03,2770.877885,0.897312,0.805914,0.897312,0.805914,67,51,52,37,0,0,0,0,873,675,538,437
2026/02/05/15:09:04,2771.878660,0.897312,0.805914,0.897312,0.805914,67,51,52,37,0,0,0,0,873,675,538,437
2026/02/05/15:09:05,2772.879332,0.892531,0.787181,0.892531,0.787181,67,48,52,37,0,0,0,0,873,678,538,437
2026/02/05/15:09:06,2773.880006,0.881094,0.785500,0.881094,0.785500,67,48,51,37,0,0,0,0,873,678,539,437
2026/02/05/15:09:07,2774.880644,0.881094,0.785500,0.881094,0.785500,67,48,51,37,0,0,0,0,873,678,539,437
2026/02/05/15:09:08,2775.881201,0.902563,0.804618,0.902563,0.804618,72,48,51,37,0,0,0,0,873,678,539,437
2026/02/05/15:09:09,2776.881753,0.910719,0.817201,0.916219,0.823575,72,49,52,37,0,0,1,0,873,678,539,437
2026/02/05/15:09:10,2777.882279,0.912531,0.819265,0.939813,0.853808,72,50,52,37,2,1,1,0,873,678,539,437
2026/02/05/15:09:11,2778.932798,0.927469,0.831108,1.012156,0.932429,72,55,51,37,7,4,0,3,873,678,540,437
2026/02/05/15:09:12,2779.933388,0.926344,0.832322,1.040375,0.929737,72,55,49,38,9,3,0,4,873,678,542,437
2026/02/05/15:09:13,2780.934152,0.922937,0.834798,1.113563,0.983185,71,55,49,39,10,6,0,9,875,679,542,437
2026/02/05/15:09:14,2781.934732,0.930906,0.842835,1.113438,0.981119,72,56,49,40,10,5,0,8,876,680,542,437
2026/02/05/15:09:15,2782.935166,0.930906,0.842835,1.061250,0.955560,72,56,49,40,10,3,0,5,876,680,542,437
2026/02/05/15:09:16,2783.935765,0.933969,0.851951,1.042750,0.916675,71,56,49,41,9,0,0,4,878,680,542,437
2026/02/05/15:09:17,2784.936502,0.928906,0.850348,1.005437,0.903390,71,55,49,41,9,0,0,1,878,681,542,437
2026/02/05/15:09:18,2785.937221,0.931594,0.849738,0.990906,0.887792,70,55,49,42,7,0,0,0,880,681,542,437
2026/02/05/15:09:19,2786.937877,0.931594,0.849738,0.965250,0.871468,70,55,49,42,4,0,0,0,880,681,542,437
2026/02/05/15:09:20,2787.957786,0.950594,0.864681,0.999531,0.905664,75,55,49,45,6,0,1,0,880,681,542,437
2026/02/05/15:09:21,2788.958413,0.956438,0.888048,0.993500,0.923660,77,57,52,43,4,0,1,0,880,681,542,439
2026/02/05/15:09:22,2789.958900,0.956438,0.888048,0.993500,0.923660,77,57,52,43,4,0,1,0,880,681,542,439
2026/02/05/15:09:23,2790.959428,0.940281,0.865303,0.973469,0.893061,76,55,49,43,3,0,1,0,882,683,545,439
2026/02/05/15:09:24,2791.960015,0.938594,0.861972,0.971781,0.889730,76,55,49,42,3,0,1,0,882,683,545,440
2026/02/05/15:09:25,2792.960592,0.938594,0.861972,0.971781,0.889730,76,55,49,42,3,0,1,0,882,683,545,440
2026/02/05/15:09:26,2793.961176,0.938594,0.861972,0.971781,0.889730,76,55,49,42,3,0,1,0,882,683,545,440
2026/02/05/15:09:27,2794.961910,0.938594,0.861972,0.971781,0.889730,76,55,49,42,3,0,1,0,882,683,545,440
2026/02/05/15:09:28,2795.962497,0.934844,0.857130,0.968031,0.884887,76,53,49,42,3,0,1,0,882,685,545,440
2026/02/05/15:09:29,2796.963078,0.934844,0.857130,0.968031,0.884887,76,53,49,42,3,0,1,0,882,685,545,440
2026/02/05/15:09:30,2797.963787,0.933125,0.848686,0.966313,0.876444,76,52,49,42,3,0,1,0,882,686,545,440
2026/02/05/15:09:31,2798.964594,0.936281,0.850714,1.014094,0.894140,77,52,49,42,3,0,4,0,882,686,545,440
2026/02/05/15:09:32,2799.965161,0.936281,0.850714,1.005500,0.892143,77,52,49,42,2,0,4,0,882,686,545,440
2026/02/05/15:09:33,2800.965843,0.936281,0.850714,1.005500,0.892143,77,52,49,42,2,0,4,0,882,686,545,440
2026/02/05/15:09:34,2801.966717,0.933125,0.848686,1.002344,0.890116,76,52,49,42,2,0,4,0,883,686,545,440
2026/02/05/15:09:35,2802.967339,0.925813,0.831500,0.995031,0.872929,73,52,49,42,2,0,4,0,886,686,545,440
2026/02/05/15:09:36,2803.968132,0.925813,0.831500,0.995031,0.872929,73,52,49,42,2,0,4,0,886,686,545,440
2026/02/05/15:09:37,2804.968691,0.925813,0.831500,0.995031,0.872929,73,52,49,42,2,0,4,0,886,686,545,440
2026/02/05/15:09:38,2805.969518,0.925813,0.831500,0.995031,0.872929,73,52,49,42,2,0,4,0,886,686,545,440
2026/02/05/15:09:39,2806.970263,0.925813,0.831500,0.995031,0.872929,73,52,49,42,2,0,4,0,886,686,545,440
2026/02/05/15:09:40,2807.970828,0.916250,0.827099,0.940844,0.852859,73,52,49,40,2,0,1,0,886,686,545,442
2026/02/05/15:09:41,2808.971414,0.911312,0.823554,0.935906,0.849314,71,52,49,40,2,0,1,0,888,686,545,442
2026/02/05/15:09:42,2809.972169,0.911312,0.823554,0.935906,0.849314,71,52,49,40,2,0,1,0,888,686,545,442
2026/02/05/15:09:43,2810.972698,0.899687,0.799991,0.924281,0.825751,68,52,49,40,2,0,1,0,891,686,545,442
2026/02/05/15:09:44,2811.973267,0.899687,0.799991,0.924281,0.825751,68,52,49,40,2,0,1,0,891,686,545,442
2026/02/05/15:09:45,2812.973845,0.922844,0.812376,0.971187,0.847731,70,51,49,43,2,2,1,0,891,689,545,442
2026/02/05/15:09:46,2813.974539,0.922844,0.812376,0.971187,0.847731,70,51,49,43,2,2,1,0,891,689,545,442
2026/02/05/15:09:47,2814.975358,0.929875,0.819906,0.978219,0.855262,70,54,49,43,2,2,1,0,891,689,545,442
2026/02/05/15:09:48,2815.975895,0.924906,0.827466,0.973250,0.862822,73,52,49,43,2,2,1,0,891,691,545,442
2026/02/05/15:09:49,2816.976609,0.920719,0.823654,0.969063,0.859010,73,52,49,41,2,2,1,0,891,691,545,444
2026/02/05/15:09:50,2817.977408,0.920719,0.823654,0.969063,0.859010,73,52,49,41,2,2,1,0,891,691,545,444
2026/02/05/15:09:51,2818.978060,0.928594,0.835152,1.003750,0.885106,73,53,51,41,2,2,4,0,891,691,545,444
2026/02/05/15:09:52,2819.978699,0.915562,0.818552,0.990719,0.868506,70,53,51,40,2,2,4,0,894,691,545,445
2026/02/05/15:09:53,2820.979460,0.915562,0.818552,0.990719,0.868506,70,53,51,40,2,2,4,0,894,691,545,445
2026/02/05/15:09:54,2821.980070,0.915562,0.818552,0.963906,0.853907,70,53,51,40,2,2,1,0,894,691,545,445
2026/02/05/15:09:55,2822.980690,0.920500,0.809395,0.965437,0.830869,69,52,54,37,2,2,0,0,895,692,545,448
2026/02/05/15:09:56,2823.981251,0.920500,0.809395,0.965437,0.830869,69,52,54,37,2,2,0,0,895,692,545,448
2026/02/05/15:09:57,2824.982029,0.915750,0.808699,0.948812,0.825375,67,53,54,37,2,1,0,0,897,692,545,448
2026/02/05/15:09:58,2825.982631,0.915750,0.808699,0.948812,0.825375,67,53,54,37,2,1,0,0,897,692,545,448
2026/02/05/15:09:59,2826.983424,0.915750,0.808699,0.948812,0.825375,67,53,54,37,2,1,0,0,897,692,545,448
2026/02/05/15:10:00,2827.983914,0.908719,0.801168,0.941781,0.817844,67,50,54,37,2,1,0,0,897,695,545,448
2026/02/05/15:10:01,2828.984480,0.924031,0.811948,0.969344,0.830972,67,50,58,37,2,2,0,0,897,695,545,448
2026/02/05/15:10:02,2829.985246,0.924031,0.811948,0.969344,0.830972,67,50,58,37,2,2,0,0,897,695,545,448
2026/02/05/15:10:03,2830.985947,0.913281,0.806147,0.964344,0.839438,67,50,56,37,3,2,0,0,897,695,547,448
2026/02/05/15:10:04,2831.986501,0.913281,0.806147,0.964344,0.839438,67,50,56,37,3,2,0,0,897,695,547,448
2026/02/05/15:10:05,2832.986998,0.913281,0.806147,0.968375,0.830536,67,50,56,37,2,3,0,0,897,695,547,448
2026/02/05/15:10:06,2833.987573,0.913281,0.806147,0.956125,0.828188,67,50,56,37,2,2,0,0,897,695,547,448
2026/02/05/15:10:07,2834.988162,0.913281,0.806147,0.956125,0.828188,67,50,56,37,2,2,0,0,897,695,547,448
2026/02/05/15:10:08,2835.988745,0.913281,0.806147,0.956125,0.828188,67,50,56,37,2,2,0,0,897,695,547,448
2026/02/05/15:10:09,2836.989298,0.910563,0.798614,0.943625,0.815289,67,50,55,37,2,1,0,0,897,696,548,448
2026/02/05/15:10:10,2837.989798,0.910563,0.798614,0.943625,0.815289,67,50,55,37,2,1,0,0,897,696,548,448
2026/02/05/15:10:11,2838.990393,0.906844,0.788966,0.928031,0.800844,67,50,53,37,2,0,0,0,897,697,550,448
2026/02/05/15:10:12,2839.991180,0.921531,0.814574,0.942719,0.826452,68,52,53,37,2,0,0,0,897,697,550,448
2026/02/05/15:10:13,2840.992051,0.921531,0.814574,0.942719,0.826452,68,52,53,37,2,0,0,0,897,697,550,448
2026/02/05/15:10:14,2841.992721,0.933469,0.842978,0.962531,0.860408,68,55,53,40,5,0,0,0,897,697,550,448
2026/02/05/15:10:15,2842.993300,0.935781,0.843523,0.956969,0.855401,70,55,53,40,2,0,0,0,898,697,550,448
2026/02/05/15:10:16,2843.993993,0.943844,0.852733,0.967562,0.879059,71,55,55,40,2,1,0,0,898,697,550,448
2026/02/05/15:10:17,2844.994769,0.927562,0.826439,0.951281,0.852765,69,50,55,42,2,1,0,0,901,702,550,448
2026/02/05/15:10:18,2845.995413,0.947031,0.838681,0.975844,0.868140,69,50,55,47,2,1,0,1,902,702,550,448
2026/02/05/15:10:19,2846.996177,0.945937,0.834220,0.969656,0.860545,69,50,53,48,2,1,0,0,902,702,552,448
2026/02/05/15:10:20,2847.996875,0.945937,0.834220,0.969656,0.860545,69,50,53,48,2,1,0,0,902,702,552,448
2026/02/05/15:10:21,2848.997513,0.927813,0.823156,0.949000,0.835035,68,51,52,45,2,0,0,0,903,702,553,451
2026/02/05/15:10:22,2849.998345,0.927813,0.823156,0.949000,0.835035,68,51,52,45,2,0,0,0,903,702,553,451
2026/02/05/15:10:23,2850.999077,0.925281,0.808709,0.946469,0.820587,68,50,52,45,2,0,0,0,903,703,553,451
2026/02/05/15:10:24,2851.999802,0.925281,0.808709,0.946469,0.820587,68,50,52,45,2,0,0,0,903,703,553,451
2026/02/05/15:10:25,2853.004764,0.927312,0.810444,0.948500,0.822322,68,51,52,45,2,0,0,0,903,703,553,451
2026/02/05/15:10:26,2854.005222,0.923469,0.808667,0.944656,0.820545,67,51,52,45,2,0,0,0,904,703,553,451
2026/02/05/15:10:27,2855.005897,0.923469,0.808667,0.944656,0.820545,67,51,52,45,2,0,0,0,904,703,553,451
2026/02/05/15:10:28,2856.006696,0.919656,0.789292,0.940844,0.801170,67,51,52,43,2,0,0,0,904,703,553,453
2026/02/05/15:10:29,2857.007344,0.919656,0.789292,0.940844,0.801170,67,51,52,43,2,0,0,0,904,703,553,453
2026/02/05/15:10:30,2858.008070,0.916406,0.787172,0.937594,0.799050,67,51,52,42,2,0,0,0,904,703,553,454
2026/02/05/15:10:31,2859.008670,0.916406,0.787172,0.937594,0.799050,67,51,52,42,2,0,0,0,904,703,553,454
2026/02/05/15:10:32,2860.009278,0.916406,0.787172,0.937594,0.799050,67,51,52,42,2,0,0,0,904,703,553,454
2026/02/05/15:10:33,2861.010020,0.916406,0.787172,0.937594,0.799050,67,51,52,42,2,0,0,0,904,703,553,454
2026/02/05/15:10:34,2862.010623,0.935906,0.828885,1.004063,0.872105,69,55,53,42,5,3,0,0,904,703,553,454
2026/02/05/15:10:35,2863.011133,0.941875,0.836470,1.028344,0.888501,69,57,53,43,5,6,0,1,904,703,553,454
2026/02/05/15:10:36,2864.011691,0.939844,0.820537,1.017094,0.855208,67,56,53,45,5,4,0,0,906,706,553,454
2026/02/05/15:10:37,2865.012157,0.948937,0.827478,1.017344,0.860003,67,59,53,45,6,1,0,0,906,706,553,454
2026/02/05/15:10:38,2866.012779,0.937438,0.807469,1.002188,0.832527,64,57,53,45,6,0,0,0,909,710,553,454
2026/02/05/15:10:39,2867.013324,0.946281,0.827691,1.019094,0.854498,65,59,53,46,6,1,0,0,909,710,553,454
2026/02/05/15:10:40,2868.014039,0.937187,0.820750,1.010000,0.847557,65,56,53,46,6,1,0,0,909,713,553,454
2026/02/05/15:10:41,2869.014611,0.926219,0.798350,0.990969,0.823408,65,53,53,46,6,0,0,0,909,716,553,454
2026/02/05/15:10:42,2870.015265,0.924188,0.796615,0.981375,0.817435,65,52,53,46,5,0,0,0,909,717,553,454
2026/02/05/15:10:43,2871.016071,0.929625,0.797981,0.986812,0.818800,64,52,55,46,5,0,0,0,910,717,553,454
2026/02/05/15:10:44,2872.016719,0.929625,0.797981,0.986812,0.818800,64,52,55,46,5,0,0,0,910,717,553,454
2026/02/05/15:10:45,2873.017272,0.935594,0.807288,0.992781,0.828108,65,53,55,46,5,0,0,0,910,717,553,454
2026/02/05/15:10:46,2874.017866,0.928469,0.803420,0.985656,0.824240,65,53,53,46,5,0,0,0,910,717,555,454
2026/02/05/15:10:47,2875.018377,0.928469,0.803420,0.985656,0.824240,65,53,53,46,5,0,0,0,910,717,555,454
2026/02/05/15:10:48,2876.018914,0.925281,0.797646,0.982469,0.818466,64,53,53,46,5,0,0,0,911,717,555,454
2026/02/05/15:10:49,2877.019374,0.922500,0.794112,0.979688,0.814932,64,52,53,46,5,0,0,0,911,718,555,454
2026/02/05/15:10:50,2878.020016,0.922500,0.794112,0.979688,0.814932,64,52,53,46,5,0,0,0,911,718,555,454
2026/02/05/15:10:51,2879.020603,0.922500,0.794112,0.979688,0.814932,64,52,53,46,5,0,0,0,911,718,555,454
2026/02/05/15:10:52,2880.021136,0.922500,0.794112,0.954875,0.809185,64,52,53,46,3,0,0,0,911,718,555,454
2026/02/05/15:10:53,2881.021724,0.949500,0.813588,1.014250,0.850505,66,55,53,46,3,1,0,3,911,718,555,454
2026/02/05/15:10:54,2882.022256,0.949500,0.813588,1.014250,0.850505,66,55,53,46,3,1,0,3,911,718,555,454
2026/02/05/15:10:55,2883.022753,0.949500,0.813588,1.014250,0.850505,66,55,53,46,3,1,0,3,911,718,555,454
2026/02/05/15:10:56,2884.023524,0.949500,0.813588,1.003281,0.843911,66,55,53,46,3,1,0,2,911,718,555,454
2026/02/05/15:10:57,2885.024063,0.935031,0.799878,0.983219,0.821431,64,54,53,46,3,0,0,2,913,719,555,454
2026/02/05/15:10:58,2886.024712,0.935031,0.799878,0.983219,0.821431,64,54,53,46,3,0,0,2,913,719,555,454
2026/02/05/15:10:59,2887.025326,0.935031,0.799878,0.967406,0.814950,64,54,53,46,3,0,0,0,913,719,555,454
2026/02/05/15:11:00,2888.025880,0.935031,0.799878,0.967406,0.814950,64,54,53,46,3,0,0,0,913,719,555,454
2026/02/05/15:11:01,2889.026594,0.935031,0.799878,0.967406,0.814950,64,54,53,46,3,0,0,0,913,719,555,454
2026/02/05/15:11:02,2890.027279,0.929031,0.797416,0.961406,0.812488,64,53,53,46,3,0,0,0,913,720,555,454
2026/02/05/15:11:03,2891.027950,0.929031,0.797416,0.961406,0.812488,64,53,53,46,3,0,0,0,913,720,555,454
2026/02/05/15:11:04,2892.028541,0.929031,0.797416,0.940219,0.800610,64,53,53,46,1,0,0,0,913,720,555,454
2026/02/05/15:11:05,2893.029483,0.922500,0.794112,0.933688,0.797307,64,52,53,46,1,0,0,0,913,721,555,454
2026/02/05/15:11:06,2894.030399,0.922500,0.794112,0.933688,0.797307,64,52,53,46,1,0,0,0,913,721,555,454
2026/02/05/15:11:07,2895.031231,0.922500,0.794112,0.933688,0.797307,64,52,53,46,1,0,0,0,913,721,555,454
2026/02/05/15:11:08,2896.032153,0.922500,0.794112,0.933688,0.797307,64,52,53,46,1,0,0,0,913,721,555,454
2026/02/05/15:11:09,2897.032932,0.917156,0.791658,0.928344,0.794852,64,51,53,46,1,0,0,0,913,722,555,454
2026/02/05/15:11:10,2898.033569,0.917156,0.791658,0.928344,0.794852,64,51,53,46,1,0,0,0,913,722,555,454
2026/02/05/15:11:11,2899.034247,0.917156,0.791658,0.928344,0.794852,64,51,53,46,1,0,0,0,913,722,555,454
2026/02/05/15:11:12,2900.034880,0.916219,0.785482,0.927406,0.788677,64,50,53,46,1,0,0,0,913,724,555,454
2026/02/05/15:11:13,2901.035472,0.916219,0.785482,0.916219,0.785482,64,50,53,46,0,0,0,0,913,724,555,454
2026/02/05/15:11:14,2902.036158,0.916219,0.785482,0.916219,0.785482,64,50,53,46,0,0,0,0,913,724,555,454
2026/02/05/15:11:15,2903.036806,0.916219,0.785482,0.916219,0.785482,64,50,53,46,0,0,0,0,913,724,555,454
2026/02/05/15:11:16,2904.037325,0.922625,0.795897,0.976562,0.808907,63,53,53,45,0,0,3,2,914,724,555,457
2026/02/05/15:11:17,2905.037827,0.922625,0.795897,0.976562,0.808907,63,53,53,45,0,0,3,2,914,724,555,457
2026/02/05/15:11:18,2906.038487,0.926687,0.801155,0.980625,0.814165,64,53,53,45,0,0,3,2,914,724,555,457
2026/02/05/15:11:19,2907.039170,0.926687,0.801155,0.973187,0.809537,64,53,53,45,0,0,3,1,914,724,555,457
2026/02/05/15:11:20,2908.040007,0.926687,0.801155,0.959875,0.806160,64,53,53,45,0,0,3,0,914,724,555,457
2026/02/05/15:11:21,2909.040820,0.930031,0.802807,0.963219,0.807811,64,53,54,45,0,0,3,0,914,724,555,457
2026/02/05/15:11:22,2910.041586,0.922219,0.796052,0.955406,0.801056,64,52,54,43,0,0,3,0,914,725,555,459
2026/02/05/15:11:23,2911.042145,0.930906,0.812683,1.028375,0.834576,64,55,54,43,3,1,3,2,914,725,555,459
2026/02/05/15:11:24,2912.043537,0.947063,0.832064,1.054375,0.883130,67,57,56,43,4,3,3,2,914,725,555,459
2026/02/05/15:11:25,2913.044173,0.948656,0.833817,1.045219,0.878470,67,58,56,43,4,2,3,2,914,725,555,459
2026/02/05/15:11:26,2914.044908,0.953531,0.844690,1.046437,0.879368,67,60,56,45,3,2,3,2,914,727,555,459
2026/02/05/15:11:27,2915.045324,0.942750,0.836393,1.035656,0.871071,67,58,53,45,3,2,3,2,914,729,558,459
2026/02/05/15:11:28,2916.046074,0.942750,0.836393,1.035656,0.871071,67,58,53,45,3,2,3,2,914,729,558,459
2026/02/05/15:11:29,2917.046522,0.937031,0.830010,1.026844,0.855089,67,56,53,43,3,1,3,2,914,732,558,461
2026/02/05/15:11:30,2918.046907,0.938094,0.830281,1.024812,0.845761,67,57,53,42,3,0,3,2,914,732,558,462
2026/02/05/15:11:31,2919.047482,0.936375,0.824888,1.023094,0.840368,67,57,53,41,3,0,3,2,914,732,558,463
2026/02/05/15:11:32,2920.048422,0.947688,0.847609,1.045594,0.876259,70,57,55,41,3,0,3,5,914,732,558,463
2026/02/05/15:11:33,2921.048882,0.947688,0.847609,1.045594,0.876259,70,57,55,41,3,0,3,5,914,732,558,463
2026/02/05/15:11:34,2922.049525,0.947969,0.842313,1.038156,0.863596,70,56,54,43,3,0,3,3,914,733,559,463
2026/02/05/15:11:35,2923.050219,0.958219,0.848493,1.065687,0.880106,69,60,54,45,3,2,4,4,915,733,559,463
2026/02/05/15:11:36,2924.050732,0.959344,0.843818,1.054688,0.863243,68,61,54,45,3,1,4,2,916,733,559,464
2026/02/05/15:11:37,2925.051253,0.958469,0.841566,1.012000,0.852042,68,62,54,44,3,0,0,2,916,733,559,465
2026/02/05/15:11:38,2926.051976,0.958469,0.841566,1.012000,0.852042,68,62,54,44,3,0,0,2,916,733,559,465
2026/02/05/15:11:39,2927.052555,0.963000,0.832012,1.016531,0.842488,69,61,54,47,3,0,0,2,916,736,559,465
2026/02/05/15:11:40,2928.053478,0.967938,0.832618,1.057844,0.871693,69,61,55,47,7,1,2,2,916,736,561,465
2026/02/05/15:11:41,2929.054137,0.963719,0.827275,1.053063,0.856711,69,59,56,45,7,0,2,2,917,739,561,467
2026/02/05/15:11:42,2930.054606,0.958375,0.825671,1.024656,0.844458,68,58,57,44,5,0,1,2,918,740,561,468
2026/02/05/15:11:43,2931.055157,0.954125,0.823007,1.007656,0.833483,68,58,56,44,3,0,0,2,918,740,562,468
2026/02/05/15:11:44,2932.055733,0.940438,0.813935,0.993969,0.824411,68,56,53,44,3,0,0,2,918,742,565,468
2026/02/05/15:11:45,2933.056214,0.931750,0.803418,0.985281,0.813894,68,55,53,41,3,0,0,2,918,743,565,471
2026/02/05/15:11:46,2934.056993,0.931750,0.803418,0.985281,0.813894,68,55,53,41,3,0,0,2,918,743,565,471
2026/02/05/15:11:47,2935.057576,0.931750,0.803418,0.985281,0.813894,68,55,53,41,3,0,0,2,918,743,565,471
2026/02/05/15:11:48,2936.058312,0.931750,0.803418,0.985281,0.813894,68,55,53,41,3,0,0,2,918,743,565,471
2026/02/05/15:11:49,2937.059014,0.931750,0.803418,0.985281,0.813894,68,55,53,41,3,0,0,2,918,743,565,471
2026/02/05/15:11:50,2938.059706,0.935844,0.816335,0.989375,0.826811,69,56,53,41,3,0,0,2,918,743,565,471
2026/02/05/15:11:51,2939.061471,0.933875,0.809150,0.987406,0.819626,69,56,53,40,3,0,0,2,918,743,565,472
2026/02/05/15:11:52,2940.062283,0.933875,0.809150,0.987406,0.819626,69,56,53,40,3,0,0,2,918,743,565,472
2026/02/05/15:11:53,2941.062924,0.933875,0.809150,0.987406,0.819626,69,56,53,40,3,0,0,2,918,743,565,472
2026/02/05/15:11:54,2942.063547,0.931469,0.799535,0.985000,0.810011,68,56,53,40,3,0,0,2,919,743,565,472
2026/02/05/15:11:55,2943.064152,0.944562,0.813574,1.008281,0.828639,72,57,53,40,3,2,0,2,919,744,565,472
2026/02/05/15:11:56,2944.064702,0.944562,0.813574,1.008281,0.828639,72,57,53,40,3,2,0,2,919,744,565,472
2026/02/05/15:11:57,2945.065385,0.944562,0.813574,1.008281,0.828639,72,57,53,40,3,2,0,2,919,744,565,472
2026/02/05/15:11:58,2946.066173,0.944562,0.813574,1.008281,0.828639,72,57,53,40,3,2,0,2,919,744,565,472
2026/02/05/15:11:59,2947.066820,0.940750,0.810142,0.966250,0.813480,72,55,53,40,0,0,0,2,919,746,565,472
2026/02/05/15:12:00,2948.067426,0.933906,0.802220,0.959406,0.805558,69,55,53,40,0,0,0,2,922,746,565,472
2026/02/05/15:12:01,2949.068069,0.928375,0.800143,0.953875,0.803481,69,54,53,40,0,0,0,2,922,747,565,472
2026/02/05/15:12:02,2950.068866,0.928375,0.800143,0.953875,0.803481,69,54,53,40,0,0,0,2,922,747,565,472
2026/02/05/15:12:03,2951.069518,0.935344,0.814542,0.988375,0.829813,72,55,53,40,3,0,0,2,922,747,565,472
2026/02/05/15:12:04,2952.070139,0.935344,0.814542,0.988375,0.829813,72,55,53,40,3,0,0,2,922,747,565,472
2026/02/05/15:12:05,2953.070884,0.935344,0.814542,0.968625,0.824936,72,55,53,40,1,0,0,2,922,747,565,472
2026/02/05/15:12:06,2954.071569,0.931719,0.807591,0.957219,0.810929,70,55,53,40,0,0,0,2,924,747,565,472
2026/02/05/15:12:07,2955.072399,0.931719,0.807591,0.957219,0.810929,70,55,53,40,0,0,0,2,924,747,565,472
2026/02/05/15:12:08,2956.073008,0.931719,0.807591,0.957219,0.810929,70,55,53,40,0,0,0,2,924,747,565,472
2026/02/05/15:12:09,2957.073640,0.943750,0.821902,0.969250,0.825240,72,55,54,42,0,0,0,2,924,747,565,472
2026/02/05/15:12:10,2958.074376,0.941312,0.813039,0.966812,0.816377,72,54,54,42,0,0,0,2,924,748,565,472
2026/02/05/15:12:11,2959.074934,0.945500,0.819167,0.971000,0.822505,72,54,54,44,0,0,0,2,924,748,565,472
2026/02/05/15:12:12,2960.075513,0.948156,0.821290,1.010594,0.844394,72,54,55,44,2,3,1,2,924,748,565,472
2026/02/05/15:12:13,2961.076404,0.957187,0.827811,1.019625,0.850915,73,54,58,44,2,3,1,2,924,748,565,472
2026/02/05/15:12:14,2962.077010,0.957531,0.828478,1.011719,0.843073,74,54,58,42,1,3,0,2,924,748,565,474
2026/02/05/15:12:15,2963.077501,0.956219,0.822518,1.004594,0.834861,73,54,58,42,0,3,0,2,926,748,565,474
2026/02/05/15:12:16,2964.078326,0.953562,0.820395,1.001937,0.832738,73,54,57,42,0,3,0,2,926,748,566,474
2026/02/05/15:12:17,2965.080204,0.949812,0.816987,0.998188,0.829330,73,52,57,42,0,3,0,2,926,750,566,474
2026/02/05/15:12:18,2966.080899,0.942688,0.804108,0.991062,0.816451,73,52,56,40,0,3,0,2,926,750,567,476
2026/02/05/15:12:19,2967.081548,0.935750,0.799302,0.984125,0.811644,73,52,53,40,0,3,0,2,926,750,570,476
2026/02/05/15:12:20,2968.082403,0.932312,0.791858,0.980688,0.804201,72,52,53,40,0,3,0,2,927,750,570,476
2026/02/05/15:12:21,2969.083079,0.926500,0.789606,0.974875,0.801949,71,52,53,40,0,3,0,2,928,750,570,476
2026/02/05/15:12:22,2970.083835,0.926500,0.789606,0.974875,0.801949,71,52,53,40,0,3,0,2,928,750,570,476
2026/02/05/15:12:23,2971.084483,0.934031,0.801414,0.982406,0.813757,71,55,54,40,0,3,0,2,928,750,570,476
2026/02/05/15:12:24,2972.085067,0.934031,0.801414,0.982406,0.813757,71,55,54,40,0,3,0,2,928,750,570,476
2026/02/05/15:12:25,2973.085633,0.946125,0.825210,1.006938,0.842913,72,55,57,40,0,3,0,4,928,750,570,476
2026/02/05/15:12:26,2974.087443,0.942594,0.821075,1.003406,0.838779,71,55,57,40,0,3,0,4,929,750,570,476
2026/02/05/15:12:27,2975.088238,0.942594,0.821075,1.003406,0.838779,71,55,57,40,0,3,0,4,929,750,570,476
2026/02/05/15:12:28,2976.088948,0.942594,0.821075,1.003406,0.838779,71,55,57,40,0,3,0,4,929,750,570,476
2026/02/05/15:12:29,2977.089590,0.934625,0.814600,0.995437,0.832303,70,53,57,40,0,3,0,4,930,752,570,476
2026/02/05/15:12:30,2978.090569,0.932844,0.812755,0.993656,0.830459,70,52,57,40,0,3,0,4,930,753,570,476
2026/02/05/15:12:31,2979.091222,0.932844,0.812755,0.993656,0.830459,70,52,57,40,0,3,0,4,930,753,570,476
2026/02/05/15:12:32,2980.091842,0.932844,0.812755,0.993656,0.830459,70,52,57,40,0,3,0,4,930,753,570,476
2026/02/05/15:12:33,2981.092396,0.930656,0.806481,0.991469,0.824185,70,52,56,40,0,3,0,4,930,753,571,476
2026/02/05/15:12:34,2982.093149,0.930656,0.806481,0.991469,0.824185,70,52,56,40,0,3,0,4,930,753,571,476
2026/02/05/15:12:35,2983.093703,0.930656,0.806481,0.991469,0.824185,70,52,56,40,0,3,0,4,930,753,571,476
2026/02/05/15:12:36,2984.094295,0.930656,0.806481,0.991469,0.824185,70,52,56,40,0,3,0,4,930,753,571,476
2026/02/05/15:12:37,2985.094897,0.930656,0.806481,0.991469,0.824185,70,52,56,40,0,3,0,4,930,753,571,476
2026/02/05/15:12:38,2986.095601,0.929031,0.804207,0.989844,0.821911,70,51,56,40,0,3,0,4,930,754,571,476
2026/02/05/15:12:39,2987.096129,0.926469,0.800346,0.981062,0.815369,67,50,56,41,0,3,0,3,933,755,571,476
2026/02/05/15:12:40,2988.096988,0.935500,0.803669,0.968625,0.810008,67,52,56,40,0,1,0,2,933,755,571,477
2026/02/05/15:12:41,2989.097787,0.935500,0.803669,0.968625,0.810008,67,52,56,40,0,1,0,2,933,755,571,477
2026/02/05/15:12:42,2990.098626,0.933781,0.801037,0.966906,0.807377,67,52,55,40,0,1,0,2,933,755,572,477
2026/02/05/15:12:43,2991.099302,0.933781,0.801037,0.966906,0.807377,67,52,55,40,0,1,0,2,933,755,572,477
2026/02/05/15:12:44,2992.100007,0.933781,0.801037,0.966906,0.807377,67,52,55,40,0,1,0,2,933,755,572,477
2026/02/05/15:12:45,2993.100545,0.933781,0.801037,0.966906,0.807377,67,52,55,40,0,1,0,2,933,755,572,477
2026/02/05/15:12:46,2994.101301,0.929219,0.796059,0.962344,0.802398,67,52,53,40,0,1,0,2,933,755,574,477
2026/02/05/15:12:47,2995.101913,0.929219,0.796059,0.962344,0.802398,67,52,53,40,0,1,0,2,933,755,574,477
2026/02/05/15:12:48,2996.102510,0.929219,0.796059,0.962344,0.802398,67,52,53,40,0,1,0,2,933,755,574,477
2026/02/05/15:12:49,2997.103140,0.929219,0.796059,0.962344,0.802398,67,52,53,40,0,1,0,2,933,755,574,477
2026/02/05/15:12:50,2998.103713,0.935000,0.794229,0.960500,0.797567,66,53,53,40,0,0,0,2,934,755,574,477
2026/02/05/15:12:51,2999.104254,0.935000,0.794229,0.960500,0.797567,66,53,53,40,0,0,0,2,934,755,574,477
2026/02/05/15:12:52,3000.104817,0.935000,0.794229,0.973750,0.808900,66,53,53,40,1,2,0,2,934,755,574,477
2026/02/05/15:12:53,3001.105403,0.949500,0.813489,0.994687,0.833572,70,55,53,40,4,0,0,2,934,755,574,477
2026/02/05/15:12:54,3002.106163,0.955125,0.819634,1.000312,0.839717,70,55,56,40,4,0,0,2,934,755,574,477
2026/02/05/15:12:55,3003.106701,0.949937,0.811705,0.975437,0.815043,70,53,56,40,0,0,0,2,934,757,574,477
2026/02/05/15:12:56,3004.107560,0.949937,0.811705,0.975437,0.815043,70,53,56,40,0,0,0,2,934,757,574,477
2026/02/05/15:12:57,3005.108266,0.944312,0.805559,0.969812,0.808897,70,53,53,40,0,0,0,2,934,757,577,477
2026/02/05/15:12:58,3006.108721,0.936625,0.784550,0.962125,0.787888,70,53,50,40,0,0,0,2,934,757,580,477
2026/02/05/15:12:59,3007.109566,0.936625,0.784550,0.962125,0.787888,70,53,50,40,0,0,0,2,934,757,580,477
2026/02/05/15:13:00,3008.110126,0.936625,0.784550,0.962125,0.787888,70,53,50,40,0,0,0,2,934,757,580,477
2026/02/05/15:13:01,3009.110682,0.936625,0.784550,0.962125,0.787888,70,53,50,40,0,0,0,2,934,757,580,477
2026/02/05/15:13:02,3010.111225,0.944937,0.807527,0.975437,0.812909,71,53,50,42,1,0,0,2,934,757,580,477
2026/02/05/15:13:03,3011.111793,0.944937,0.807527,0.975437,0.812909,71,53,50,42,1,0,0,2,934,757,580,477
2026/02/05/15:13:04,3012.112566,0.944937,0.807527,0.975437,0.812909,71,53,50,42,1,0,0,2,934,757,580,477
2026/02/05/15:13:05,3013.113279,0.941625,0.786594,0.972125,0.791977,71,53,50,40,1,0,0,2,934,757,580,479
2026/02/05/15:13:06,3014.114043,0.941625,0.786594,0.972125,0.791977,71,53,50,40,1,0,0,2,934,757,580,479
2026/02/05/15:13:07,3015.114846,0.941625,0.786594,0.972125,0.791977,71,53,50,40,1,0,0,2,934,757,580,479
2026/02/05/15:13:08,3016.115628,0.936625,0.784550,0.962125,0.787888,70,53,50,40,0,0,0,2,935,757,580,479
2026/02/05/15:13:09,3017.116228,0.936625,0.784550,0.962125,0.787888,70,53,50,40,0,0,0,2,935,757,580,479
2026/02/05/15:13:10,3018.116908,0.936625,0.784550,0.962125,0.787888,70,53,50,40,0,0,0,2,935,757,580,479
2026/02/05/15:13:11,3019.117456,0.936625,0.784550,0.962125,0.787888,70,53,50,40,0,0,0,2,935,757,580,479
2026/02/05/15:13:12,3020.118165,0.936625,0.784550,0.962125,0.787888,70,53,50,40,0,0,0,2,935,757,580,479
2026/02/05/15:13:13,3021.118841,0.936625,0.784550,0.962125,0.787888,70,53,50,40,0,0,0,2,935,757,580,479
2026/02/05/15:13:14,3022.119923,0.936625,0.784550,0.962125,0.787888,70,53,50,40,0,0,0,2,935,757,580,479
2026/02/05/15:13:15,3023.120553,0.936625,0.784550,0.962125,0.787888,70,53,50,40,0,0,0,2,935,757,580,479
2026/02/05/15:13:16,3024.121147,0.936625,0.784550,0.962125,0.787888,70,53,50,40,0,0,0,2,935,757,580,479
2026/02/05/15:13:17,3025.121812,0.936625,0.784550,0.962125,0.787888,70,53,50,40,0,0,0,2,935,757,580,479
2026/02/05/15:13:18,3026.122588,0.936625,0.784550,0.962125,0.787888,70,53,50,40,0,0,0,2,935,757,580,479
2026/02/05/15:13:19,3027.123351,0.936625,0.784550,0.962125,0.787888,70,53,50,40,0,0,0,2,935,757,580,479
2026/02/05/15:13:20,3028.123910,0.936625,0.784550,0.962125,0.787888,70,53,50,40,0,0,0,2,935,757,580,479
2026/02/05/15:13:21,3029.124459,0.936625,0.784550,0.962125,0.787888,70,53,50,40,0,0,0,2,935,757,580,479
2026/02/05/15:13:22,3030.125080,0.936625,0.784550,0.962125,0.787888,70,53,50,40,0,0,0,2,935,757,580,479
2026/02/05/15:13:23,3031.125819,0.917312,0.779533,0.942813,0.782871,68,53,50,40,0,0,0,2,937,757,580,479
2026/02/05/15:13:24,3032.126491,0.917312,0.779533,0.942813,0.782871,68,53,50,40,0,0,0,2,937,757,580,479
2026/02/05/15:13:25,3033.127365,0.931594,0.816581,0.957094,0.819919,68,54,50,44,0,0,0,2,937,757,580,479
2026/02/05/15:13:26,3034.127897,0.931594,0.816581,0.957094,0.819919,68,54,50,44,0,0,0,2,937,757,580,479
2026/02/05/15:13:27,3035.128501,0.935000,0.832522,0.965875,0.846903,69,55,50,44,1,0,0,2,937,758,580,479
2026/02/05/15:13:28,3036.129182,0.931219,0.826293,0.956719,0.829631,69,55,50,42,0,0,0,2,938,758,580,481
2026/02/05/15:13:29,3037.129779,0.928969,0.824403,0.954469,0.827741,68,55,50,42,0,0,0,2,939,758,580,481
2026/02/05/15:13:30,3038.130473,0.924188,0.821745,0.949688,0.825083,68,55,50,41,0,0,0,2,939,758,580,482
2026/02/05/15:13:31,3039.131167,0.910687,0.813193,0.936187,0.816531,68,53,50,41,0,0,0,2,939,760,580,482
2026/02/05/15:13:32,3040.131668,0.910687,0.813193,0.936187,0.816531,68,53,50,41,0,0,0,2,939,760,580,482
2026/02/05/15:13:33,3041.132338,0.910687,0.813193,0.936187,0.816531,68,53,50,41,0,0,0,2,939,760,580,482
2026/02/05/15:13:34,3042.133065,0.910687,0.813193,0.936187,0.816531,68,53,50,41,0,0,0,2,939,760,580,482
2026/02/05/15:13:35,3043.133817,0.910687,0.813193,0.936187,0.816531,68,53,50,41,0,0,0,2,939,760,580,482
2026/02/05/15:13:36,3044.134624,0.910687,0.813193,0.936187,0.816531,68,53,50,41,0,0,0,2,939,760,580,482
2026/02/05/15:13:37,3045.135237,0.915906,0.803365,0.941406,0.806703,71,53,50,39,0,0,0,2,939,760,580,484
2026/02/05/15:13:38,3046.135967,0.915906,0.803365,0.941406,0.806703,71,53,50,39,0,0,0,2,939,760,580,484
2026/02/05/15:13:39,3047.136543,0.947500,0.833649,0.982313,0.838574,75,56,50,42,0,0,0,3,939,760,580,484
2026/02/05/15:13:40,3048.137309,0.953000,0.838414,1.026563,0.866939,76,57,50,42,2,1,2,4,939,760,580,484
2026/02/05/15:13:41,3049.142421,0.956031,0.840068,1.022281,0.862368,76,58,50,42,2,1,0,4,939,760,580,484
2026/02/05/15:13:42,3050.143171,0.945594,0.828150,1.005625,0.847673,74,58,50,39,1,1,0,4,942,760,580,487
2026/02/05/15:13:43,3051.143602,0.940875,0.826378,0.980156,0.832736,75,57,50,38,0,1,0,2,942,761,580,488
2026/02/05/15:13:44,3052.144223,0.937813,0.824216,0.977094,0.830573,74,57,50,38,0,1,0,2,943,761,580,488
2026/02/05/15:13:45,3053.144722,0.935344,0.821103,0.974625,0.827461,73,57,50,38,0,1,0,2,944,761,580,488
2026/02/05/15:13:46,3054.145460,0.933219,0.811112,0.972500,0.817470,72,57,50,38,0,1,0,2,945,761,580,488
2026/02/05/15:13:47,3055.146176,0.933219,0.811112,0.972500,0.817470,72,57,50,38,0,1,0,2,945,761,580,488
2026/02/05/15:13:48,3056.146991,0.933219,0.811112,0.972500,0.817470,72,57,50,38,0,1,0,2,945,761,580,488
2026/02/05/15:13:49,3057.147910,0.929281,0.795137,0.968562,0.801494,72,55,50,38,0,1,0,2,945,763,580,488
2026/02/05/15:13:50,3058.148368,0.927469,0.792988,0.966750,0.799345,72,54,50,38,0,1,0,2,945,764,580,488
2026/02/05/15:13:51,3059.149085,0.925687,0.787193,0.964969,0.793550,71,54,50,38,0,1,0,2,946,764,580,488
2026/02/05/15:13:52,3060.149685,0.925687,0.787193,0.964969,0.793550,71,54,50,38,0,1,0,2,946,764,580,488
2026/02/05/15:13:53,3061.150531,0.925687,0.787193,0.964969,0.793550,71,54,50,38,0,1,0,2,946,764,580,488
2026/02/05/15:13:54,3062.151232,0.925687,0.787193,0.964969,0.793550,71,54,50,38,0,1,0,2,946,764,580,488
2026/02/05/15:13:55,3063.151834,0.925687,0.787193,0.964969,0.793550,71,54,50,38,0,1,0,2,946,764,580,488
2026/02/05/15:13:56,3064.152516,0.927687,0.798678,0.966969,0.805035,72,54,50,38,0,1,0,2,946,764,580,488
2026/02/05/15:13:57,3065.153013,0.943906,0.842578,1.043281,0.889885,77,54,50,38,4,4,0,2,946,764,580,488
2026/02/05/15:13:58,3066.153436,0.952719,0.854378,1.052094,0.901684,79,54,50,38,4,4,0,2,946,764,580,488
2026/02/05/15:13:59,3067.153950,0.952000,0.850731,1.077719,0.893646,77,54,50,40,3,4,0,4,949,764,580,488
2026/02/05/15:14:00,3068.154501,0.952000,0.850731,1.077719,0.893646,77,54,50,40,3,4,0,4,949,764,580,488
2026/02/05/15:14:01,3069.155231,0.943187,0.838931,1.068906,0.881846,75,54,50,40,3,4,0,4,951,764,580,488
2026/02/05/15:14:02,3070.155718,0.943187,0.838931,1.068906,0.881846,75,54,50,40,3,4,0,4,951,764,580,488
2026/02/05/15:14:03,3071.156237,0.952750,0.850958,1.050094,0.888906,75,54,52,40,3,4,0,2,951,764,580,488
2026/02/05/15:14:04,3072.156943,0.956063,0.853105,1.062969,0.902470,75,54,52,41,5,4,0,2,951,764,580,488
2026/02/05/15:14:05,3073.157701,0.943125,0.852853,1.040469,0.890800,77,51,52,41,3,4,0,2,951,767,580,488
2026/02/05/15:14:06,3074.158394,0.943125,0.852853,1.040469,0.890800,77,51,52,41,3,4,0,2,951,767,580,488
2026/02/05/15:14:07,3075.158966,0.927562,0.824595,1.022875,0.853184,73,51,52,41,2,4,0,2,956,767,580,488
2026/02/05/15:14:08,3076.159597,0.918000,0.812568,1.013313,0.841157,73,51,50,41,2,4,0,2,956,767,582,488
2026/02/05/15:14:09,3077.160248,0.919781,0.808918,1.006063,0.835027,74,51,50,38,1,4,0,2,956,767,582,491
2026/02/05/15:14:10,3078.161039,0.919781,0.808918,1.006063,0.835027,74,51,50,38,1,4,0,2,956,767,582,491
2026/02/05/15:14:11,3079.161717,0.926781,0.812661,1.013062,0.838770,74,52,50,38,1,4,0,2,956,767,582,491
2026/02/05/15:14:12,3080.162456,0.923031,0.805892,1.009313,0.832001,72,52,50,38,1,4,0,2,958,767,582,491
2026/02/05/15:14:13,3081.163172,0.923031,0.805892,1.009313,0.832001,72,52,50,38,1,4,0,2,958,767,582,491
2026/02/05/15:14:14,3082.163911,0.923031,0.805892,1.009313,0.832001,72,52,50,38,1,4,0,2,958,767,582,491
2026/02/05/15:14:15,3083.164639,0.923031,0.805892,1.009313,0.832001,72,52,50,38,1,4,0,2,958,767,582,491
2026/02/05/15:14:16,3084.165411,0.923031,0.805892,1.009313,0.832001,72,52,50,38,1,4,0,2,958,767,582,491
2026/02/05/15:14:17,3085.165952,0.923031,0.805892,1.009313,0.832001,72,52,50,38,1,4,0,2,958,767,582,491
2026/02/05/15:14:18,3086.166670,0.923031,0.805892,1.009313,0.832001,72,52,50,38,1,4,0,2,958,767,582,491
2026/02/05/15:14:19,3087.167300,0.923031,0.805892,1.009313,0.832001,72,52,50,38,1,4,0,2,958,767,582,491
2026/02/05/15:14:20,3088.167914,0.923031,0.805892,1.009313,0.832001,72,52,50,38,1,4,0,2,958,767,582,491
2026/02/05/15:14:21,3089.168665,0.923031,0.805892,1.009313,0.832001,72,52,50,38,1,4,0,2,958,767,582,491
2026/02/05/15:14:22,3090.169246,0.923031,0.805892,1.009313,0.832001,72,52,50,38,1,4,0,2,958,767,582,491
2026/02/05/15:14:23,3091.169939,0.927875,0.807961,1.014156,0.834070,72,52,51,38,1,4,0,2,958,767,582,491
2026/02/05/15:14:24,3092.170511,0.933625,0.801096,1.010875,0.824725,72,53,51,38,0,4,0,2,959,767,582,491
2026/02/05/15:14:25,3093.171099,0.933625,0.801096,1.010875,0.824725,72,53,51,38,0,4,0,2,959,767,582,491
2026/02/05/15:14:26,3094.171670,0.933625,0.801096,1.010875,0.824725,72,53,51,38,0,4,0,2,959,767,582,491
2026/02/05/15:14:27,3095.172115,0.933625,0.801096,1.010875,0.824725,72,53,51,38,0,4,0,2,959,767,582,491
2026/02/05/15:14:28,3096.172656,0.922687,0.770950,0.999938,0.794579,69,53,50,38,0,4,0,2,962,767,583,491
2026/02/05/15:14:29,3097.173191,0.922687,0.770950,0.999938,0.794579,69,53,50,38,0,4,0,2,962,767,583,491
2026/02/05/15:14:30,3098.173926,0.922687,0.770950,0.999938,0.794579,69,53,50,38,0,4,0,2,962,767,583,491
2026/02/05/15:14:31,3099.174639,0.934469,0.784370,1.011719,0.807999,72,53,51,38,0,4,0,2,962,767,583,491
2026/02/05/15:14:32,3100.175298,0.927469,0.780626,1.004719,0.804255,72,52,51,38,0,4,0,2,962,768,583,491
2026/02/05/15:14:33,3101.175984,0.927469,0.780626,1.004719,0.804255,72,52,51,38,0,4,0,2,962,768,583,491
2026/02/05/15:14:34,3102.176790,0.925375,0.778928,1.002625,0.802557,72,51,51,38,0,4,0,2,962,769,583,491
2026/02/05/15:14:35,3103.177497,0.920156,0.777335,0.997406,0.800964,72,51,50,38,0,4,0,2,962,769,584,491
2026/02/05/15:14:36,3104.178272,0.920156,0.777335,0.997406,0.800964,72,51,50,38,0,4,0,2,962,769,584,491
2026/02/05/15:14:37,3105.179035,0.920156,0.777335,0.997406,0.800964,72,51,50,38,0,4,0,2,962,769,584,491
2026/02/05/15:14:38,3106.179813,0.920156,0.777335,0.997406,0.800964,72,51,50,38,0,4,0,2,962,769,584,491
2026/02/05/15:14:39,3107.180417,0.920156,0.777335,0.997406,0.800964,72,51,50,38,0,4,0,2,962,769,584,491
2026/02/05/15:14:40,3108.182072,0.920156,0.777335,0.983625,0.797945,72,51,50,38,0,3,0,2,962,769,584,491
2026/02/05/15:14:41,3109.182645,0.920156,0.777335,0.983625,0.797945,72,51,50,38,0,3,0,2,962,769,584,491
2026/02/05/15:14:42,3110.183517,0.920156,0.777335,0.983625,0.797945,72,51,50,38,0,3,0,2,962,769,584,491
2026/02/05/15:14:43,3111.184274,0.920156,0.777335,0.983625,0.797945,72,51,50,38,0,3,0,2,962,769,584,491
2026/02/05/15:14:44,3112.184816,0.920156,0.777335,0.983625,0.797945,72,51,50,38,0,3,0,2,962,769,584,491
2026/02/05/15:14:45,3113.185564,0.920156,0.777335,0.983625,0.797945,72,51,50,38,0,3,0,2,962,769,584,491
2026/02/05/15:14:46,3114.186116,0.920156,0.777335,0.958125,0.794607,72,51,50,38,0,3,0,0,962,769,584,491
2026/02/05/15:14:47,3115.186892,0.920156,0.777335,0.958125,0.794607,72,51,50,38,0,3,0,0,962,769,584,491
2026/02/05/15:14:48,3116.187685,0.920156,0.777335,0.958125,0.794607,72,51,50,38,0,3,0,0,962,769,584,491
2026/02/05/15:14:49,3117.188209,0.920156,0.777335,0.958125,0.794607,72,51,50,38,0,3,0,0,962,769,584,491
2026/02/05/15:14:50,3118.188951,0.920156,0.777335,0.958125,0.794607,72,51,50,38,0,3,0,0,962,769,584,491
2026/02/05/15:14:51,3119.189595,0.920156,0.777335,0.958125,0.794607,72,51,50,38,0,3,0,0,962,769,584,491
2026/02/05/15:14:52,3120.190312,0.924906,0.781111,0.962875,0.798383,74,51,50,38,0,3,0,0,962,769,584,491
2026/02/05/15:14:53,3121.190949,0.930844,0.784595,0.989688,0.813719,74,53,50,38,0,3,2,1,962,769,584,491
2026/02/05/15:14:54,3122.191583,0.925344,0.781244,0.984187,0.810367,74,53,50,36,0,3,2,1,962,769,584,493
2026/02/05/15:14:55,3123.192278,0.927500,0.783313,1.008563,0.819749,74,54,50,36,0,6,2,1,962,769,584,493
2026/02/05/15:14:56,3124.192868,0.919719,0.778216,0.962812,0.797380,71,54,50,36,0,3,2,1,965,769,584,493
2026/02/05/15:14:57,3125.193554,0.919719,0.778216,0.962812,0.797380,71,54,50,36,0,3,2,1,965,769,584,493
2026/02/05/15:14:58,3126.194136,0.917562,0.776146,0.917562,0.776146,71,53,50,36,0,0,0,0,965,770,584,493
2026/02/05/15:14:59,3127.194878,0.911625,0.772662,0.911625,0.772662,71,51,50,36,0,0,0,0,965,772,584,493
2026/02/05/15:15:00,3128.195329,0.911625,0.772662,0.911625,0.772662,71,51,50,36,0,0,0,0,965,772,584,493
2026/02/05/15:15:01,3129.196002,0.911625,0.772662,0.911625,0.772662,71,51,50,36,0,0,0,0,965,772,584,493
2026/02/05/15:15:02,3130.196648,0.911625,0.772662,0.911625,0.772662,71,51,50,36,0,0,0,0,965,772,584,493
2026/02/05/15:15:03,3131.197294,0.911625,0.772662,0.911625,0.772662,71,51,50,36,0,0,0,0,965,772,584,493
2026/02/05/15:15:04,3132.198199,0.911625,0.772662,0.911625,0.772662,71,51,50,36,0,0,0,0,965,772,584,493
2026/02/05/15:15:05,3133.198971,0.911625,0.772662,0.911625,0.772662,71,51,50,36,0,0,0,0,965,772,584,493
2026/02/05/15:15:06,3134.199861,0.911625,0.772662,0.911625,0.772662,71,51,50,36,0,0,0,0,965,772,584,493
2026/02/05/15:15:07,3135.200428,0.911625,0.772662,0.911625,0.772662,71,51,50,36,0,0,0,0,965,772,584,493
2026/02/05/15:15:08,3136.201161,0.919500,0.784131,0.919500,0.784131,74,51,50,36,0,0,0,0,965,772,584,493
2026/02/05/15:15:09,3137.201892,0.919500,0.784131,0.919500,0.784131,74,51,50,36,0,0,0,0,965,772,584,493
2026/02/05/15:15:10,3138.202511,0.939281,0.799881,0.985125,0.808160,78,51,54,36,4,0,0,0,965,772,584,493
2026/02/05/15:15:11,3139.203018,0.941781,0.821982,0.995938,0.868509,76,54,55,36,5,0,0,2,968,772,584,493
2026/02/05/15:15:12,3140.203621,0.953094,0.836226,1.010125,0.886111,78,56,57,36,5,1,0,2,968,772,584,493
2026/02/05/15:15:13,3141.204244,0.962625,0.854132,1.027156,0.902304,81,58,57,36,4,2,0,3,969,772,584,493
2026/02/05/15:15:14,3142.204827,0.964719,0.863792,1.027031,0.908911,82,60,55,36,4,1,0,3,970,773,586,493
2026/02/05/15:15:15,3143.205455,0.962063,0.859181,1.012656,0.898848,79,61,55,36,4,0,0,2,973,773,586,493
2026/02/05/15:15:16,3144.206161,0.948438,0.827795,0.995469,0.860604,76,58,55,36,3,0,0,2,976,776,586,493
2026/02/05/15:15:17,3145.206685,0.941781,0.818639,0.984250,0.823505,76,55,55,36,3,0,0,0,976,779,586,493
2026/02/05/15:15:18,3146.207256,0.930250,0.812923,0.972719,0.817789,73,55,55,36,3,0,0,0,979,779,586,493
2026/02/05/15:15:19,3147.207788,0.930250,0.812923,0.972719,0.817789,73,55,55,36,3,0,0,0,979,779,586,493
2026/02/05/15:15:20,3148.208344,0.930250,0.812923,0.972719,0.817789,73,55,55,36,3,0,0,0,979,779,586,493
2026/02/05/15:15:21,3149.208957,0.930250,0.812923,0.972719,0.817789,73,55,55,36,3,0,0,0,979,779,586,493
2026/02/05/15:15:22,3150.209666,0.930250,0.812923,0.972719,0.817789,73,55,55,36,3,0,0,0,979,779,586,493
2026/02/05/15:15:23,3151.210323,0.930250,0.812923,0.972719,0.817789,73,55,55,36,3,0,0,0,979,779,586,493
2026/02/05/15:15:24,3152.210899,0.923781,0.789224,0.966250,0.794090,73,52,54,36,3,0,0,0,979,782,587,493
2026/02/05/15:15:25,3153.211561,0.918250,0.783243,0.960719,0.788110,70,52,54,36,3,0,0,0,982,782,587,493
2026/02/05/15:15:26,3154.212348,0.918250,0.783243,0.960719,0.788110,70,52,54,36,3,0,0,0,982,782,587,493
2026/02/05/15:15:27,3155.213160,0.918250,0.783243,0.960719,0.788110,70,52,54,36,3,0,0,0,982,782,587,493
2026/02/05/15:15:28,3156.213940,0.908687,0.771826,0.951156,0.776693,68,52,54,36,3,0,0,0,984,782,587,493
2026/02/05/15:15:29,3157.214526,0.925219,0.799099,0.977156,0.817134,69,57,54,36,3,0,1,0,984,782,587,493
2026/02/05/15:15:30,3158.215143,0.925219,0.799099,0.977156,0.817134,69,57,54,36,3,0,1,0,984,782,587,493
2026/02/05/15:15:31,3159.215830,0.915281,0.784544,0.967219,0.802578,69,54,54,36,3,0,1,0,984,785,587,493
2026/02/05/15:15:32,3160.216348,0.911906,0.780223,0.963844,0.798258,69,54,52,36,3,0,1,0,984,785,589,493
2026/02/05/15:15:33,3161.217155,0.905312,0.767506,0.957250,0.785540,68,52,52,36,3,0,1,0,985,787,589,493
2026/02/05/15:15:34,3162.217798,0.902438,0.764147,0.954375,0.782181,68,51,52,36,3,0,1,0,985,788,589,493
2026/02/05/15:15:35,3163.218438,0.902438,0.764147,0.954375,0.782181,68,51,52,36,3,0,1,0,985,788,589,493
2026/02/05/15:15:36,3164.219119,0.902438,0.764147,0.954375,0.782181,68,51,52,36,3,0,1,0,985,788,589,493
2026/02/05/15:15:37,3165.219852,0.902438,0.764147,0.954375,0.782181,68,51,52,36,3,0,1,0,985,788,589,493
2026/02/05/15:15:38,3166.220452,0.902438,0.764147,0.954375,0.782181,68,51,52,36,3,0,1,0,985,788,589,493
2026/02/05/15:15:39,3167.221164,0.902438,0.764147,0.954375,0.782181,68,51,52,36,3,0,1,0,985,788,589,493
2026/02/05/15:15:40,3168.221921,0.902438,0.764147,0.954375,0.782181,68,51,52,36,3,0,1,0,985,788,589,493
2026/02/05/15:15:41,3169.222475,0.896156,0.759340,0.948094,0.777374,67,50,52,36,3,0,1,0,986,789,589,493
2026/02/05/15:15:42,3170.223194,0.896156,0.759340,0.948094,0.777374,67,50,52,36,3,0,1,0,986,789,589,493
2026/02/05/15:15:43,3171.223955,0.896156,0.759340,0.948094,0.777374,67,50,52,36,3,0,1,0,986,789,589,493
2026/02/05/15:15:44,3172.224652,0.896156,0.759340,0.948094,0.777374,67,50,52,36,3,0,1,0,986,789,589,493
2026/02/05/15:15:45,3173.225333,0.896156,0.759340,0.948094,0.777374,67,50,52,36,3,0,1,0,986,789,589,493
2026/02/05/15:15:46,3174.226052,0.896156,0.759340,0.948094,0.777374,67,50,52,36,3,0,1,0,986,789,589,493
2026/02/05/15:15:47,3175.226758,0.896156,0.759340,0.948094,0.777374,67,50,52,36,3,0,1,0,986,789,589,493
2026/02/05/15:15:48,3176.227326,0.896156,0.759340,0.948094,0.777374,67,50,52,36,3,0,1,0,986,789,589,493
2026/02/05/15:15:49,3177.227947,0.896156,0.759340,0.948094,0.777374,67,50,52,36,3,0,1,0,986,789,589,493
2026/02/05/15:15:50,3178.228611,0.896156,0.759340,0.905625,0.772508,67,50,52,36,0,0,1,0,986,789,589,493
2026/02/05/15:15:51,3179.229361,0.896156,0.759340,0.905625,0.772508,67,50,52,36,0,0,1,0,986,789,589,493
2026/02/05/15:15:52,3180.230039,0.896156,0.759340,0.905625,0.772508,67,50,52,36,0,0,1,0,986,789,589,493
2026/02/05/15:15:53,3181.230608,0.923156,0.793353,0.932625,0.806521,70,55,55,36,0,0,1,0,986,789,589,493
2026/02/05/15:15:54,3182.231280,0.923156,0.793353,0.932625,0.806521,70,55,55,36,0,0,1,0,986,789,589,493
2026/02/05/15:15:55,3183.231946,0.923156,0.793353,0.932625,0.806521,70,55,55,36,0,0,1,0,986,789,589,493
2026/02/05/15:15:56,3184.232630,0.923156,0.793353,0.932625,0.806521,70,55,55,36,0,0,1,0,986,789,589,493
2026/02/05/15:15:57,3185.233169,0.923156,0.793353,0.932625,0.806521,70,55,55,36,0,0,1,0,986,789,589,493
2026/02/05/15:15:58,3186.233708,0.923156,0.793353,0.932625,0.806521,70,55,55,36,0,0,1,0,986,789,589,493
2026/02/05/15:15:59,3187.234489,0.923156,0.793353,0.932625,0.806521,70,55,55,36,0,0,1,0,986,789,589,493
2026/02/05/15:16:00,3188.235046,0.919781,0.780416,0.929250,0.793584,70,53,55,36,0,0,1,0,986,791,589,493
2026/02/05/15:16:01,3189.235726,0.919781,0.780416,0.929250,0.793584,70,53,55,36,0,0,1,0,986,791,589,493
2026/02/05/15:16:02,3190.236364,0.914438,0.773798,0.923906,0.786966,70,53,52,36,0,0,1,0,986,791,592,493
2026/02/05/15:16:03,3191.237014,0.914438,0.773798,0.923906,0.786966,70,53,52,36,0,0,1,0,986,791,592,493
2026/02/05/15:16:04,3192.237572,0.914438,0.773798,0.923906,0.786966,70,53,52,36,0,0,1,0,986,791,592,493
2026/02/05/15:16:05,3193.238219,0.914438,0.773798,0.923906,0.786966,70,53,52,36,0,0,1,0,986,791,592,493
2026/02/05/15:16:06,3194.238894,0.914438,0.773798,0.923906,0.786966,70,53,52,36,0,0,1,0,986,791,592,493
2026/02/05/15:16:07,3195.239482,0.914438,0.773798,0.923906,0.786966,70,53,52,36,0,0,1,0,986,791,592,493
2026/02/05/15:16:08,3196.241231,0.903937,0.761571,0.913406,0.774739,70,50,50,36,0,0,1,0,986,794,594,493
2026/02/05/15:16:09,3197.241895,0.903937,0.761571,0.913406,0.774739,70,50,50,36,0,0,1,0,986,794,594,493
2026/02/05/15:16:10,3198.242575,0.903937,0.761571,0.913406,0.774739,70,50,50,36,0,0,1,0,986,794,594,493
2026/02/05/15:16:11,3199.243225,0.903937,0.761571,0.903937,0.761571,70,50,50,36,0,0,0,0,986,794,594,493
2026/02/05/15:16:12,3200.243911,0.923781,0.778911,0.923781,0.778911,72,50,52,36,0,0,0,0,986,794,594,493
2026/02/05/15:16:13,3201.244492,0.923781,0.778911,0.923781,0.778911,72,50,52,36,0,0,0,0,986,794,594,493
2026/02/05/15:16:14,3202.244967,0.923781,0.778911,0.923781,0.778911,72,50,52,36,0,0,0,0,986,794,594,493
2026/02/05/15:16:15,3203.245599,0.907250,0.763479,0.907250,0.763479,71,50,50,36,0,0,0,0,987,794,596,493
2026/02/05/15:16:16,3204.246158,0.907250,0.763479,0.907250,0.763479,71,50,50,36,0,0,0,0,987,794,596,493
2026/02/05/15:16:17,3205.246853,0.907250,0.763479,0.907250,0.763479,71,50,50,36,0,0,0,0,987,794,596,493
2026/02/05/15:16:18,3206.247428,0.913062,0.771229,0.913062,0.771229,71,53,50,36,0,0,0,0,987,794,596,493
2026/02/05/15:16:19,3207.248037,0.913062,0.771229,0.913062,0.771229,71,53,50,36,0,0,0,0,987,794,596,493
2026/02/05/15:16:20,3208.248682,0.913062,0.771229,0.913062,0.771229,71,53,50,36,0,0,0,0,987,794,596,493
2026/02/05/15:16:21,3209.249583,0.913062,0.771229,0.913062,0.771229,71,53,50,36,0,0,0,0,987,794,596,493
2026/02/05/15:16:22,3210.250130,0.913062,0.771229,0.913062,0.771229,71,53,50,36,0,0,0,0,987,794,596,493
2026/02/05/15:16:23,3211.250847,0.909750,0.769321,0.909750,0.769321,70,53,50,36,0,0,0,0,988,794,596,493
2026/02/05/15:16:24,3212.251563,0.909750,0.769321,0.909750,0.769321,70,53,50,36,0,0,0,0,988,794,596,493
2026/02/05/15:16:25,3213.252151,0.909750,0.769321,0.909750,0.769321,70,53,50,36,0,0,0,0,988,794,596,493
2026/02/05/15:16:26,3214.252835,0.882656,0.761882,0.882656,0.761882,67,53,50,36,0,0,0,0,991,794,596,493
2026/02/05/15:16:27,3215.253406,0.867219,0.750116,0.867219,0.750116,65,50,50,36,0,0,0,0,993,797,596,493
2026/02/05/15:16:28,3216.254031,0.867219,0.750116,0.867219,0.750116,65,50,50,36,0,0,0,0,993,797,596,493
2026/02/05/15:16:29,3217.254620,0.867219,0.750116,0.867219,0.750116,65,50,50,36,0,0,0,0,993,797,596,493
2026/02/05/15:16:30,3218.255286,0.867219,0.750116,0.867219,0.750116,65,50,50,36,0,0,0,0,993,797,596,493
2026/02/05/15:16:31,3219.255857,0.891969,0.781224,0.891969,0.781224,69,50,52,39,0,0,0,0,993,797,596,493
2026/02/05/15:16:32,3220.256451,0.891969,0.781224,0.891969,0.781224,69,50,52,39,0,0,0,0,993,797,596,493
2026/02/05/15:16:33,3221.257185,0.893875,0.784258,0.893875,0.784258,70,50,52,39,0,0,0,0,993,797,596,493
2026/02/05/15:16:34,3222.257917,0.893875,0.784258,0.893875,0.784258,70,50,52,39,0,0,0,0,993,797,596,493
2026/02/05/15:16:35,3223.258538,0.880375,0.778756,0.880375,0.778756,70,47,52,39,0,0,0,0,993,800,596,493
2026/02/05/15:16:36,3224.259302,0.878750,0.776868,0.878750,0.776868,69,47,52,39,0,0,0,0,994,800,596,493
2026/02/05/15:16:37,3225.259925,0.878750,0.776868,0.878750,0.776868,69,47,52,39,0,0,0,0,994,800,596,493
2026/02/05/15:16:38,3226.260545,0.878750,0.776868,0.878750,0.776868,69,47,52,39,0,0,0,0,994,800,596,493
2026/02/05/15:16:39,3227.261131,0.873313,0.760145,0.873313,0.760145,66,47,52,39,0,0,0,0,997,800,596,493
2026/02/05/15:16:40,3228.261853,0.873313,0.760145,0.873313,0.760145,66,47,52,39,0,0,0,0,997,800,596,493
2026/02/05/15:16:41,3229.262629,0.875031,0.762816,0.875031,0.762816,67,47,52,39,0,0,0,0,997,800,596,493
2026/02/05/15:16:42,3230.263385,0.875031,0.762816,0.875031,0.762816,67,47,52,39,0,0,0,0,997,800,596,493
2026/02/05/15:16:43,3231.263973,0.875031,0.762816,0.875031,0.762816,67,47,52,39,0,0,0,0,997,800,596,493
2026/02/05/15:16:44,3232.264607,0.863125,0.756135,0.863125,0.756135,67,47,52,36,0,0,0,0,997,800,596,496
2026/02/05/15:16:45,3233.265241,0.861406,0.753464,0.861406,0.753464,66,47,52,36,0,0,0,0,998,800,596,496
2026/02/05/15:16:46,3234.265836,0.847156,0.748066,0.847156,0.748066,66,47,50,36,0,0,0,0,998,800,598,496
2026/02/05/15:16:47,3235.266381,0.844844,0.744762,0.844844,0.744762,66,47,49,36,0,0,0,0,998,800,599,496
2026/02/05/15:16:48,3236.267055,0.844844,0.744762,0.844844,0.744762,66,47,49,36,0,0,0,0,998,800,599,496
2026/02/05/15:16:49,3237.267927,0.844844,0.744762,0.844844,0.744762,66,47,49,36,0,0,0,0,998,800,599,496
2026/02/05/15:16:50,3238.268532,0.844844,0.744762,0.844844,0.744762,66,47,49,36,0,0,0,0,998,800,599,496
2026/02/05/15:16:51,3239.269367,0.844844,0.744762,0.844844,0.744762,66,47,49,36,0,0,0,0,998,800,599,496
2026/02/05/15:16:52,3240.269940,0.889969,0.801914,0.889969,0.801914,69,47,54,40,0,0,0,0,998,800,599,496
2026/02/05/15:16:53,3241.270427,0.889969,0.801914,0.889969,0.801914,69,47,54,40,0,0,0,0,998,800,599,496
2026/02/05/15:16:54,3242.270999,0.889969,0.801914,0.889969,0.801914,69,47,54,40,0,0,0,0,998,800,599,496
2026/02/05/15:16:55,3243.271575,0.870094,0.786938,0.870094,0.786938,69,47,51,40,0,0,0,0,998,800,602,496
2026/02/05/15:16:56,3244.272382,0.870094,0.786938,0.870094,0.786938,69,47,51,40,0,0,0,0,998,800,602,496
2026/02/05/15:16:57,3245.273167,0.867875,0.773705,0.867875,0.773705,69,47,50,40,0,0,0,0,998,800,603,496
2026/02/05/15:16:58,3246.273845,0.860187,0.758201,0.860187,0.758201,67,47,50,40,0,0,0,0,1000,800,603,496
2026/02/05/15:16:59,3247.274513,0.848719,0.747561,0.848719,0.747561,67,47,49,36,0,0,0,0,1000,800,604,500
2026/02/05/15:17:00,3248.275064,0.848719,0.747561,0.848719,0.747561,67,47,49,36,0,0,0,0,1000,800,604,500
2026/02/05/15:17:01,3249.275885,0.848719,0.747561,0.848719,0.747561,67,47,49,36,0,0,0,0,1000,800,604,500
2026/02/05/15:17:02,3250.276597,0.848719,0.747561,0.848719,0.747561,67,47,49,36,0,0,0,0,1000,800,604,500
2026/02/05/15:17:03,3251.277475,0.848719,0.747561,0.848719,0.747561,67,47,49,36,0,0,0,0,1000,800,604,500
2026/02/05/15:17:04,3252.278174,0.848719,0.747561,0.848719,0.747561,67,47,49,36,0,0,0,0,1000,800,604,500
2026/02/05/15:17:05,3253.278858,0.848719,0.747561,0.848719,0.747561,67,47,49,36,0,0,0,0,1000,800,604,500
2026/02/05/15:17:06,3254.279660,0.848719,0.747561,0.848719,0.747561,67,47,49,36,0,0,0,0,1000,800,604,500
2026/02/05/15:17:07,3255.280243,0.846156,0.745541,0.846156,0.745541,66,47,49,36,0,0,0,0,1001,800,604,500
2026/02/05/15:17:08,3256.280812,0.870844,0.763775,0.870844,0.763775,70,49,50,36,0,0,0,0,1001,800,604,500
2026/02/05/15:17:09,3257.281742,0.870844,0.763775,0.870844,0.763775,70,49,50,36,0,0,0,0,1001,800,604,500
2026/02/05/15:17:10,3258.282558,0.870844,0.763775,0.870844,0.763775,70,49,50,36,0,0,0,0,1001,800,604,500
2026/02/05/15:17:11,3259.283469,0.870844,0.763775,0.870844,0.763775,70,49,50,36,0,0,0,0,1001,800,604,500
2026/02/05/15:17:12,3260.284011,0.895344,0.790188,0.917375,0.794037,71,53,51,37,1,0,0,1,1001,800,604,500
2026/02/05/15:17:13,3261.284647,0.901656,0.815672,0.930531,0.843118,70,54,51,39,2,0,0,2,1004,800,605,500
2026/02/05/15:17:14,3262.285140,0.907687,0.836140,0.934906,0.853177,68,56,50,41,2,0,0,1,1007,800,606,500
2026/02/05/15:17:15,3263.285861,0.915250,0.839639,0.964063,0.888405,69,56,51,41,5,0,1,1,1008,800,606,500
2026/02/05/15:17:16,3264.286511,0.929125,0.852484,0.985187,0.906612,73,56,51,42,6,0,2,0,1008,800,606,500
2026/02/05/15:17:17,3265.287256,0.933844,0.861378,1.023656,0.921091,77,54,51,43,9,0,2,0,1008,803,606,500
2026/02/05/15:17:18,3266.287824,0.928156,0.831147,0.999531,0.886149,77,54,51,40,9,0,0,0,1009,803,606,503
2026/02/05/15:17:19,3267.288502,0.921156,0.829456,0.992531,0.884459,77,54,50,40,9,0,0,0,1009,803,607,503
2026/02/05/15:17:20,3268.289304,0.921156,0.829456,0.973656,0.874876,77,54,50,40,7,0,0,0,1009,803,607,503
2026/02/05/15:17:21,3269.289891,0.901031,0.814952,0.953531,0.860371,77,52,50,36,7,0,0,0,1009,805,607,507
2026/02/05/15:17:22,3270.290690,0.899312,0.810453,0.951812,0.855873,77,51,50,36,7,0,0,0,1009,806,607,507
2026/02/05/15:17:23,3271.291378,0.897031,0.807113,0.949531,0.852533,76,51,50,36,7,0,0,0,1010,806,607,507
2026/02/05/15:17:24,3272.292042,0.897031,0.807113,0.949531,0.852533,76,51,50,36,7,0,0,0,1010,806,607,507
2026/02/05/15:17:25,3273.292778,0.885469,0.800065,0.937969,0.845485,76,49,50,36,7,0,0,0,1010,808,607,507
2026/02/05/15:17:26,3274.293445,0.885469,0.800065,0.937969,0.845485,76,49,50,36,7,0,0,0,1010,808,607,507
2026/02/05/15:17:27,3275.294300,0.885469,0.800065,0.937969,0.845485,76,49,50,36,7,0,0,0,1010,808,607,507
2026/02/05/15:17:28,3276.295244,0.885469,0.800065,0.937969,0.845485,76,49,50,36,7,0,0,0,1010,808,607,507
2026/02/05/15:17:29,3277.296016,0.885469,0.800065,0.937969,0.845485,76,49,50,36,7,0,0,0,1010,808,607,507
2026/02/05/15:17:30,3278.296615,0.885469,0.800065,0.937969,0.845485,76,49,50,36,7,0,0,0,1010,808,607,507
2026/02/05/15:17:31,3279.297159,0.890344,0.795653,0.931594,0.839211,76,49,49,36,6,0,0,0,1011,808,608,507
2026/02/05/15:17:32,3280.297659,0.887844,0.793942,0.929094,0.837500,75,49,49,36,6,0,0,0,1012,808,608,507
2026/02/05/15:17:33,3281.298404,0.887844,0.793942,0.929094,0.837500,75,49,49,36,6,0,0,0,1012,808,608,507
2026/02/05/15:17:34,3282.298995,0.887844,0.793942,0.929094,0.837500,75,49,49,36,6,0,0,0,1012,808,608,507
2026/02/05/15:17:35,3283.299481,0.887844,0.793942,0.929094,0.837500,75,49,49,36,6,0,0,0,1012,808,608,507
2026/02/05/15:17:36,3284.300156,0.887219,0.794143,0.895344,0.831914,75,49,49,36,3,0,0,0,1013,808,608,507
2026/02/05/15:17:37,3285.300723,0.887219,0.794143,0.895344,0.831914,75,49,49,36,3,0,0,0,1013,808,608,507
2026/02/05/15:17:38,3286.301614,0.887219,0.794143,0.895344,0.831914,75,49,49,36,3,0,0,0,1013,808,608,507
2026/02/05/15:17:39,3287.302514,0.887219,0.794143,0.895344,0.831914,75,49,49,36,3,0,0,0,1013,808,608,507
2026/02/05/15:17:40,3288.303170,0.887156,0.794053,0.889844,0.806613,75,49,49,36,1,0,0,0,1014,808,608,507
2026/02/05/15:17:41,3289.304141,0.887156,0.794053,0.889844,0.806613,75,49,49,36,1,0,0,0,1014,808,608,507
2026/02/05/15:17:42,3290.304955,0.887156,0.794053,0.889844,0.806613,75,49,49,36,1,0,0,0,1014,808,608,507
2026/02/05/15:17:43,3291.305524,0.887156,0.794053,0.889844,0.806613,75,49,49,36,1,0,0,0,1014,808,608,507
2026/02/05/15:17:44,3292.305994,0.887156,0.794053,0.889844,0.806613,75,49,49,36,1,0,0,0,1014,808,608,507
2026/02/05/15:17:45,3293.306533,0.887156,0.794053,0.889844,0.806613,75,49,49,36,1,0,0,0,1014,808,608,507
2026/02/05/15:17:46,3294.307233,0.887156,0.794053,0.889844,0.806613,75,49,49,36,1,0,0,0,1014,808,608,507
2026/02/05/15:17:47,3295.308125,0.887156,0.794053,0.889844,0.806613,75,49,49,36,1,0,0,0,1014,808,608,507
2026/02/05/15:17:48,3296.308707,0.899375,0.787205,0.899375,0.787205,77,49,49,36,0,0,0,0,1015,808,608,507
2026/02/05/15:17:49,3297.309355,0.907906,0.795729,0.949719,0.811761,77,49,50,39,3,0,0,0,1015,808,608,507
2026/02/05/15:17:50,3298.309804,0.902656,0.790298,0.944469,0.806331,74,49,50,39,3,0,0,0,1018,808,608,507
2026/02/05/15:17:51,3299.320007,0.916406,0.814316,0.958219,0.830348,72,58,50,39,3,0,0,0,1020,808,608,507
2026/02/05/15:17:52,3300.320709,0.925156,0.820978,0.968531,0.843233,72,60,50,40,4,0,2,2,1020,808,608,507
2026/02/05/15:17:53,3301.321329,0.924188,0.813015,0.970375,0.827694,72,55,50,42,6,0,2,0,1020,813,608,507
2026/02/05/15:17:54,3302.321854,0.923594,0.812095,0.964656,0.824970,73,54,50,42,5,0,2,0,1020,814,608,507
2026/02/05/15:17:55,3303.322485,0.940844,0.851598,0.981906,0.864473,75,56,53,43,5,0,2,0,1020,814,608,507
2026/02/05/15:17:56,3304.322954,0.949906,0.871757,0.991062,0.898120,77,58,55,42,5,0,2,2,1020,814,608,508
2026/02/05/15:17:57,3305.323503,0.954063,0.875587,0.988156,0.901132,77,60,55,42,5,1,2,0,1020,814,608,509
2026/02/05/15:17:58,3306.323928,0.956594,0.872070,0.986031,0.888680,77,62,53,42,2,2,2,0,1020,816,610,509
2026/02/05/15:17:59,3307.324390,0.946719,0.857748,0.973375,0.870233,77,58,53,42,2,1,2,0,1020,820,610,509
2026/02/05/15:18:00,3308.324958,0.940000,0.854249,0.956406,0.863128,75,58,53,42,0,1,2,0,1022,820,610,509
2026/02/05/15:18:01,3309.325501,0.932562,0.843066,0.948969,0.851944,75,58,53,40,0,1,2,0,1022,820,610,511
2026/02/05/15:18:02,3310.326186,0.932562,0.843066,0.948969,0.851944,75,58,53,40,0,1,2,0,1022,820,610,511
2026/02/05/15:18:03,3311.326744,0.923219,0.833033,0.937031,0.839228,74,54,53,40,0,1,2,0,1023,825,610,511
2026/02/05/15:18:04,3312.327171,0.945969,0.864314,0.988906,0.897394,75,56,54,45,0,0,8,0,1023,825,610,511
2026/02/05/15:18:05,3313.327627,0.951031,0.886964,0.993969,0.920044,75,56,57,45,0,0,8,0,1023,825,610,511
2026/02/05/15:18:06,3314.328266,0.947469,0.883337,0.990406,0.916418,75,56,56,45,0,0,8,0,1023,825,611,511
2026/02/05/15:18:07,3315.328713,0.954406,0.887771,1.000813,0.939891,76,56,57,45,0,2,6,2,1023,825,611,511
2026/02/05/15:18:08,3316.329184,0.953656,0.888124,0.997062,0.935966,76,57,57,43,0,1,6,2,1023,825,611,513
2026/02/05/15:18:09,3317.329654,0.950656,0.883846,0.991062,0.927410,76,56,57,43,0,0,6,2,1023,826,611,513
2026/02/05/15:18:10,3318.330333,0.946844,0.878332,0.978625,0.918032,76,55,57,43,0,0,5,1,1023,827,612,513
2026/02/05/15:18:11,3319.330910,0.946844,0.878332,0.978625,0.918032,76,55,57,43,0,0,5,1,1023,827,612,513
2026/02/05/15:18:12,3320.331450,0.941750,0.874646,0.973531,0.914346,75,54,57,43,0,0,5,1,1024,828,612,513
2026/02/05/15:18:13,3321.331873,0.944125,0.874052,0.971719,0.912091,75,53,58,43,0,0,4,1,1024,829,612,513
2026/02/05/15:18:14,3322.332569,0.940312,0.865553,0.967906,0.903593,75,53,56,43,0,0,4,1,1024,829,614,513
2026/02/05/15:18:15,3323.333334,0.940312,0.865553,0.967906,0.903593,75,53,56,43,0,0,4,1,1024,829,614,513
2026/02/05/15:18:16,3324.333985,0.949313,0.875676,0.988906,0.929387,75,53,60,43,6,0,3,1,1025,829,614,513
2026/02/05/15:18:17,3325.334539,0.959469,0.881594,1.005781,0.912866,80,53,59,44,1,0,4,1,1025,829,615,513
2026/02/05/15:18:18,3326.334997,0.965406,0.870398,0.999219,0.884979,79,53,57,49,1,0,3,0,1027,830,618,513
2026/02/05/15:18:19,3327.335615,0.965688,0.867962,0.999500,0.882543,79,53,54,51,1,0,3,0,1027,830,621,513
2026/02/05/15:18:20,3328.336246,0.948844,0.852504,0.962156,0.856131,79,53,53,50,0,0,1,0,1028,830,624,514
2026/02/05/15:18:21,3329.336892,0.944031,0.836311,0.957344,0.839938,77,53,53,50,0,0,1,0,1030,830,624,514
2026/02/05/15:18:22,3330.337450,0.944031,0.836311,0.957344,0.839938,77,53,53,50,0,0,1,0,1030,830,624,514
2026/02/05/15:18:23,3331.337889,0.944531,0.844482,0.997250,0.873230,83,57,50,47,1,2,1,2,1030,830,628,517
2026/02/05/15:18:24,3332.338410,0.950594,0.854476,1.023719,0.896715,84,58,51,47,2,4,1,2,1030,830,628,517
2026/02/05/15:18:25,3333.338939,0.956344,0.861397,1.019688,0.892817,85,58,51,47,1,3,1,2,1031,835,629,517
2026/02/05/15:18:26,3334.339521,0.957094,0.871442,0.997188,0.893510,87,61,51,44,0,3,1,0,1032,836,629,520
2026/02/05/15:18:27,3335.340058,0.943375,0.852542,0.983469,0.874610,84,57,51,44,0,3,1,0,1035,840,629,520
2026/02/05/15:18:28,3336.340543,0.938187,0.843817,0.978281,0.865885,82,57,51,44,0,3,1,0,1037,840,629,520
2026/02/05/15:18:29,3337.341041,0.938187,0.843817,0.978281,0.865885,82,57,51,44,0,3,1,0,1037,840,629,520
2026/02/05/15:18:30,3338.341565,0.938250,0.845013,0.971812,0.863235,81,58,51,44,0,2,1,0,1038,840,629,520
2026/02/05/15:18:31,3339.342137,0.936594,0.843088,0.970156,0.861310,80,58,51,44,0,2,1,0,1039,840,629,520
2026/02/05/15:18:32,3340.342965,0.932906,0.841077,0.966469,0.859299,80,58,50,44,0,2,1,0,1039,840,630,520
2026/02/05/15:18:33,3341.343706,0.917875,0.830500,0.951438,0.848722,80,55,50,44,0,2,1,0,1039,843,630,520
2026/02/05/15:18:34,3342.344362,0.914312,0.825077,0.947875,0.843299,78,55,50,44,0,2,1,0,1041,843,630,520
2026/02/05/15:18:35,3343.344843,0.914312,0.825077,0.947875,0.843299,78,55,50,44,0,2,1,0,1041,843,630,520
2026/02/05/15:18:36,3344.345458,0.914312,0.825077,0.947875,0.843299,78,55,50,44,0,2,1,0,1041,843,630,520
2026/02/05/15:18:37,3345.346004,0.914312,0.825077,0.947875,0.843299,78,55,50,44,0,2,1,0,1041,843,630,520
2026/02/05/15:18:38,3346.346692,0.914312,0.825077,0.947875,0.843299,78,55,50,44,0,2,1,0,1041,843,630,520
2026/02/05/15:18:39,3347.347526,0.914312,0.825077,0.947875,0.843299,78,55,50,44,0,2,1,0,1041,843,630,520
2026/02/05/15:18:40,3348.348425,0.904312,0.821929,0.917625,0.825556,78,54,50,44,0,0,1,0,1041,844,630,520
2026/02/05/15:18:41,3349.349036,0.902687,0.818699,0.916000,0.822326,78,54,50,43,0,0,1,0,1041,844,630,521
2026/02/05/15:18:42,3350.349729,0.902687,0.818699,0.916000,0.822326,78,54,50,43,0,0,1,0,1041,844,630,521
2026/02/05/15:18:43,3351.350415,0.891437,0.809028,0.904750,0.812655,78,54,50,40,0,0,1,0,1041,844,630,524
2026/02/05/15:18:44,3352.351127,0.891437,0.809028,0.904750,0.812655,78,54,50,40,0,0,1,0,1041,844,630,524
2026/02/05/15:18:45,3353.351681,0.875281,0.796463,0.888594,0.800090,77,52,49,40,0,0,1,0,1042,846,631,524
2026/02/05/15:18:46,3354.352279,0.875281,0.796463,0.888594,0.800090,77,52,49,40,0,0,1,0,1042,846,631,524
2026/02/05/15:18:47,3355.352920,0.875281,0.796463,0.888594,0.800090,77,52,49,40,0,0,1,0,1042,846,631,524
2026/02/05/15:18:48,3356.353435,0.889563,0.809204,0.913594,0.814646,77,52,50,43,0,0,2,0,1042,847,631,524
2026/02/05/15:18:49,3357.354177,0.897062,0.816147,0.921094,0.821590,77,55,50,43,0,0,2,0,1042,847,631,524
2026/02/05/15:18:50,3358.354663,0.897062,0.816147,0.921094,0.821590,77,55,50,43,0,0,2,0,1042,847,631,524
2026/02/05/15:18:51,3359.355338,0.891906,0.805392,0.915937,0.810834,77,55,50,40,0,0,2,0,1042,847,631,527
2026/02/05/15:18:52,3360.356015,0.891906,0.805392,0.915937,0.810834,77,55,50,40,0,0,2,0,1042,847,631,527
2026/02/05/15:18:53,3361.356871,0.890219,0.803508,0.914250,0.808951,77,54,50,40,0,0,2,0,1042,848,631,527
2026/02/05/15:18:54,3362.357481,0.890219,0.803508,0.914250,0.808951,77,54,50,40,0,0,2,0,1042,848,631,527
2026/02/05/15:18:55,3363.358182,0.890219,0.803508,0.914250,0.808951,77,54,50,40,0,0,2,0,1042,848,631,527
2026/02/05/15:18:56,3364.358929,0.890219,0.803508,0.914250,0.808951,77,54,50,40,0,0,2,0,1042,848,631,527
2026/02/05/15:18:57,3365.359522,0.890219,0.803508,0.914250,0.808951,77,54,50,40,0,0,2,0,1042,848,631,527
2026/02/05/15:18:58,3366.360275,0.890219,0.803508,0.914250,0.808951,77,54,50,40,0,0,2,0,1042,848,631,527
2026/02/05/15:18:59,3367.360861,0.899219,0.811152,0.923250,0.816595,80,55,50,40,0,0,2,0,1042,848,631,527
2026/02/05/15:19:00,3368.361329,0.914438,0.821905,0.938469,0.827348,84,55,50,42,0,0,2,0,1042,848,631,527
2026/02/05/15:19:01,3369.362036,0.914438,0.821905,0.938469,0.827348,84,55,50,42,0,0,2,0,1042,848,631,527
2026/02/05/15:19:02,3370.362717,0.907438,0.823927,0.931469,0.829370,83,54,50,42,0,0,2,0,1043,851,631,527
2026/02/05/15:19:03,3371.363508,0.907438,0.823927,0.931469,0.829370,83,54,50,42,0,0,2,0,1043,851,631,527
2026/02/05/15:19:04,3372.364037,0.896719,0.822111,0.910031,0.825738,83,54,49,42,0,0,1,0,1043,851,632,527
2026/02/05/15:19:05,3373.364714,0.896719,0.822111,0.910031,0.825738,83,54,49,42,0,0,1,0,1043,851,632,527
2026/02/05/15:19:06,3374.365285,0.888906,0.818653,0.902219,0.822280,83,54,49,40,0,0,1,0,1043,851,632,529
2026/02/05/15:19:07,3375.365952,0.928750,0.863402,0.983281,0.888061,82,60,49,43,0,4,1,0,1046,851,632,529
2026/02/05/15:19:08,3376.366651,0.926875,0.860591,0.981406,0.885251,82,59,49,43,0,4,1,0,1046,852,632,529
2026/02/05/15:19:09,3377.367275,0.926875,0.860591,0.945406,0.869990,82,59,49,43,0,1,1,0,1046,852,632,529
2026/02/05/15:19:10,3378.367908,0.926875,0.860591,0.945406,0.869990,82,59,49,43,0,1,1,0,1046,852,632,529
2026/02/05/15:19:11,3379.368528,0.921656,0.854820,0.934969,0.858447,82,58,49,43,0,0,1,0,1046,853,632,529
2026/02/05/15:19:12,3380.369362,0.893594,0.823554,0.906906,0.827181,80,53,49,43,0,0,1,0,1048,858,632,529
2026/02/05/15:19:13,3381.370157,0.893594,0.823554,0.906906,0.827181,80,53,49,43,0,0,1,0,1048,858,632,529
2026/02/05/15:19:14,3382.370740,0.896000,0.830009,0.909312,0.833637,81,53,49,43,0,0,1,0,1048,858,632,529
2026/02/05/15:19:15,3383.371365,0.914500,0.849940,0.937125,0.862699,81,56,49,47,2,0,1,0,1048,858,632,529
2026/02/05/15:19:16,3384.371861,0.931562,0.870229,0.960500,0.894681,82,57,52,48,2,0,1,2,1048,858,632,529
2026/02/05/15:19:17,3385.372338,0.930406,0.869987,0.957719,0.896689,80,57,52,48,1,0,1,3,1051,858,632,529
2026/02/05/15:19:18,3386.372906,0.927719,0.872228,0.948719,0.887236,77,57,52,50,1,0,1,1,1054,858,632,529
2026/02/05/15:19:19,3387.373401,0.911156,0.853006,0.924469,0.856633,75,57,50,49,0,0,1,0,1056,859,634,531
2026/02/05/15:19:20,3388.373913,0.902344,0.854087,0.915656,0.857714,75,57,49,49,0,0,1,0,1056,859,637,531
2026/02/05/15:19:21,3389.374558,0.902344,0.854087,0.915656,0.857714,75,57,49,49,0,0,1,0,1056,859,637,531
2026/02/05/15:19:22,3390.375103,0.902344,0.854087,0.930219,0.859409,75,57,49,49,1,0,1,0,1056,859,637,531
2026/02/05/15:19:23,3391.375691,0.898031,0.843417,0.925906,0.848739,75,55,49,49,1,0,1,0,1056,861,637,531
2026/02/05/15:19:24,3392.376311,0.898031,0.843417,0.925906,0.848739,75,55,49,49,1,0,1,0,1056,861,637,531
2026/02/05/15:19:25,3393.376916,0.898031,0.843417,0.925906,0.848739,75,55,49,49,1,0,1,0,1056,861,637,531
2026/02/05/15:19:26,3394.377527,0.898031,0.843417,0.911344,0.847044,75,55,49,49,0,0,1,0,1056,861,637,531
2026/02/05/15:19:27,3395.378260,0.898031,0.843417,0.911344,0.847044,75,55,49,49,0,0,1,0,1056,861,637,531
2026/02/05/15:19:28,3396.378904,0.886719,0.829213,0.900031,0.832840,75,52,48,49,0,0,1,0,1056,864,638,531
2026/02/05/15:19:29,3397.379575,0.886719,0.829213,0.900031,0.832840,75,52,48,49,0,0,1,0,1056,864,638,531
2026/02/05/15:19:30,3398.380156,0.886719,0.829213,0.900031,0.832840,75,52,48,49,0,0,1,0,1056,864,638,531
2026/02/05/15:19:31,3399.380838,0.886719,0.829213,0.900031,0.832840,75,52,48,49,0,0,1,0,1056,864,638,531
2026/02/05/15:19:32,3400.381429,0.886719,0.829213,0.900031,0.832840,75,52,48,49,0,0,1,0,1056,864,638,531
2026/02/05/15:19:33,3401.381971,0.884156,0.825627,0.884156,0.825627,75,50,49,49,0,0,0,0,1056,866,638,531
2026/02/05/15:19:34,3402.382617,0.878437,0.818346,0.878437,0.818346,75,50,49,46,0,0,0,0,1056,866,638,534
2026/02/05/15:19:35,3403.383355,0.878437,0.818346,0.878437,0.818346,75,50,49,46,0,0,0,0,1056,866,638,534
2026/02/05/15:19:36,3404.384175,0.878437,0.818346,0.878437,0.818346,75,50,49,46,0,0,0,0,1056,866,638,534
2026/02/05/15:19:37,3405.384678,0.878437,0.818346,0.878437,0.818346,75,50,49,46,0,0,0,0,1056,866,638,534
2026/02/05/15:19:38,3406.385412,0.878437,0.818346,0.878437,0.818346,75,50,49,46,0,0,0,0,1056,866,638,534
2026/02/05/15:19:39,3407.386013,0.860250,0.802792,0.860250,0.802792,74,50,49,43,0,0,0,0,1057,866,638,537
2026/02/05/15:19:40,3408.386652,0.854187,0.789162,0.854187,0.789162,74,50,49,41,0,0,0,0,1057,866,638,539
2026/02/05/15:19:41,3409.387375,0.854187,0.789162,0.854187,0.789162,74,50,49,41,0,0,0,0,1057,866,638,539
2026/02/05/15:19:42,3410.388079,0.854187,0.789162,0.854187,0.789162,74,50,49,41,0,0,0,0,1057,866,638,539
2026/02/05/15:19:43,3411.388820,0.854187,0.789162,0.854187,0.789162,74,50,49,41,0,0,0,0,1057,866,638,539
2026/02/05/15:19:44,3412.389464,0.854187,0.789162,0.854187,0.789162,74,50,49,41,0,0,0,0,1057,866,638,539
2026/02/05/15:19:45,3413.390213,0.826125,0.770117,0.826125,0.770117,72,50,49,41,0,0,0,0,1059,866,638,539
2026/02/05/15:19:46,3414.390770,0.826125,0.770117,0.826125,0.770117,72,50,49,41,0,0,0,0,1059,866,638,539
2026/02/05/15:19:47,3415.391344,0.826125,0.770117,0.826125,0.770117,72,50,49,41,0,0,0,0,1059,866,638,539
2026/02/05/15:19:48,3416.392182,0.821063,0.760666,0.821063,0.760666,69,50,49,41,0,0,0,0,1062,866,638,539
2026/02/05/15:19:49,3417.392780,0.817750,0.755440,0.817750,0.755440,69,50,49,39,0,0,0,0,1062,866,638,541
2026/02/05/15:19:50,3418.393414,0.817750,0.755440,0.817750,0.755440,69,50,49,39,0,0,0,0,1062,866,638,541
2026/02/05/15:19:51,3419.394150,0.817750,0.755440,0.817750,0.755440,69,50,49,39,0,0,0,0,1062,866,638,541
2026/02/05/15:19:52,3420.394756,0.853031,0.792971,0.853031,0.792971,72,55,49,39,0,0,0,0,1062,866,638,541
2026/02/05/15:19:53,3421.395614,0.862844,0.817010,0.867750,0.829030,72,55,49,41,0,0,0,1,1062,866,638,541
2026/02/05/15:19:54,3422.396420,0.859469,0.815015,0.864375,0.827035,72,55,48,41,0,0,0,1,1062,866,639,541
2026/02/05/15:19:55,3423.397022,0.857875,0.812528,0.862781,0.824547,71,55,48,41,0,0,0,1,1063,866,639,541
2026/02/05/15:19:56,3424.397736,0.844750,0.806861,0.849656,0.818880,71,52,48,41,0,0,0,1,1063,869,639,541
2026/02/05/15:19:57,3425.398405,0.844750,0.806861,0.849656,0.818880,71,52,48,41,0,0,0,1,1063,869,639,541
2026/02/05/15:19:58,3426.399157,0.844750,0.806861,0.849656,0.818880,71,52,48,41,0,0,0,1,1063,869,639,541
2026/02/05/15:19:59,3427.399931,0.844750,0.806861,0.849656,0.818880,71,52,48,41,0,0,0,1,1063,869,639,541
2026/02/05/15:20:00,3428.400586,0.844750,0.806861,0.849656,0.818880,71,52,48,41,0,0,0,1,1063,869,639,541
2026/02/05/15:20:01,3429.401376,0.844750,0.806861,0.849656,0.818880,71,52,48,41,0,0,0,1,1063,869,639,541
2026/02/05/15:20:02,3430.401939,0.844750,0.806861,0.849656,0.818880,71,52,48,41,0,0,0,1,1063,869,639,541
2026/02/05/15:20:03,3431.402701,0.856531,0.815452,0.861437,0.827472,72,52,51,41,0,0,0,1,1063,869,639,541
2026/02/05/15:20:04,3432.403309,0.873313,0.821829,0.878219,0.833848,72,55,51,41,0,0,0,1,1063,869,639,541
2026/02/05/15:20:05,3433.403873,0.863187,0.814942,0.868094,0.826961,72,55,48,41,0,0,0,1,1063,869,642,541
2026/02/05/15:20:06,3434.404426,0.861531,0.813238,0.866437,0.825257,71,55,48,41,0,0,0,1,1064,869,642,541
2026/02/05/15:20:07,3435.404987,0.887000,0.825206,0.891906,0.837225,73,55,51,41,0,0,0,1,1064,869,642,541
2026/02/05/15:20:08,3436.405718,0.887000,0.825206,0.891906,0.837225,73,55,51,41,0,0,0,1,1064,869,642,541
2026/02/05/15:20:09,3437.406225,0.887000,0.825206,0.891906,0.837225,73,55,51,41,0,0,0,1,1064,869,642,541
2026/02/05/15:20:10,3438.406704,0.870219,0.818829,0.875125,0.830848,73,52,51,41,0,0,0,1,1064,872,642,541
2026/02/05/15:20:11,3439.407357,0.870219,0.818829,0.875125,0.830848,73,52,51,41,0,0,0,1,1064,872,642,541
2026/02/05/15:20:12,3440.407903,0.849688,0.812369,0.854594,0.824388,73,52,48,41,0,0,0,1,1064,872,645,541
2026/02/05/15:20:13,3441.408586,0.849688,0.812369,0.854594,0.824388,73,52,48,41,0,0,0,1,1064,872,645,541
2026/02/05/15:20:14,3442.409145,0.844750,0.806861,0.849656,0.818880,71,52,48,41,0,0,0,1,1066,872,645,541
2026/02/05/15:20:15,3443.409995,0.844750,0.806861,0.849656,0.818880,71,52,48,41,0,0,0,1,1066,872,645,541
2026/02/05/15:20:16,3444.410834,0.843000,0.804344,0.847906,0.816364,70,52,48,41,0,0,0,1,1067,872,645,541
2026/02/05/15:20:17,3445.411688,0.843000,0.804344,0.847906,0.816364,70,52,48,41,0,0,0,1,1067,872,645,541
2026/02/05/15:20:18,3446.412387,0.843000,0.804344,0.847906,0.816364,70,52,48,41,0,0,0,1,1067,872,645,541
2026/02/05/15:20:19,3447.427274,0.864375,0.834784,0.869281,0.846803,74,56,49,41,0,0,0,1,1067,872,645,541
2026/02/05/15:20:20,3448.427735,0.872125,0.838189,0.877031,0.850208,74,58,49,41,0,0,0,1,1067,872,645,541
2026/02/05/15:20:21,3449.428356,0.872125,0.838189,0.877031,0.850208,74,58,49,41,0,0,0,1,1067,872,645,541
2026/02/05/15:20:22,3450.428888,0.866688,0.833765,0.871594,0.845784,74,56,49,41,0,0,0,1,1067,874,645,541
2026/02/05/15:20:23,3451.429381,0.864656,0.827095,0.869563,0.839114,74,55,49,41,0,0,0,1,1067,875,645,541
2026/02/05/15:20:24,3452.429952,0.854875,0.813779,0.859781,0.825798,71,54,49,41,0,0,0,1,1070,876,645,541
2026/02/05/15:20:25,3453.430540,0.852406,0.810353,0.863437,0.812095,71,52,49,42,1,0,0,0,1070,878,645,541
2026/02/05/15:20:26,3454.431243,0.852406,0.810353,0.863437,0.812095,71,52,49,42,1,0,0,0,1070,878,645,541
2026/02/05/15:20:27,3455.431998,0.850500,0.807320,0.861531,0.809062,70,52,49,42,1,0,0,0,1071,878,645,541
2026/02/05/15:20:28,3456.432586,0.881313,0.828078,0.892344,0.829820,73,54,49,45,1,0,0,0,1071,879,645,541
2026/02/05/15:20:29,3457.433326,0.894156,0.857656,0.901563,0.898646,73,54,53,45,0,0,0,3,1071,879,645,541
2026/02/05/15:20:30,3458.433866,0.871781,0.848832,0.879188,0.889822,73,51,53,43,0,0,0,3,1071,882,645,543
2026/02/05/15:20:31,3459.434531,0.864000,0.822887,0.871406,0.863877,73,51,50,43,0,0,0,3,1071,882,648,543
2026/02/05/15:20:32,3460.435244,0.852062,0.806989,0.859469,0.847979,70,49,50,43,0,0,0,3,1074,884,648,543
2026/02/05/15:20:33,3461.436007,0.847000,0.803355,0.854406,0.844345,70,49,49,43,0,0,0,3,1074,884,649,543
2026/02/05/15:20:34,3462.436785,0.843125,0.799963,0.850531,0.840953,70,49,49,42,0,0,0,3,1074,884,649,544
2026/02/05/15:20:35,3463.437440,0.841344,0.797497,0.848750,0.838487,69,49,49,42,0,0,0,3,1075,884,649,544
2026/02/05/15:20:36,3464.438064,0.841344,0.797497,0.848750,0.838487,69,49,49,42,0,0,0,3,1075,884,649,544
2026/02/05/15:20:37,3465.438762,0.841344,0.797497,0.848750,0.838487,69,49,49,42,0,0,0,3,1075,884,649,544
2026/02/05/15:20:38,3466.439395,0.841344,0.797497,0.848750,0.838487,69,49,49,42,0,0,0,3,1075,884,649,544
2026/02/05/15:20:39,3467.440036,0.841344,0.797497,0.848750,0.838487,69,49,49,42,0,0,0,3,1075,884,649,544
2026/02/05/15:20:40,3468.440689,0.867500,0.804396,0.874906,0.845386,69,52,49,43,0,0,0,3,1075,884,649,544
2026/02/05/15:20:41,3469.441279,0.867500,0.804396,0.874906,0.845386,69,52,49,43,0,0,0,3,1075,884,649,544
2026/02/05/15:20:42,3470.442046,0.857844,0.800026,0.865250,0.841016,69,52,48,42,0,0,0,3,1075,884,650,545
2026/02/05/15:20:43,3471.442910,0.857844,0.800026,0.865250,0.841016,69,52,48,42,0,0,0,3,1075,884,650,545
2026/02/05/15:20:44,3472.443503,0.873844,0.841203,0.902406,0.895638,72,54,48,43,3,0,0,2,1075,885,650,545
2026/02/05/15:20:45,3473.444160,0.873844,0.841203,0.902406,0.895638,72,54,48,43,3,0,0,2,1075,885,650,545
2026/02/05/15:20:46,3474.444712,0.882594,0.851897,0.918875,0.910792,74,54,51,43,3,0,0,3,1075,885,650,545
2026/02/05/15:20:47,3475.445422,0.882594,0.851897,0.895250,0.883683,74,54,51,43,0,0,0,3,1075,885,650,545
2026/02/05/15:20:48,3476.446121,0.882594,0.851897,0.895250,0.883683,74,54,51,43,0,0,0,3,1075,885,650,545
2026/02/05/15:20:49,3477.446693,0.855625,0.830125,0.860563,0.857451,74,48,48,44,0,0,0,2,1075,891,653,545
2026/02/05/15:20:50,3478.447293,0.855625,0.830125,0.860563,0.857451,74,48,48,44,0,0,0,2,1075,891,653,545
2026/02/05/15:20:51,3479.447822,0.847094,0.822934,0.852031,0.850261,71,48,48,44,0,0,0,2,1078,891,653,545
2026/02/05/15:20:52,3480.448593,0.847094,0.822934,0.852031,0.850261,71,48,48,44,0,0,0,2,1078,891,653,545
2026/02/05/15:20:53,3481.449420,0.840719,0.818006,0.845656,0.845332,71,48,46,44,0,0,0,2,1078,891,655,545
2026/02/05/15:20:54,3482.450183,0.863406,0.853182,0.872875,0.890452,71,51,49,48,0,0,1,2,1078,891,655,545
2026/02/05/15:20:55,3483.450797,0.863406,0.853182,0.872875,0.890452,71,51,49,48,0,0,1,2,1078,891,655,545
2026/02/05/15:20:56,3484.451682,0.863406,0.853182,0.872875,0.890452,71,51,49,48,0,0,1,2,1078,891,655,545
2026/02/05/15:20:57,3485.452252,0.872125,0.862369,0.891531,0.916676,75,51,49,48,0,2,1,2,1078,891,655,545
2026/02/05/15:20:58,3486.452922,0.866625,0.856190,0.871594,0.864709,75,49,50,45,0,1,0,0,1078,894,655,548
2026/02/05/15:20:59,3487.453878,0.861656,0.847671,0.861656,0.847671,75,48,50,45,0,0,0,0,1078,895,655,548
2026/02/05/15:21:00,3488.454427,0.856594,0.843155,0.856594,0.843155,73,48,50,45,0,0,0,0,1080,895,655,548
2026/02/05/15:21:01,3489.455054,0.850531,0.830000,0.850531,0.830000,71,48,50,45,0,0,0,0,1082,895,655,548
2026/02/05/15:21:02,3490.455821,0.850531,0.830000,0.850531,0.830000,71,48,50,45,0,0,0,0,1082,895,655,548
2026/02/05/15:21:03,3491.456395,0.850531,0.830000,0.850531,0.830000,71,48,50,45,0,0,0,0,1082,895,655,548
2026/02/05/15:21:04,3492.457040,0.850531,0.830000,0.850531,0.830000,71,48,50,45,0,0,0,0,1082,895,655,548
2026/02/05/15:21:05,3493.457615,0.847437,0.812016,0.847437,0.812016,70,49,50,43,0,0,0,0,1083,895,655,550
2026/02/05/15:21:06,3494.458288,0.847437,0.812016,0.847437,0.812016,70,49,50,43,0,0,0,0,1083,895,655,550
2026/02/05/15:21:07,3495.459014,0.842906,0.802073,0.842906,0.802073,70,49,49,43,0,0,0,0,1083,895,656,550
2026/02/05/15:21:08,3496.459930,0.842906,0.802073,0.842906,0.802073,70,49,49,43,0,0,0,0,1083,895,656,550
2026/02/05/15:21:09,3497.460599,0.866344,0.831412,0.866344,0.831412,75,49,50,45,0,0,0,0,1083,895,656,550
2026/02/05/15:21:10,3498.461397,0.866344,0.831412,0.866344,0.831412,75,49,50,45,0,0,0,0,1083,895,656,550
2026/02/05/15:21:11,3499.461880,0.850812,0.807945,0.850812,0.807945,72,49,50,43,0,0,0,0,1086,895,656,552
2026/02/05/15:21:12,3500.462635,0.849219,0.806244,0.849219,0.806244,72,49,49,43,0,0,0,0,1086,895,657,552
2026/02/05/15:21:13,3501.468885,0.835562,0.787324,0.835562,0.787324,72,46,46,43,0,0,0,0,1086,898,660,552
2026/02/05/15:21:14,3502.469461,0.829250,0.783153,0.829250,0.783153,70,46,46,43,0,0,0,0,1088,898,660,552
2026/02/05/15:21:15,3503.470000,0.840313,0.800006,0.840313,0.800006,75,46,46,44,0,0,0,0,1088,898,660,552
2026/02/05/15:21:16,3504.470826,0.884938,0.836714,0.899062,0.840412,76,51,48,45,2,0,0,0,1088,898,660,552
2026/02/05/15:21:17,3505.471599,0.884938,0.836714,0.899062,0.840412,76,51,48,45,2,0,0,0,1088,898,660,552
2026/02/05/15:21:18,3506.472298,0.884938,0.836714,0.899062,0.840412,76,51,48,45,2,0,0,0,1088,898,660,552
2026/02/05/15:21:19,3507.472757,0.877875,0.834865,0.887938,0.836588,75,51,48,45,0,0,1,0,1089,898,660,552
2026/02/05/15:21:20,3508.473355,0.882031,0.836046,0.882031,0.836046,74,52,49,44,0,0,0,0,1092,903,660,553
2026/02/05/15:21:21,3509.473898,0.882031,0.836046,0.882031,0.836046,74,52,49,44,0,0,0,0,1092,903,660,553
2026/02/05/15:21:22,3510.474627,0.882031,0.836046,0.882031,0.836046,74,52,49,44,0,0,0,0,1092,903,660,553
2026/02/05/15:21:23,3511.475435,0.882031,0.836046,0.882031,0.836046,74,52,49,44,0,0,0,0,1092,903,660,553
2026/02/05/15:21:24,3512.475966,0.866187,0.823630,0.866187,0.823630,74,48,49,44,0,0,0,0,1092,907,660,553
2026/02/05/15:21:25,3513.476535,0.861719,0.815996,0.861719,0.815996,71,48,49,44,0,0,0,0,1096,907,660,553
2026/02/05/15:21:26,3514.477179,0.861719,0.815996,0.861719,0.815996,71,48,49,44,0,0,0,0,1096,907,660,553
2026/02/05/15:21:27,3515.477890,0.861719,0.815996,0.861719,0.815996,71,48,49,44,0,0,0,0,1096,907,660,553
2026/02/05/15:21:28,3516.478580,0.849187,0.795198,0.849187,0.795198,71,48,47,43,0,0,0,0,1096,907,662,554
2026/02/05/15:21:29,3517.479185,0.896719,0.836715,0.896719,0.836715,72,51,53,45,0,0,0,0,1096,907,662,554
2026/02/05/15:21:30,3518.480855,0.928063,0.885098,0.928063,0.885098,72,54,59,48,0,0,0,0,1096,907,662,554
2026/02/05/15:21:31,3519.481478,0.932625,0.880943,0.972906,0.907525,74,52,56,50,4,1,1,0,1096,910,665,554
2026/02/05/15:21:32,3520.482020,0.928031,0.867350,0.950594,0.871698,76,50,51,52,0,2,0,0,1096,912,670,554
2026/02/05/15:21:33,3521.482471,0.930125,0.871327,0.954719,0.905024,77,52,51,50,3,1,0,0,1096,912,670,556
2026/02/05/15:21:34,3522.482948,0.935969,0.878652,0.978187,0.919239,80,51,51,50,3,1,3,0,1096,913,670,556
2026/02/05/15:21:35,3523.483464,0.941469,0.885057,0.986781,0.929798,82,53,51,47,3,2,3,0,1096,913,670,559
2026/02/05/15:21:36,3524.484012,0.942094,0.884944,1.007000,0.954806,83,52,51,47,4,2,3,2,1096,914,670,559
2026/02/05/15:21:37,3525.484643,0.937000,0.879532,0.976250,0.944934,81,49,54,47,2,1,0,3,1099,918,670,559
2026/02/05/15:21:38,3526.485171,0.920188,0.867853,0.950438,0.905889,76,49,53,48,1,1,0,2,1104,918,671,559
2026/02/05/15:21:39,3527.485707,0.912531,0.866246,0.942781,0.904282,75,49,53,48,1,1,0,2,1105,918,671,559
2026/02/05/15:21:40,3528.486394,0.904469,0.851305,0.931688,0.876414,75,46,53,48,0,1,0,2,1105,921,671,559
2026/02/05/15:21:41,3529.487005,0.890219,0.843793,0.917438,0.868901,75,46,50,48,0,1,0,2,1105,921,674,559
2026/02/05/15:21:42,3530.487830,0.890219,0.843793,0.917438,0.868901,75,46,50,48,0,1,0,2,1105,921,674,559
2026/02/05/15:21:43,3531.488555,0.890219,0.843793,0.917438,0.868901,75,46,50,48,0,1,0,2,1105,921,674,559
2026/02/05/15:21:44,3532.489162,0.875687,0.839518,0.902906,0.864626,74,46,49,48,0,1,0,2,1106,921,675,559
2026/02/05/15:21:45,3533.489932,0.875687,0.839518,0.902906,0.864626,74,46,49,48,0,1,0,2,1106,921,675,559
2026/02/05/15:21:46,3534.490561,0.863500,0.834629,0.890719,0.859737,74,46,49,46,0,1,0,2,1106,921,675,561
2026/02/05/15:21:47,3535.491289,0.863500,0.834629,0.890719,0.859737,74,46,49,46,0,1,0,2,1106,921,675,561
2026/02/05/15:21:48,3536.492013,0.863500,0.834629,0.890719,0.859737,74,46,49,46,0,1,0,2,1106,921,675,561
2026/02/05/15:21:49,3537.492713,0.863500,0.834629,0.890719,0.859737,74,46,49,46,0,1,0,2,1106,921,675,561
2026/02/05/15:21:50,3538.493386,0.865938,0.840370,0.893156,0.865478,72,46,52,46,0,1,0,2,1108,921,675,561
2026/02/05/15:21:51,3539.493919,0.877375,0.847943,0.904594,0.873051,73,46,54,46,0,1,0,2,1108,921,675,561
2026/02/05/15:21:52,3540.494484,0.861969,0.838870,0.889188,0.863978,72,46,54,43,0,1,0,2,1109,921,675,564
2026/02/05/15:21:53,3541.495076,0.866375,0.849074,0.893594,0.874183,72,46,52,47,0,1,0,2,1109,921,677,564
2026/02/05/15:21:54,3542.495683,0.871625,0.860333,0.911781,0.901021,74,48,51,47,2,5,0,2,1109,921,678,564
2026/02/05/15:21:55,3543.496066,0.893813,0.886059,0.927625,0.933986,77,55,51,47,1,1,0,3,1109,921,678,564
2026/02/05/15:21:56,3544.496825,0.909219,0.895853,0.956219,0.989417,81,55,51,47,3,1,0,5,1109,921,678,564
2026/02/05/15:21:57,3545.497551,0.893125,0.873323,0.924438,0.936048,82,49,51,46,2,1,0,3,1109,927,678,565
2026/02/05/15:21:58,3546.498006,0.883969,0.877985,0.919344,0.940034,77,50,53,46,2,1,1,3,1114,928,678,565
2026/02/05/15:21:59,3547.498719,0.876344,0.867339,0.911719,0.929388,73,50,53,46,2,1,1,3,1118,928,678,565
2026/02/05/15:22:00,3548.499060,0.868844,0.865138,0.893437,0.890170,73,48,53,46,2,1,1,0,1118,930,678,568
2026/02/05/15:22:01,3549.499823,0.876594,0.849980,0.876594,0.849980,74,49,54,43,0,0,0,0,1119,930,678,571
2026/02/05/15:22:02,3550.500451,0.871156,0.823613,0.871156,0.823613,74,49,51,43,0,0,0,0,1119,930,681,571
2026/02/05/15:22:03,3551.501074,0.863187,0.811696,0.863187,0.811696,74,49,51,40,0,0,0,0,1119,930,681,574
2026/02/05/15:22:04,3552.501883,0.856719,0.792443,0.856719,0.792443,74,49,48,40,0,0,0,0,1119,930,684,574
2026/02/05/15:22:05,3553.502571,0.856719,0.792443,0.856719,0.792443,74,49,48,40,0,0,0,0,1119,930,684,574
2026/02/05/15:22:06,3554.503167,0.856719,0.792443,0.856719,0.792443,74,49,48,40,0,0,0,0,1119,930,684,574
2026/02/05/15:22:07,3555.503750,0.856719,0.792443,0.856719,0.792443,74,49,48,40,0,0,0,0,1119,930,684,574
2026/02/05/15:22:08,3556.504494,0.856719,0.792443,0.856719,0.792443,74,49,48,40,0,0,0,0,1119,930,684,574
2026/02/05/15:22:09,3557.505166,0.856719,0.792443,0.856719,0.792443,74,49,48,40,0,0,0,0,1119,930,684,574
2026/02/05/15:22:10,3558.505596,0.904844,0.844806,0.904844,0.844806,76,52,52,44,0,0,0,0,1119,930,684,574
2026/02/05/15:22:11,3559.506058,0.930625,0.886153,0.934750,0.887854,80,55,55,44,0,0,1,0,1119,930,684,574
2026/02/05/15:22:12,3560.506718,0.938562,0.891229,0.945063,0.917098,80,55,57,46,0,0,3,0,1119,932,684,574
2026/02/05/15:22:13,3561.507186,0.929813,0.872775,0.934562,0.892243,76,55,58,44,0,0,2,0,1123,932,684,576
2026/02/05/15:22:14,3562.507713,0.913906,0.863245,0.913906,0.863245,71,55,60,44,0,0,0,0,1128,932,684,576
2026/02/05/15:22:15,3563.508430,0.909687,0.851668,0.909687,0.851668,71,54,60,44,0,0,0,0,1128,933,684,576
2026/02/05/15:22:16,3564.508986,0.909687,0.851668,0.909687,0.851668,71,54,60,44,0,0,0,0,1128,933,684,576
2026/02/05/15:22:17,3565.509685,0.883625,0.842571,0.883625,0.842571,71,54,57,42,0,0,0,0,1128,933,687,578
2026/02/05/15:22:18,3566.510396,0.883625,0.842571,0.883625,0.842571,71,54,57,42,0,0,0,0,1128,933,687,578
2026/02/05/15:22:19,3567.510957,0.883625,0.842571,0.883625,0.842571,71,54,57,42,0,0,0,0,1128,933,687,578
2026/02/05/15:22:20,3568.511713,0.883625,0.842571,0.883625,0.842571,71,54,57,42,0,0,0,0,1128,933,687,578
2026/02/05/15:22:21,3569.512549,0.892031,0.845951,0.892031,0.845951,71,54,56,44,0,0,0,0,1128,933,690,578
2026/02/05/15:22:22,3570.513279,0.892031,0.845951,0.892031,0.845951,71,54,56,44,0,0,0,0,1128,933,690,578
2026/02/05/15:22:23,3571.513816,0.888344,0.842303,0.888344,0.842303,71,52,56,44,0,0,0,0,1128,935,690,578
2026/02/05/15:22:24,3572.514422,0.888344,0.842303,0.888344,0.842303,71,52,56,44,0,0,0,0,1128,935,690,578
2026/02/05/15:22:25,3573.515176,0.888344,0.842303,0.888344,0.842303,71,52,56,44,0,0,0,0,1128,935,690,578
2026/02/05/15:22:26,3574.515950,0.888344,0.842303,0.888344,0.842303,71,52,56,44,0,0,0,0,1128,935,690,578
2026/02/05/15:22:27,3575.516621,0.888344,0.842303,0.888344,0.842303,71,52,56,44,0,0,0,0,1128,935,690,578
2026/02/05/15:22:28,3576.517415,0.883594,0.822835,0.883594,0.822835,71,52,54,44,0,0,0,0,1128,935,692,578
2026/02/05/15:22:29,3577.518162,0.871094,0.818935,0.871094,0.818935,71,52,54,42,0,0,0,0,1128,935,692,580
2026/02/05/15:22:30,3578.518769,0.871094,0.818935,0.871094,0.818935,71,52,54,42,0,0,0,0,1128,935,692,580
2026/02/05/15:22:31,3579.519484,0.863844,0.802717,0.863844,0.802717,71,52,50,42,0,0,0,0,1128,935,696,580
2026/02/05/15:22:32,3580.520372,0.863844,0.802717,0.863844,0.802717,71,52,50,42,0,0,0,0,1128,935,696,580
2026/02/05/15:22:33,3581.521182,0.863844,0.802717,0.863844,0.802717,71,52,50,42,0,0,0,0,1128,935,696,580
2026/02/05/15:22:34,3582.521870,0.863844,0.802717,0.863844,0.802717,71,52,50,42,0,0,0,0,1128,935,696,580
2026/02/05/15:22:35,3583.522688,0.863844,0.802717,0.863844,0.802717,71,52,50,42,0,0,0,0,1128,935,696,580
2026/02/05/15:22:36,3584.523264,0.858875,0.797820,0.858875,0.797820,71,52,50,39,0,0,0,0,1128,935,696,583
2026/02/05/15:22:37,3585.524059,0.857062,0.795133,0.857062,0.795133,71,52,50,38,0,0,0,0,1128,935,696,584
2026/02/05/15:22:38,3586.524721,0.857062,0.795133,0.857062,0.795133,71,52,50,38,0,0,0,0,1128,935,696,584
2026/02/05/15:22:39,3587.525387,0.857062,0.795133,0.857062,0.795133,71,52,50,38,0,0,0,0,1128,935,696,584
2026/02/05/15:22:40,3588.526035,0.857062,0.795133,0.857062,0.795133,71,52,50,38,0,0,0,0,1128,935,696,584
2026/02/05/15:22:41,3589.526688,0.857062,0.795133,0.857062,0.795133,71,52,50,38,0,0,0,0,1128,935,696,584
2026/02/05/15:22:42,3590.527443,0.852000,0.771024,0.852000,0.771024,71,49,50,38,0,0,0,0,1128,938,696,584
2026/02/05/15:22:43,3591.528030,0.852000,0.771024,0.852000,0.771024,71,49,50,38,0,0,0,0,1128,938,696,584
2026/02/05/15:22:44,3592.528720,0.870375,0.778097,0.870375,0.778097,73,49,50,40,0,0,0,0,1128,938,696,584
2026/02/05/15:22:45,3593.529527,0.870375,0.778097,0.870375,0.778097,73,49,50,40,0,0,0,0,1128,938,696,584
2026/02/05/15:22:46,3594.530173,0.893844,0.805166,0.898125,0.819782,76,50,54,39,0,0,1,0,1129,938,696,585
2026/02/05/15:22:47,3595.530907,0.893094,0.805017,0.897375,0.819634,77,50,54,38,0,0,1,0,1129,938,696,586
2026/02/05/15:22:48,3596.531450,0.876219,0.798240,0.880500,0.812857,73,50,54,38,0,0,1,0,1133,938,696,586
2026/02/05/15:22:49,3597.532158,0.876219,0.798240,0.880500,0.812857,73,50,54,38,0,0,1,0,1133,938,696,586
2026/02/05/15:22:50,3598.532629,0.892188,0.824823,0.897062,0.871033,76,50,55,38,0,3,0,0,1133,938,698,588
2026/02/05/15:22:51,3599.533154,0.911906,0.836470,0.937906,0.891260,77,52,55,41,2,3,0,0,1133,938,698,588
2026/02/05/15:22:52,3600.533860,0.913781,0.848985,0.941594,0.911869,77,52,56,41,2,3,1,0,1133,938,699,588
2026/02/05/15:22:53,3601.534400,0.903031,0.850419,0.929031,0.905209,77,52,54,41,2,3,0,0,1133,938,702,588
2026/02/05/15:22:54,3602.534993,0.899031,0.846962,0.903906,0.893172,77,50,54,41,0,3,0,0,1133,940,702,588
2026/02/05/15:22:55,3603.535645,0.879656,0.839622,0.884531,0.885831,74,49,54,41,0,3,0,0,1136,941,702,588
2026/02/05/15:22:56,3604.536252,0.879656,0.839622,0.879656,0.839622,74,49,54,41,0,0,0,0,1136,941,702,588
2026/02/05/15:22:57,3605.537647,0.876031,0.831408,0.876031,0.831408,73,49,54,41,0,0,0,0,1137,941,702,588
2026/02/05/15:22:58,3606.538230,0.876031,0.831408,0.876031,0.831408,73,49,54,41,0,0,0,0,1137,941,702,588
2026/02/05/15:22:59,3607.538939,0.870594,0.807126,0.870594,0.807126,73,49,51,41,0,0,0,0,1137,941,705,588
2026/02/05/15:23:00,3608.539412,0.870594,0.807126,0.870594,0.807126,73,49,51,41,0,0,0,0,1137,941,705,588
2026/02/05/15:23:01,3609.539961,0.870594,0.807126,0.870594,0.807126,73,49,51,41,0,0,0,0,1137,941,705,588
2026/02/05/15:23:02,3610.540540,0.877938,0.819674,0.877938,0.819674,77,50,51,41,0,0,0,0,1137,942,705,588
2026/02/05/15:23:03,3611.541131,0.871188,0.812376,0.871188,0.812376,77,50,48,41,0,0,0,0,1137,942,708,588
2026/02/05/15:23:04,3612.541659,0.859469,0.807168,0.859469,0.807168,74,50,48,41,0,0,0,0,1140,942,708,588
2026/02/05/15:23:05,3613.542387,0.850344,0.801254,0.850344,0.801254,74,48,48,41,0,0,0,0,1140,944,708,588
2026/02/05/15:23:06,3614.543038,0.848562,0.798234,0.848562,0.798234,73,48,48,41,0,0,0,0,1141,944,708,588
2026/02/05/15:23:07,3615.543666,0.843750,0.775183,0.843750,0.775183,73,48,48,39,0,0,0,0,1141,944,708,590
2026/02/05/15:23:08,3616.544323,0.865094,0.816174,0.865094,0.816174,73,48,51,41,0,0,0,0,1141,944,708,591
2026/02/05/15:23:09,3617.544808,0.878812,0.835790,0.878812,0.835790,77,48,53,41,0,0,0,0,1141,944,708,591
2026/02/05/15:23:10,3618.545347,0.876687,0.830079,0.876687,0.830079,77,48,52,41,0,0,0,0,1141,944,709,591
2026/02/05/15:23:11,3619.546015,0.862437,0.820598,0.862437,0.820598,77,48,52,38,0,0,0,0,1141,944,709,594
2026/02/05/15:23:12,3620.546762,0.862437,0.820598,0.862437,0.820598,77,48,52,38,0,0,0,0,1141,944,709,594
2026/02/05/15:23:13,3621.547328,0.862437,0.820598,0.862437,0.820598,77,48,52,38,0,0,0,0,1141,944,709,594
2026/02/05/15:23:14,3622.548108,0.847625,0.784630,0.847625,0.784630,77,48,49,38,0,0,0,0,1141,944,712,594
2026/02/05/15:23:15,3623.548635,0.847625,0.784630,0.847625,0.784630,77,48,49,38,0,0,0,0,1141,944,712,594
2026/02/05/15:23:16,3624.549161,0.847625,0.784630,0.847625,0.784630,77,48,49,38,0,0,0,0,1141,944,712,594
2026/02/05/15:23:17,3625.549704,0.845656,0.780981,0.845656,0.780981,76,48,49,38,0,0,0,0,1142,944,712,594
2026/02/05/15:23:18,3626.550317,0.853062,0.787701,0.877375,0.790869,79,48,49,38,0,0,2,0,1142,944,712,594
2026/02/05/15:23:19,3627.550978,0.853062,0.787701,0.877375,0.790869,79,48,49,38,0,0,2,0,1142,944,712,594
2026/02/05/15:23:20,3628.551703,0.853062,0.787701,0.877375,0.790869,79,48,49,38,0,0,2,0,1142,944,712,594
2026/02/05/15:23:21,3629.552369,0.853062,0.787701,0.877375,0.790869,79,48,49,38,0,0,2,0,1142,944,712,594
2026/02/05/15:23:22,3630.553169,0.853062,0.787701,0.877375,0.790869,79,48,49,38,0,0,2,0,1142,944,712,594
2026/02/05/15:23:23,3631.553667,0.846875,0.779037,0.846875,0.779037,76,48,49,38,0,0,0,0,1145,944,712,594
2026/02/05/15:23:24,3632.554285,0.885656,0.807085,0.898844,0.810774,81,51,50,40,0,0,1,0,1145,944,712,594
2026/02/05/15:23:25,3633.554729,0.885656,0.807085,0.898844,0.810774,81,51,50,40,0,0,1,0,1145,944,712,594
2026/02/05/15:23:26,3634.555254,0.885656,0.807085,0.898844,0.810774,81,51,50,40,0,0,1,0,1145,944,712,594
2026/02/05/15:23:27,3635.555737,0.879563,0.803310,0.892750,0.806999,80,50,50,40,0,0,1,0,1146,945,712,594
2026/02/05/15:23:28,3636.556508,0.875875,0.796951,0.889062,0.800640,80,50,50,38,0,0,1,0,1146,945,712,596
2026/02/05/15:23:29,3637.557075,0.875875,0.796951,0.889062,0.800640,80,50,50,38,0,0,1,0,1146,945,712,596
2026/02/05/15:23:30,3638.557562,0.883094,0.805720,0.905656,0.812043,77,50,54,38,0,0,2,0,1149,945,712,596
2026/02/05/15:23:31,3639.558179,0.897781,0.818558,0.897781,0.818558,76,53,55,38,0,0,0,0,1152,945,713,596
2026/02/05/15:23:32,3640.558681,0.897781,0.818558,0.897781,0.818558,76,53,55,38,0,0,0,0,1152,945,713,596
2026/02/05/15:23:33,3641.559275,0.897781,0.818558,0.897781,0.818558,76,53,55,38,0,0,0,0,1152,945,713,596
2026/02/05/15:23:34,3642.560002,0.883563,0.804597,0.883563,0.804597,75,52,55,38,0,0,0,0,1153,946,713,596
2026/02/05/15:23:35,3643.560837,0.883563,0.804597,0.883563,0.804597,75,52,55,38,0,0,0,0,1153,946,713,596
2026/02/05/15:23:36,3644.561639,0.878687,0.797012,0.878687,0.797012,75,52,53,38,0,0,0,0,1153,946,715,596
2026/02/05/15:23:37,3645.562178,0.856750,0.789668,0.856750,0.789668,75,52,50,38,0,0,0,0,1153,946,718,596
2026/02/05/15:23:38,3646.563006,0.851812,0.787737,0.851812,0.787737,74,52,50,38,0,0,0,0,1154,946,718,596
2026/02/05/15:23:39,3647.563735,0.851812,0.787737,0.851812,0.787737,74,52,50,38,0,0,0,0,1154,946,718,596
2026/02/05/15:23:40,3648.564502,0.851812,0.787737,0.851812,0.787737,74,52,50,38,0,0,0,0,1154,946,718,596
2026/02/05/15:23:41,3649.565225,0.851812,0.787737,0.851812,0.787737,74,52,50,38,0,0,0,0,1154,946,718,596
2026/02/05/15:23:42,3650.565775,0.851812,0.787737,0.853625,0.789470,74,52,50,38,0,0,0,1,1154,946,718,596
2026/02/05/15:23:43,3651.566526,0.853625,0.789470,0.853625,0.789470,74,52,50,39,0,0,0,0,1154,946,718,596
2026/02/05/15:23:44,3652.567201,0.855344,0.827607,0.855344,0.827607,77,52,51,39,0,0,0,0,1154,949,718,596
2026/02/05/15:23:45,3653.567757,0.849781,0.820304,0.849781,0.820304,77,52,49,39,0,0,0,0,1154,949,720,596
2026/02/05/15:23:46,3654.568403,0.849781,0.820304,0.849781,0.820304,77,52,49,39,0,0,0,0,1154,949,720,596
2026/02/05/15:23:47,3655.569030,0.849781,0.820304,0.849781,0.820304,77,52,49,39,0,0,0,0,1154,949,720,596
2026/02/05/15:23:48,3656.569894,0.849781,0.820304,0.849781,0.820304,77,52,49,39,0,0,0,0,1154,949,720,596
2026/02/05/15:23:49,3657.570721,0.849781,0.820304,0.849781,0.820304,77,52,49,39,0,0,0,0,1154,949,720,596
2026/02/05/15:23:50,3658.571626,0.849781,0.820304,0.849781,0.820304,77,52,49,39,0,0,0,0,1154,949,720,596
2026/02/05/15:23:51,3659.572385,0.842938,0.813500,0.842938,0.813500,74,52,49,39,0,0,0,0,1157,949,720,596
2026/02/05/15:23:52,3660.572969,0.838750,0.810181,0.838750,0.810181,74,52,48,38,0,0,0,0,1157,949,721,597
2026/02/05/15:23:53,3661.573768,0.838750,0.810181,0.838750,0.810181,74,52,48,38,0,0,0,0,1157,949,721,597
2026/02/05/15:23:54,3662.574350,0.838750,0.810181,0.838750,0.810181,74,52,48,38,0,0,0,0,1157,949,721,597
2026/02/05/15:23:55,3663.575236,0.838750,0.810181,0.838750,0.810181,74,52,48,38,0,0,0,0,1157,949,721,597
2026/02/05/15:23:56,3664.575865,0.838750,0.810181,0.838750,0.810181,74,52,48,38,0,0,0,0,1157,949,721,597
2026/02/05/15:23:57,3665.576478,0.850719,0.828635,0.850719,0.828635,74,54,50,41,0,0,0,0,1158,949,721,597
2026/02/05/15:23:58,3666.577168,0.850719,0.828635,0.850719,0.828635,74,54,50,41,0,0,0,0,1158,949,721,597
2026/02/05/15:23:59,3667.577847,0.850719,0.828635,0.850719,0.828635,74,54,50,41,0,0,0,0,1158,949,721,597
2026/02/05/15:24:00,3668.578427,0.850719,0.828635,0.850719,0.828635,74,54,50,41,0,0,0,0,1158,949,721,597
2026/02/05/15:24:01,3669.579059,0.841531,0.817805,0.841531,0.817805,74,54,48,38,0,0,0,0,1158,949,723,600
2026/02/05/15:24:02,3670.579818,0.836844,0.782001,0.836844,0.782001,74,51,48,38,0,0,0,0,1158,952,723,600
2026/02/05/15:24:03,3671.580476,0.836844,0.782001,0.836844,0.782001,74,51,48,38,0,0,0,0,1158,952,723,600
2026/02/05/15:24:04,3672.581053,0.855281,0.814454,0.855281,0.814454,75,54,48,38,0,0,0,0,1158,952,723,600
2026/02/05/15:24:05,3673.581615,0.855281,0.814454,0.855281,0.814454,75,54,48,38,0,0,0,0,1158,952,723,600
2026/02/05/15:24:06,3674.582170,0.853656,0.809227,0.853656,0.809227,74,54,48,38,0,0,0,0,1159,952,723,600
2026/02/05/15:24:07,3675.582763,0.853656,0.809227,0.853656,0.809227,74,54,48,38,0,0,0,0,1159,952,723,600
2026/02/05/15:24:08,3676.583400,0.853656,0.809227,0.853656,0.809227,74,54,48,38,0,0,0,0,1159,952,723,600
2026/02/05/15:24:09,3677.584030,0.853656,0.809227,0.853656,0.809227,74,54,48,38,0,0,0,0,1159,952,723,600
2026/02/05/15:24:10,3678.584510,0.853656,0.809227,0.853656,0.809227,74,54,48,38,0,0,0,0,1159,952,723,600
2026/02/05/15:24:11,3679.585170,0.851344,0.806553,0.851344,0.806553,73,54,48,38,0,0,0,0,1160,952,723,600
2026/02/05/15:24:12,3680.585742,0.851344,0.806553,0.851344,0.806553,73,54,48,38,0,0,0,0,1160,952,723,600
2026/02/05/15:24:13,3681.586500,0.851344,0.806553,0.851344,0.806553,73,54,48,38,0,0,0,0,1160,952,723,600
2026/02/05/15:24:14,3682.587217,0.850094,0.819683,0.850094,0.819683,73,52,48,40,0,0,0,0,1160,954,723,600
2026/02/05/15:24:15,3683.587871,0.850094,0.819683,0.850094,0.819683,73,52,48,40,0,0,0,0,1160,954,723,600
2026/02/05/15:24:16,3684.588335,0.850094,0.819683,0.850094,0.819683,73,52,48,40,0,0,0,0,1160,954,723,600
2026/02/05/15:24:17,3685.589011,0.844219,0.796482,0.844219,0.796482,72,52,48,38,0,0,0,0,1161,954,723,602
2026/02/05/15:24:18,3686.589677,0.844219,0.796482,0.844219,0.796482,72,52,48,38,0,0,0,0,1161,954,723,602
2026/02/05/15:24:19,3687.590450,0.844219,0.796482,0.844219,0.796482,72,52,48,38,0,0,0,0,1161,954,723,602
2026/02/05/15:24:20,3688.591274,0.844219,0.796482,0.844219,0.796482,72,52,48,38,0,0,0,0,1161,954,723,602
2026/02/05/15:24:21,3689.592036,0.844219,0.796482,0.844219,0.796482,72,52,48,38,0,0,0,0,1161,954,723,602
2026/02/05/15:24:22,3690.592850,0.828281,0.768993,0.828281,0.768993,72,49,48,38,0,0,0,0,1161,957,723,602
2026/02/05/15:24:23,3691.593471,0.828281,0.768993,0.828281,0.768993,72,49,48,38,0,0,0,0,1161,957,723,602
2026/02/05/15:24:24,3692.594169,0.828281,0.768993,0.828281,0.768993,72,49,48,38,0,0,0,0,1161,957,723,602
2026/02/05/15:24:25,3693.594844,0.828281,0.768993,0.828281,0.768993,72,49,48,38,0,0,0,0,1161,957,723,602
2026/02/05/15:24:26,3694.595415,0.828281,0.768993,0.828281,0.768993,72,49,48,38,0,0,0,0,1161,957,723,602
2026/02/05/15:24:27,3695.596124,0.828281,0.768993,0.828281,0.768993,72,49,48,38,0,0,0,0,1161,957,723,602
2026/02/05/15:24:28,3696.596766,0.828281,0.768993,0.828281,0.768993,72,49,48,38,0,0,0,0,1161,957,723,602
2026/02/05/15:24:29,3697.597360,0.828281,0.768993,0.828281,0.768993,72,49,48,38,0,0,0,0,1161,957,723,602
2026/02/05/15:24:30,3698.597836,0.828281,0.768993,0.828281,0.768993,72,49,48,38,0,0,0,0,1161,957,723,602
2026/02/05/15:24:31,3699.598580,0.828281,0.768993,0.828281,0.768993,72,49,48,38,0,0,0,0,1161,957,723,602
2026/02/05/15:24:32,3700.599243,0.828281,0.768993,0.828281,0.768993,72,49,48,38,0,0,0,0,1161,957,723,602
2026/02/05/15:24:33,3701.599850,0.828281,0.768993,0.828281,0.768993,72,49,48,38,0,0,0,0,1161,957,723,602
2026/02/05/15:24:34,3702.600741,0.858563,0.794150,0.858563,0.794150,74,55,48,38,0,0,0,0,1161,957,723,602
2026/02/05/15:24:35,3703.601173,0.860125,0.797807,0.860125,0.797807,74,55,49,38,0,0,0,0,1161,957,723,602
2026/02/05/15:24:36,3704.601834,0.868188,0.802907,0.868188,0.802907,74,55,49,41,0,0,0,0,1161,957,723,602
2026/02/05/15:24:37,3705.602418,0.864469,0.798924,0.864469,0.798924,73,55,49,41,0,0,0,0,1162,957,723,602
2026/02/05/15:24:38,3706.602995,0.887906,0.822604,0.908813,0.843811,75,54,54,41,3,0,0,0,1162,958,723,602
2026/02/05/15:24:39,3707.603477,0.904125,0.835411,0.940219,0.861073,78,55,56,41,3,1,1,0,1162,958,724,602
2026/02/05/15:24:40,3708.604151,0.904125,0.835411,0.988000,0.868924,78,55,56,41,6,1,0,1,1162,958,724,602
2026/02/05/15:24:41,3709.604615,0.899375,0.830293,0.962344,0.842598,78,55,54,41,3,1,0,1,1162,958,726,602
2026/02/05/15:24:42,3710.605238,0.899375,0.830293,0.962344,0.842598,78,55,54,41,3,1,0,1,1162,958,726,602
2026/02/05/15:24:43,3711.605790,0.899375,0.830293,0.950812,0.841005,78,55,54,41,3,1,0,0,1162,958,726,602
2026/02/05/15:24:44,3712.606375,0.899375,0.830293,0.950812,0.841005,78,55,54,41,3,1,0,0,1162,958,726,602
2026/02/05/15:24:45,3713.606961,0.900031,0.825550,0.962719,0.840338,75,56,54,41,3,3,0,0,1165,958,726,602
2026/02/05/15:24:46,3714.607897,0.901094,0.825987,0.958156,0.838736,75,56,54,41,3,2,0,0,1165,959,726,602
2026/02/05/15:24:47,3715.608672,0.923219,0.853803,0.992844,0.885325,75,57,54,48,3,3,0,2,1165,959,726,602
2026/02/05/15:24:48,3716.609252,0.923219,0.853803,0.992844,0.885325,75,57,54,48,3,3,0,2,1165,959,726,602
2026/02/05/15:24:49,3717.609894,0.912156,0.836744,0.976156,0.866228,75,56,54,43,3,2,0,2,1165,961,726,607
2026/02/05/15:24:50,3718.610577,0.911406,0.831206,0.969281,0.843912,76,56,54,42,3,2,0,0,1165,961,726,608
2026/02/05/15:24:51,3719.611053,0.917844,0.833200,0.969281,0.843912,76,57,54,42,3,1,0,0,1165,961,726,608
2026/02/05/15:24:52,3720.611681,0.899281,0.825207,0.950719,0.835919,76,53,54,42,3,1,0,0,1165,965,726,608
2026/02/05/15:24:53,3721.612187,0.899281,0.825207,0.950719,0.835919,76,53,54,42,3,1,0,0,1165,965,726,608
2026/02/05/15:24:54,3722.612636,0.930031,0.844394,1.013625,0.867056,79,55,56,43,3,4,0,0,1165,965,726,608
2026/02/05/15:24:55,3723.613338,0.931875,0.849029,1.045531,0.899017,79,55,57,43,6,4,0,3,1165,965,726,608
2026/02/05/15:24:56,3724.613819,0.930562,0.844377,1.034156,0.887777,80,53,54,44,5,4,0,2,1165,967,729,608
2026/02/05/15:24:57,3725.614293,0.926594,0.847143,1.055187,0.903759,82,53,54,41,8,4,1,2,1165,967,729,611
2026/02/05/15:24:58,3726.614822,0.922312,0.842786,1.027937,0.870610,83,53,52,40,6,4,0,0,1166,967,732,612
2026/02/05/15:24:59,3727.615568,0.922312,0.842786,0.995781,0.858661,83,53,52,40,6,1,0,0,1166,967,732,612
2026/02/05/15:25:00,3728.616011,0.922312,0.842786,0.995781,0.858661,83,53,52,40,6,1,0,0,1166,967,732,612
2026/02/05/15:25:01,3729.616820,0.907062,0.836381,0.980531,0.852256,81,53,51,40,6,1,0,0,1168,967,733,612
2026/02/05/15:25:02,3730.617325,0.907062,0.836381,0.980531,0.852256,81,53,51,40,6,1,0,0,1168,967,733,612
2026/02/05/15:25:03,3731.617878,0.905219,0.831746,0.978688,0.847621,81,53,50,40,6,1,0,0,1168,967,734,612
2026/02/05/15:25:04,3732.618381,0.905219,0.831746,0.978688,0.847621,81,53,50,40,6,1,0,0,1168,967,734,612
2026/02/05/15:25:05,3733.618938,0.905219,0.831746,0.978688,0.847621,81,53,50,40,6,1,0,0,1168,967,734,612
2026/02/05/15:25:06,3734.619481,0.893000,0.822439,0.959125,0.836593,80,50,50,40,5,1,0,0,1170,970,734,612
2026/02/05/15:25:07,3735.620298,0.893000,0.822439,0.959125,0.836593,80,50,50,40,5,1,0,0,1170,970,734,612
2026/02/05/15:25:08,3736.620998,0.893000,0.822439,0.959125,0.836593,80,50,50,40,5,1,0,0,1170,970,734,612
2026/02/05/15:25:09,3737.621508,0.891062,0.820761,0.957187,0.834915,79,50,50,40,5,1,0,0,1171,970,734,612
2026/02/05/15:25:10,3738.622167,0.891062,0.820761,0.957187,0.834915,79,50,50,40,5,1,0,0,1171,970,734,612
2026/02/05/15:25:11,3739.622848,0.891062,0.820761,0.957187,0.834915,79,50,50,40,5,1,0,0,1171,970,734,612
2026/02/05/15:25:12,3740.623457,0.909312,0.837415,0.987781,0.859653,79,54,50,40,5,1,0,1,1171,970,734,612
2026/02/05/15:25:13,3741.624022,0.909312,0.837415,0.987781,0.859653,79,54,50,40,5,1,0,1,1171,970,734,612
2026/02/05/15:25:14,3742.624632,0.903281,0.825743,0.974406,0.846260,80,52,50,39,4,1,0,1,1171,972,734,613
2026/02/05/15:25:15,3743.625251,0.903281,0.825743,0.962063,0.838176,80,52,50,39,4,1,0,0,1171,972,734,613
2026/02/05/15:25:16,3744.625823,0.894500,0.818217,0.945937,0.828928,81,51,50,38,3,1,0,0,1171,974,734,614
2026/02/05/15:25:17,3745.626450,0.894500,0.818217,0.945937,0.828928,81,51,50,38,3,1,0,0,1171,974,734,614
2026/02/05/15:25:18,3746.627006,0.891125,0.815039,0.927188,0.826706,81,49,50,38,0,1,0,3,1171,976,734,614
2026/02/05/15:25:19,3747.627811,0.899719,0.830094,0.946781,0.866807,84,49,50,38,0,3,0,3,1171,977,734,614
2026/02/05/15:25:20,3748.628424,0.902062,0.834281,0.949125,0.870994,85,49,50,38,0,3,0,3,1171,977,734,614
2026/02/05/15:25:21,3749.628902,0.896563,0.821758,0.907500,0.823860,85,48,50,38,0,1,0,0,1171,978,734,614
2026/02/05/15:25:22,3750.629785,0.896563,0.821758,0.907500,0.823860,85,48,50,38,0,1,0,0,1171,978,734,614
2026/02/05/15:25:23,3751.630538,0.896563,0.821758,0.907500,0.823860,85,48,50,38,0,1,0,0,1171,978,734,614
2026/02/05/15:25:24,3752.631219,0.896563,0.821758,0.907500,0.823860,85,48,50,38,0,1,0,0,1171,978,734,614
2026/02/05/15:25:25,3753.631947,0.894219,0.817570,0.905156,0.819673,84,48,50,38,0,1,0,0,1172,978,734,614
2026/02/05/15:25:26,3754.632620,0.894219,0.817570,0.905156,0.819673,84,48,50,38,0,1,0,0,1172,978,734,614
2026/02/05/15:25:27,3755.633257,0.888969,0.804715,0.899906,0.806818,84,48,47,38,0,1,0,0,1172,978,737,614
2026/02/05/15:25:28,3756.633791,0.886219,0.793133,0.897156,0.795235,83,48,47,38,0,1,0,0,1173,978,737,614
2026/02/05/15:25:29,3757.634457,0.886219,0.793133,0.897156,0.795235,83,48,47,38,0,1,0,0,1173,978,737,614
2026/02/05/15:25:30,3758.635040,0.886219,0.793133,0.897156,0.795235,83,48,47,38,0,1,0,0,1173,978,737,614
2026/02/05/15:25:31,3759.635417,0.925625,0.836271,0.948844,0.847261,86,48,54,41,0,2,0,0,1173,978,737,614
2026/02/05/15:25:32,3760.636118,0.934250,0.847979,0.957469,0.858970,86,51,54,41,0,2,0,0,1173,978,737,614
2026/02/05/15:25:33,3761.636590,0.926469,0.838100,0.949688,0.849091,85,51,52,41,0,2,0,0,1174,978,739,614
2026/02/05/15:25:34,3762.637165,0.912500,0.814912,0.923438,0.817015,85,51,50,38,0,1,0,0,1174,978,741,617
2026/02/05/15:25:35,3763.637866,0.908375,0.808926,0.919312,0.811028,84,51,50,38,0,1,0,0,1175,978,741,617
2026/02/05/15:25:36,3764.638601,0.899500,0.804548,0.910438,0.806650,83,51,49,38,0,1,0,0,1176,978,742,617
2026/02/05/15:25:37,3765.639396,0.899500,0.804548,0.910438,0.806650,83,51,49,38,0,1,0,0,1176,978,742,617
2026/02/05/15:25:38,3766.640112,0.892188,0.800517,0.903125,0.802620,81,51,49,38,0,1,0,0,1178,978,742,617
2026/02/05/15:25:39,3767.640898,0.892188,0.800517,0.903125,0.802620,81,51,49,38,0,1,0,0,1178,978,742,617
2026/02/05/15:25:40,3768.641644,0.892188,0.800517,0.903125,0.802620,81,51,49,38,0,1,0,0,1178,978,742,617
2026/02/05/15:25:41,3769.642226,0.892188,0.800517,0.903125,0.802620,81,51,49,38,0,1,0,0,1178,978,742,617
2026/02/05/15:25:42,3770.642852,0.892188,0.800517,0.903125,0.802620,81,51,49,38,0,1,0,0,1178,978,742,617
2026/02/05/15:25:43,3771.643479,0.892188,0.800517,0.903125,0.802620,81,51,49,38,0,1,0,0,1178,978,742,617
2026/02/05/15:25:44,3772.644230,0.892188,0.800517,0.903125,0.802620,81,51,49,38,0,1,0,0,1178,978,742,617
2026/02/05/15:25:45,3773.644819,0.892188,0.800517,0.903125,0.802620,81,51,49,38,0,1,0,0,1178,978,742,617
2026/02/05/15:25:46,3774.645600,0.878687,0.783267,0.889625,0.785370,78,48,49,38,0,1,0,0,1181,981,742,617
2026/02/05/15:25:47,3775.646153,0.878687,0.783267,0.889625,0.785370,78,48,49,38,0,1,0,0,1181,981,742,617
2026/02/05/15:25:48,3776.647031,0.878687,0.783267,0.889625,0.785370,78,48,49,38,0,1,0,0,1181,981,742,617
2026/02/05/15:25:49,3777.647742,0.878687,0.783267,0.889625,0.785370,78,48,49,38,0,1,0,0,1181,981,742,617
2026/02/05/15:25:50,3778.648216,0.878687,0.783267,0.889625,0.785370,78,48,49,38,0,1,0,0,1181,981,742,617
2026/02/05/15:25:51,3779.648888,0.878687,0.783267,0.889625,0.785370,78,48,49,38,0,1,0,0,1181,981,742,617
2026/02/05/15:25:52,3780.649575,0.878687,0.783267,0.889625,0.785370,78,48,49,38,0,1,0,0,1181,981,742,617
2026/02/05/15:25:53,3781.650207,0.856656,0.778104,0.867594,0.780207,75,48,49,38,0,1,0,0,1184,981,742,617
2026/02/05/15:25:54,3782.650825,0.856656,0.778104,0.867594,0.780207,75,48,49,38,0,1,0,0,1184,981,742,617
2026/02/05/15:25:55,3783.651573,0.856656,0.778104,0.867594,0.780207,75,48,49,38,0,1,0,0,1184,981,742,617
2026/02/05/15:25:56,3784.652158,0.856656,0.778104,0.867594,0.780207,75,48,49,38,0,1,0,0,1184,981,742,617
2026/02/05/15:25:57,3785.652820,0.856656,0.778104,0.867594,0.780207,75,48,49,38,0,1,0,0,1184,981,742,617
2026/02/05/15:25:58,3786.653544,0.847844,0.766531,0.858781,0.768633,73,48,49,38,0,1,0,0,1186,981,742,617
2026/02/05/15:25:59,3787.654156,0.866719,0.809394,0.877656,0.811497,75,48,51,38,0,1,0,0,1186,981,742,617
2026/02/05/15:26:00,3788.654779,0.872344,0.822061,0.883281,0.824164,75,48,54,38,0,1,0,0,1186,981,742,617
2026/02/05/15:26:01,3789.655255,0.905531,0.859721,0.916469,0.861824,81,48,57,42,0,1,0,0,1186,981,742,617
2026/02/05/15:26:02,3790.655948,0.908844,0.868612,0.919781,0.870714,81,48,57,44,0,1,0,0,1186,981,742,617
2026/02/05/15:26:03,3791.656506,0.908844,0.868612,0.919781,0.870714,81,48,57,44,0,1,0,0,1186,981,742,617
2026/02/05/15:26:04,3792.656988,0.891188,0.838905,0.902125,0.841007,79,49,57,39,0,1,0,0,1188,981,742,622
2026/02/05/15:26:05,3793.657660,0.890312,0.843351,0.901250,0.845454,79,50,57,38,0,1,0,0,1188,981,742,623
2026/02/05/15:26:06,3794.658283,0.884687,0.830685,0.895625,0.832787,79,50,54,38,0,1,0,0,1188,981,745,623
2026/02/05/15:26:07,3795.658864,0.884687,0.830685,0.895625,0.832787,79,50,54,38,0,1,0,0,1188,981,745,623
2026/02/05/15:26:08,3796.659366,0.892781,0.829693,0.919031,0.835455,82,49,54,38,0,1,1,0,1188,982,745,623
2026/02/05/15:26:09,3797.659942,0.892781,0.829693,0.919031,0.835455,82,49,54,38,0,1,1,0,1188,982,745,623
2026/02/05/15:26:10,3798.660787,0.892781,0.829693,0.919031,0.835455,82,49,54,38,0,1,1,0,1188,982,745,623
2026/02/05/15:26:11,3799.661311,0.917063,0.858251,0.968344,0.871084,86,49,57,39,0,1,1,3,1188,982,746,623
2026/02/05/15:26:12,3800.662007,0.914687,0.833076,0.957625,0.843552,85,49,55,40,0,1,1,2,1189,982,748,623
2026/02/05/15:26:13,3801.662706,0.908156,0.826195,0.942750,0.834314,85,49,53,41,0,1,1,1,1189,982,750,623
2026/02/05/15:26:14,3802.663202,0.904531,0.820745,0.939125,0.828864,84,49,53,40,0,1,1,1,1190,982,750,624
2026/02/05/15:26:15,3803.663935,0.890312,0.809947,0.905625,0.813607,82,50,52,38,0,0,1,0,1192,982,751,626
2026/02/05/15:26:16,3804.664461,0.886781,0.807983,0.902094,0.811642,82,50,52,37,0,0,1,0,1192,982,751,627
2026/02/05/15:26:17,3805.665308,0.891656,0.812965,0.906969,0.816625,82,53,52,37,0,0,1,0,1192,982,751,627
2026/02/05/15:26:18,3806.666055,0.886969,0.802537,0.886969,0.802537,82,53,50,37,0,0,0,0,1192,982,753,627
2026/02/05/15:26:19,3807.666747,0.886969,0.802537,0.886969,0.802537,82,53,50,37,0,0,0,0,1192,982,753,627
2026/02/05/15:26:20,3808.667381,0.907625,0.829579,0.927250,0.835478,83,54,53,38,0,1,0,1,1192,982,753,627
2026/02/05/15:26:21,3809.668249,0.907625,0.829579,0.927250,0.835478,83,54,53,38,0,1,0,1,1192,982,753,627
2026/02/05/15:26:22,3810.668953,0.903375,0.828062,0.903375,0.828062,80,54,53,39,0,0,0,0,1195,982,753,627
2026/02/05/15:26:23,3811.669789,0.903375,0.828062,0.903375,0.828062,80,54,53,39,0,0,0,0,1195,982,753,627
2026/02/05/15:26:24,3812.670468,0.929219,0.853298,0.932781,0.858051,82,56,56,41,0,1,0,0,1195,982,753,627
2026/02/05/15:26:25,3813.671279,0.934594,0.857181,0.945281,0.871443,82,56,58,41,0,3,0,0,1195,982,753,627
2026/02/05/15:26:26,3814.671846,0.930750,0.854812,0.934312,0.859566,82,58,55,41,0,1,0,0,1195,982,756,627
2026/02/05/15:26:27,3815.672441,0.925375,0.850929,0.928937,0.855683,82,58,53,41,0,1,0,0,1195,982,758,627
2026/02/05/15:26:28,3816.673070,0.908875,0.833299,0.908875,0.833299,80,55,53,40,0,0,0,0,1197,985,758,628
2026/02/05/15:26:29,3817.673820,0.908875,0.833299,0.908875,0.833299,80,55,53,40,0,0,0,0,1197,985,758,628
2026/02/05/15:26:30,3818.674508,0.908875,0.833299,0.908875,0.833299,80,55,53,40,0,0,0,0,1197,985,758,628
2026/02/05/15:26:31,3819.675211,0.920469,0.862167,0.928344,0.898464,85,55,53,40,0,0,0,3,1197,985,758,628
2026/02/05/15:26:32,3820.675771,0.920469,0.862167,0.928344,0.898464,85,55,53,40,0,0,0,3,1197,985,758,628
2026/02/05/15:26:33,3821.676337,0.914969,0.853404,0.922844,0.889700,83,55,53,40,0,0,0,3,1199,985,758,628
2026/02/05/15:26:34,3822.676970,0.913281,0.851530,0.913281,0.851530,82,55,53,40,0,0,0,0,1200,985,758,628
2026/02/05/15:26:35,3823.677617,0.913281,0.851530,0.913281,0.851530,82,55,53,40,0,0,0,0,1200,985,758,628
2026/02/05/15:26:36,3824.678302,0.913281,0.851530,0.913281,0.851530,82,55,53,40,0,0,0,0,1200,985,758,628
2026/02/05/15:26:37,3825.678855,0.913281,0.851530,0.913281,0.851530,82,55,53,40,0,0,0,0,1200,985,758,628
2026/02/05/15:26:38,3826.679536,0.907094,0.833854,0.907094,0.833854,82,55,50,40,0,0,0,0,1200,985,761,628
2026/02/05/15:26:39,3827.680085,0.907094,0.833854,0.907094,0.833854,82,55,50,40,0,0,0,0,1200,985,761,628
2026/02/05/15:26:40,3828.680723,0.907094,0.833854,0.907094,0.833854,82,55,50,40,0,0,0,0,1200,985,761,628
2026/02/05/15:26:41,3829.681542,0.907094,0.833854,0.907094,0.833854,82,55,50,40,0,0,0,0,1200,985,761,628
2026/02/05/15:26:42,3830.682275,0.907094,0.833854,0.907094,0.833854,82,55,50,40,0,0,0,0,1200,985,761,628
2026/02/05/15:26:43,3831.682873,0.907094,0.833854,0.907094,0.833854,82,55,50,40,0,0,0,0,1200,985,761,628
2026/02/05/15:26:44,3832.683609,0.907094,0.833854,0.907094,0.833854,82,55,50,40,0,0,0,0,1200,985,761,628
2026/02/05/15:26:45,3833.684142,0.907094,0.833854,0.907094,0.833854,82,55,50,40,0,0,0,0,1200,985,761,628
2026/02/05/15:26:46,3834.684909,0.907094,0.833854,0.907094,0.833854,82,55,50,40,0,0,0,0,1200,985,761,628
2026/02/05/15:26:47,3835.685513,0.907094,0.833854,0.907094,0.833854,82,55,50,40,0,0,0,0,1200,985,761,628
2026/02/05/15:26:48,3836.686162,0.907094,0.833854,0.907094,0.833854,82,55,50,40,0,0,0,0,1200,985,761,628
2026/02/05/15:26:49,3837.687005,0.907094,0.833854,0.907094,0.833854,82,55,50,40,0,0,0,0,1200,985,761,628
2026/02/05/15:26:50,3838.687728,0.907094,0.833854,0.907094,0.833854,82,55,50,40,0,0,0,0,1200,985,761,628
2026/02/05/15:26:51,3839.688427,0.907094,0.833854,0.907094,0.833854,82,55,50,40,0,0,0,0,1200,985,761,628
2026/02/05/15:26:52,3840.689282,0.907094,0.833854,0.907094,0.833854,82,55,50,40,0,0,0,0,1200,985,761,628
2026/02/05/15:26:53,3841.689952,0.932125,0.863385,0.956219,0.868506,84,55,53,43,0,0,0,3,1200,985,761,628
2026/02/05/15:26:54,3842.690651,0.932125,0.863385,0.956219,0.868506,84,55,53,43,0,0,0,3,1200,985,761,628
2026/02/05/15:26:55,3843.691165,0.937813,0.875468,0.994687,0.909260,84,58,53,43,0,5,0,6,1200,985,761,628
2026/02/05/15:26:56,3844.691729,0.937813,0.875468,0.994687,0.909260,84,58,53,43,0,5,0,6,1200,985,761,628
2026/02/05/15:26:57,3845.692178,0.949781,0.895053,1.025125,0.973193,84,64,53,43,0,9,0,6,1200,985,761,628
2026/02/05/15:26:58,3846.692630,0.948156,0.886088,1.022031,0.975163,85,63,53,42,1,9,2,2,1201,986,761,630
2026/02/05/15:26:59,3847.693120,0.945031,0.883211,1.002469,0.964334,86,59,53,44,0,9,2,0,1201,990,761,630
2026/02/05/15:27:00,3848.693472,0.935094,0.863132,0.977062,0.938451,86,56,53,41,0,6,2,0,1201,996,761,633
2026/02/05/15:27:01,3849.694054,0.933187,0.861268,0.971719,0.909545,86,55,53,41,0,6,0,0,1201,997,761,633
2026/02/05/15:27:02,3850.694698,0.930375,0.859570,0.960469,0.865463,86,54,53,41,0,3,0,0,1201,998,761,633
2026/02/05/15:27:03,3851.695311,0.930375,0.859570,0.960469,0.865463,86,54,53,41,0,3,0,0,1201,998,761,633
2026/02/05/15:27:04,3852.695840,0.930375,0.859570,0.960469,0.865463,86,54,53,41,0,3,0,0,1201,998,761,633
2026/02/05/15:27:05,3853.696449,0.906125,0.834509,0.936219,0.840402,83,54,51,41,0,3,0,0,1204,998,764,633
2026/02/05/15:27:06,3854.698053,0.906125,0.834509,0.936219,0.840402,83,54,51,41,0,3,0,0,1204,998,764,633
2026/02/05/15:27:07,3855.698889,0.906125,0.834509,0.936219,0.840402,83,54,51,41,0,3,0,0,1204,998,764,633
2026/02/05/15:27:08,3856.699564,0.902062,0.830377,0.932156,0.836270,83,52,51,41,0,3,0,0,1204,1000,764,633
2026/02/05/15:27:09,3857.700397,0.902062,0.830377,0.932156,0.836270,83,52,51,41,0,3,0,0,1204,1000,764,633
2026/02/05/15:27:10,3858.700971,0.899031,0.827715,0.929125,0.833608,83,52,50,41,0,3,0,0,1204,1000,765,633
2026/02/05/15:27:11,3859.701670,0.899031,0.827715,0.929125,0.833608,83,52,50,41,0,3,0,0,1204,1000,765,633
2026/02/05/15:27:12,3860.702270,0.894437,0.815132,0.924531,0.821026,82,51,50,41,0,3,0,0,1205,1001,765,633
2026/02/05/15:27:13,3861.702737,0.894437,0.815132,0.924531,0.821026,82,51,50,41,0,3,0,0,1205,1001,765,633
2026/02/05/15:27:14,3862.703620,0.894437,0.815132,0.924531,0.821026,82,51,50,41,0,3,0,0,1205,1001,765,633
2026/02/05/15:27:15,3863.704232,0.880375,0.808165,0.910469,0.814058,82,51,50,38,0,3,0,0,1205,1001,765,636
2026/02/05/15:27:16,3864.704789,0.882250,0.815102,0.912344,0.820995,82,51,50,39,0,3,0,0,1205,1001,765,636
2026/02/05/15:27:17,3865.705463,0.882250,0.815102,0.912344,0.820995,82,51,50,39,0,3,0,0,1205,1001,765,636
2026/02/05/15:27:18,3866.706226,0.890156,0.813781,0.910219,0.817710,82,52,49,39,0,2,0,0,1205,1001,766,636
2026/02/05/15:27:19,3867.706911,0.888281,0.806844,0.908344,0.810773,82,52,49,38,0,2,0,0,1205,1001,766,637
2026/02/05/15:27:20,3868.711259,0.901406,0.841529,0.921469,0.845458,87,53,51,38,0,2,0,0,1205,1004,766,637
2026/02/05/15:27:21,3869.711808,0.907875,0.847268,0.927937,0.851197,90,53,51,38,0,2,0,0,1205,1004,766,637
2026/02/05/15:27:22,3870.712295,0.902344,0.827785,0.922406,0.831714,87,53,51,38,0,2,0,0,1208,1004,766,637
2026/02/05/15:27:23,3871.712896,0.882719,0.799932,0.902781,0.803861,83,51,51,38,0,2,0,0,1212,1006,766,637
2026/02/05/15:27:24,3872.713604,0.882719,0.799932,0.902781,0.803861,83,51,51,38,0,2,0,0,1212,1006,766,637
2026/02/05/15:27:25,3873.714224,0.876344,0.794415,0.896406,0.798343,81,51,51,38,0,2,0,0,1214,1006,766,637
2026/02/05/15:27:26,3874.714960,0.869781,0.790954,0.889844,0.794882,79,51,51,38,0,2,0,0,1216,1006,766,637
2026/02/05/15:27:27,3875.715653,0.869781,0.790954,0.889844,0.794882,79,51,51,38,0,2,0,0,1216,1006,766,637
2026/02/05/15:27:28,3876.716345,0.869781,0.790954,0.889844,0.794882,79,51,51,38,0,2,0,0,1216,1006,766,637
2026/02/05/15:27:29,3877.717034,0.869781,0.790954,0.889844,0.794882,79,51,51,38,0,2,0,0,1216,1006,766,637
2026/02/05/15:27:30,3878.717507,0.869781,0.790954,0.889844,0.794882,79,51,51,38,0,2,0,0,1216,1006,766,637
2026/02/05/15:27:31,3879.718026,0.867750,0.788833,0.887813,0.792762,79,51,51,37,0,2,0,0,1216,1006,766,638
2026/02/05/15:27:32,3880.718746,0.867750,0.788833,0.887813,0.792762,79,51,51,37,0,2,0,0,1216,1006,766,638
2026/02/05/15:27:33,3881.719383,0.867750,0.788833,0.887813,0.792762,79,51,51,37,0,2,0,0,1216,1006,766,638
2026/02/05/15:27:34,3882.720079,0.861500,0.780558,0.881563,0.784486,77,51,51,37,0,2,0,0,1218,1006,766,638
2026/02/05/15:27:35,3883.720636,0.861500,0.780558,0.881563,0.784486,77,51,51,37,0,2,0,0,1218,1006,766,638
2026/02/05/15:27:36,3884.721285,0.861500,0.780558,0.881563,0.784486,77,51,51,37,0,2,0,0,1218,1006,766,638
2026/02/05/15:27:37,3885.721855,0.865062,0.776783,0.875094,0.778747,74,52,51,37,0,1,0,0,1221,1006,766,638
2026/02/05/15:27:38,3886.722419,0.865062,0.776783,0.875094,0.778747,74,52,51,37,0,1,0,0,1221,1006,766,638
2026/02/05/15:27:39,3887.723008,0.865062,0.776783,0.875094,0.778747,74,52,51,37,0,1,0,0,1221,1006,766,638
2026/02/05/15:27:40,3888.723539,0.873437,0.782733,0.883469,0.784698,74,54,51,37,0,1,0,0,1221,1006,766,638
2026/02/05/15:27:41,3889.724193,0.867250,0.780710,0.877281,0.782675,74,54,50,37,0,1,0,0,1221,1006,767,638
2026/02/05/15:27:42,3890.724735,0.867250,0.780710,0.877281,0.782675,74,54,50,37,0,1,0,0,1221,1006,767,638
2026/02/05/15:27:43,3891.725329,0.862625,0.775759,0.889875,0.781818,72,54,50,37,1,1,0,1,1223,1006,767,639
2026/02/05/15:27:44,3892.725901,0.866625,0.778094,0.889875,0.781818,73,54,50,37,0,1,0,1,1223,1006,767,639
2026/02/05/15:27:45,3893.726618,0.866625,0.778094,0.889875,0.781818,73,54,50,37,0,1,0,1,1223,1006,767,639
2026/02/05/15:27:46,3894.727209,0.866625,0.778094,0.889875,0.781818,73,54,50,37,0,1,0,1,1223,1006,767,639
2026/02/05/15:27:48,3895.727874,0.866625,0.778094,0.889875,0.781818,73,54,50,37,0,1,0,1,1223,1006,767,639
2026/02/05/15:27:49,3896.728624,0.863219,0.775017,0.886469,0.778742,73,54,50,36,0,1,0,1,1223,1006,767,640
2026/02/05/15:27:50,3897.729251,0.863219,0.775017,0.886469,0.778742,73,54,50,36,0,1,0,1,1223,1006,767,640
2026/02/05/15:27:51,3898.730106,0.861437,0.772850,0.884687,0.776574,72,54,50,36,0,1,0,1,1224,1006,767,640
2026/02/05/15:27:52,3899.730701,0.861437,0.772850,0.884687,0.776574,72,54,50,36,0,1,0,1,1224,1006,767,640
2026/02/05/15:27:53,3900.731432,0.861437,0.772850,0.884687,0.776574,72,54,50,36,0,1,0,1,1224,1006,767,640
2026/02/05/15:27:54,3901.732148,0.861437,0.772850,0.884687,0.776574,72,54,50,36,0,1,0,1,1224,1006,767,640
2026/02/05/15:27:55,3902.732735,0.861437,0.772850,0.884687,0.776574,72,54,50,36,0,1,0,1,1224,1006,767,640
2026/02/05/15:27:56,3903.733361,0.861437,0.772850,0.884687,0.776574,72,54,50,36,0,1,0,1,1224,1006,767,640
2026/02/05/15:27:57,3904.733992,0.861437,0.772850,0.884687,0.776574,72,54,50,36,0,1,0,1,1224,1006,767,640
2026/02/05/15:27:58,3905.734772,0.861437,0.772850,0.884687,0.776574,72,54,50,36,0,1,0,1,1224,1006,767,640
2026/02/05/15:27:59,3906.735407,0.861437,0.772850,0.871469,0.774814,72,54,50,36,0,1,0,0,1224,1006,767,640
2026/02/05/15:28:00,3907.736276,0.861437,0.772850,0.871469,0.774814,72,54,50,36,0,1,0,0,1224,1006,767,640
2026/02/05/15:28:01,3908.736696,0.861437,0.772850,0.871469,0.774814,72,54,50,36,0,1,0,0,1224,1006,767,640
2026/02/05/15:28:02,3909.737450,0.861437,0.772850,0.871469,0.774814,72,54,50,36,0,1,0,0,1224,1006,767,640
2026/02/05/15:28:03,3910.738199,0.861437,0.772850,0.871469,0.774814,72,54,50,36,0,1,0,0,1224,1006,767,640
2026/02/05/15:28:04,3911.738772,0.857125,0.769035,0.867156,0.770999,71,54,50,36,0,1,0,0,1225,1006,767,640
2026/02/05/15:28:05,3912.739477,0.857125,0.769035,0.867156,0.770999,71,54,50,36,0,1,0,0,1225,1006,767,640
2026/02/05/15:28:06,3913.740232,0.857125,0.769035,0.867156,0.770999,71,54,50,36,0,1,0,0,1225,1006,767,640
2026/02/05/15:28:07,3914.740952,0.857125,0.769035,0.867156,0.770999,71,54,50,36,0,1,0,0,1225,1006,767,640
2026/02/05/15:28:08,3915.741669,0.857125,0.769035,0.867156,0.770999,71,54,50,36,0,1,0,0,1225,1006,767,640
2026/02/05/15:28:09,3916.742268,0.857125,0.769035,0.867156,0.770999,71,54,50,36,0,1,0,0,1225,1006,767,640
2026/02/05/15:28:10,3917.742851,0.857125,0.769035,0.867156,0.770999,71,54,50,36,0,1,0,0,1225,1006,767,640
2026/02/05/15:28:11,3918.743443,0.857125,0.769035,0.867156,0.770999,71,54,50,36,0,1,0,0,1225,1006,767,640
2026/02/05/15:28:12,3919.744162,0.857125,0.769035,0.867156,0.770999,71,54,50,36,0,1,0,0,1225,1006,767,640
2026/02/05/15:28:13,3920.744681,0.857125,0.769035,0.881281,0.782323,71,54,50,36,0,1,0,4,1225,1006,767,640
2026/02/05/15:28:14,3921.745061,0.903375,0.810407,0.915969,0.814430,73,57,53,43,0,1,0,1,1225,1006,767,640
2026/02/05/15:28:15,3922.745609,0.921719,0.827248,0.964313,0.852144,74,57,53,50,3,2,0,0,1225,1006,767,640
2026/02/05/15:28:16,3923.746140,0.915156,0.820736,0.976812,0.839690,74,56,53,48,2,1,0,2,1225,1008,767,644
2026/02/05/15:28:17,3924.746632,0.900469,0.806938,0.935500,0.821617,73,55,53,46,2,1,0,0,1226,1009,767,646
2026/02/05/15:28:18,3925.747231,0.891594,0.800657,0.926625,0.815337,73,54,53,44,2,1,0,0,1226,1010,767,648
2026/02/05/15:28:19,3926.747939,0.888781,0.795645,0.923813,0.810324,72,54,53,44,2,1,0,0,1227,1010,767,648
2026/02/05/15:28:20,3927.748716,0.888781,0.795645,0.923813,0.810324,72,54,53,44,2,1,0,0,1227,1010,767,648
2026/02/05/15:28:21,3928.749474,0.888781,0.795645,0.923813,0.810324,72,54,53,44,2,1,0,0,1227,1010,767,648
2026/02/05/15:28:22,3929.750146,0.895750,0.800663,0.941656,0.818133,72,54,54,45,3,1,0,0,1227,1010,767,648
2026/02/05/15:28:23,3930.750654,0.895750,0.800663,0.941656,0.818133,72,54,54,45,3,1,0,0,1227,1010,767,648
2026/02/05/15:28:24,3931.751214,0.895750,0.800663,0.941656,0.818133,72,54,54,45,3,1,0,0,1227,1010,767,648
2026/02/05/15:28:25,3932.751711,0.905813,0.807000,0.951719,0.824469,73,54,56,45,3,1,0,0,1227,1010,767,648
2026/02/05/15:28:26,3933.752292,0.905813,0.807000,0.940844,0.821679,73,54,56,45,2,1,0,0,1227,1010,767,648
2026/02/05/15:28:27,3934.752788,0.905813,0.807000,0.940844,0.821679,73,54,56,45,2,1,0,0,1227,1010,767,648
2026/02/05/15:28:28,3935.753601,0.905813,0.807000,0.940844,0.821679,73,54,56,45,2,1,0,0,1227,1010,767,648
2026/02/05/15:28:29,3936.754148,0.905813,0.807000,0.940844,0.821679,73,54,56,45,2,1,0,0,1227,1010,767,648
2026/02/05/15:28:30,3937.754681,0.895406,0.793567,0.930438,0.808247,72,54,56,42,2,1,0,0,1228,1010,767,651
2026/02/05/15:28:31,3938.755045,0.887219,0.789505,0.922250,0.804184,72,54,54,42,2,1,0,0,1228,1010,769,651
2026/02/05/15:28:32,3939.755611,0.887219,0.789505,0.922250,0.804184,72,54,54,42,2,1,0,0,1228,1010,769,651
2026/02/05/15:28:33,3940.756304,0.887219,0.789505,0.922250,0.804184,72,54,54,42,2,1,0,0,1228,1010,769,651
2026/02/05/15:28:34,3941.756850,0.887219,0.789505,0.922250,0.804184,72,54,54,42,2,1,0,0,1228,1010,769,651
2026/02/05/15:28:35,3942.757465,0.887219,0.789505,0.922250,0.804184,72,54,54,42,2,1,0,0,1228,1010,769,651
2026/02/05/15:28:36,3943.758084,0.875531,0.781878,0.910563,0.796558,72,54,54,38,2,1,0,0,1228,1010,769,655
2026/02/05/15:28:37,3944.758673,0.883594,0.791637,0.926969,0.808282,72,54,54,41,3,1,0,0,1228,1010,769,655
2026/02/05/15:28:38,3945.759242,0.905500,0.804774,0.950781,0.823806,73,57,57,41,2,1,2,0,1228,1010,769,655
2026/02/05/15:28:39,3946.760028,0.905937,0.806245,0.969313,0.856265,73,58,60,38,2,1,5,0,1228,1010,769,658
2026/02/05/15:28:40,3947.760746,0.916188,0.810597,0.969313,0.856265,73,58,62,38,2,1,3,0,1228,1010,769,658
2026/02/05/15:28:41,3948.761514,0.916594,0.812517,0.963688,0.847856,73,58,60,38,2,1,2,0,1228,1010,772,658
2026/02/05/15:28:42,3949.762285,0.913719,0.809697,0.960812,0.845035,73,57,60,38,2,1,2,0,1228,1011,772,658
2026/02/05/15:28:43,3950.762910,0.913719,0.809697,0.960812,0.845035,73,57,60,38,2,1,2,0,1228,1011,772,658
2026/02/05/15:28:44,3951.763517,0.913719,0.809697,0.960812,0.845035,73,57,60,38,2,1,2,0,1228,1011,772,658
2026/02/05/15:28:45,3952.764271,0.905062,0.797436,0.940094,0.812115,73,56,59,38,2,1,0,0,1228,1012,773,658
2026/02/05/15:28:46,3953.765002,0.905062,0.797436,0.940094,0.812115,73,56,59,38,2,1,0,0,1228,1012,773,658
2026/02/05/15:28:47,3954.765686,0.905062,0.797436,0.940094,0.812115,73,56,59,38,2,1,0,0,1228,1012,773,658
2026/02/05/15:28:48,3955.766414,0.905062,0.797436,0.940094,0.812115,73,56,59,38,2,1,0,0,1228,1012,773,658
2026/02/05/15:28:49,3956.767121,0.905062,0.797436,0.940094,0.812115,73,56,59,38,2,1,0,0,1228,1012,773,658
2026/02/05/15:28:50,3957.768022,0.905062,0.797436,0.940094,0.812115,73,56,59,38,2,1,0,0,1228,1012,773,658
2026/02/05/15:28:51,3958.768812,0.905062,0.797436,0.940094,0.812115,73,56,59,38,2,1,0,0,1228,1012,773,658
2026/02/05/15:28:52,3959.769435,0.905062,0.797436,0.940094,0.812115,73,56,59,38,2,1,0,0,1228,1012,773,658
2026/02/05/15:28:53,3960.770163,0.901062,0.794055,0.936094,0.808735,73,54,59,38,2,1,0,0,1228,1014,773,658
2026/02/05/15:28:54,3961.770821,0.898281,0.791786,0.933312,0.806466,73,54,58,38,2,1,0,0,1228,1014,774,658
2026/02/05/15:28:55,3962.771596,0.894188,0.789067,0.929219,0.803747,73,54,57,38,2,1,0,0,1228,1014,775,658
2026/02/05/15:28:56,3963.772168,0.890094,0.786348,0.925125,0.801028,73,54,56,38,2,1,0,0,1228,1014,776,658
2026/02/05/15:28:57,3964.772853,0.910594,0.789184,0.945625,0.803863,80,54,56,38,2,1,0,0,1231,1014,776,658
2026/02/05/15:28:58,3965.773607,0.910594,0.789184,0.945625,0.803863,80,54,56,38,2,1,0,0,1231,1014,776,658
2026/02/05/15:28:59,3966.774341,0.910594,0.789184,0.945625,0.803863,80,54,56,38,2,1,0,0,1231,1014,776,658
2026/02/05/15:29:00,3967.774962,0.890156,0.777803,0.925188,0.792483,77,54,53,38,2,1,0,0,1234,1014,779,658
2026/02/05/15:29:01,3968.775425,0.887000,0.776555,0.912000,0.789270,75,55,53,38,2,0,0,0,1236,1014,779,658
2026/02/05/15:29:02,3969.776050,0.887000,0.776555,0.912000,0.789270,75,55,53,38,2,0,0,0,1236,1014,779,658
2026/02/05/15:29:03,3970.776772,0.882687,0.772158,0.907687,0.784873,73,55,53,38,2,0,0,0,1238,1014,779,658
2026/02/05/15:29:04,3971.777587,0.882687,0.772158,0.907687,0.784873,73,55,53,38,2,0,0,0,1238,1014,779,658
2026/02/05/15:29:05,3972.778249,0.882687,0.772158,0.907687,0.784873,73,55,53,38,2,0,0,0,1238,1014,779,658
2026/02/05/15:29:06,3973.778831,0.880812,0.769884,0.905813,0.782599,72,55,53,38,2,0,0,0,1239,1014,779,658
2026/02/05/15:29:07,3974.779400,0.880812,0.769884,0.905813,0.782599,72,55,53,38,2,0,0,0,1239,1014,779,658
2026/02/05/15:29:08,3975.780046,0.880812,0.769884,0.905813,0.782599,72,55,53,38,2,0,0,0,1239,1014,779,658
2026/02/05/15:29:09,3976.780601,0.880812,0.769884,0.905813,0.782599,72,55,53,38,2,0,0,0,1239,1014,779,658
2026/02/05/15:29:10,3977.781359,0.870563,0.765532,0.895563,0.778247,72,55,51,38,2,0,0,0,1239,1014,781,658
2026/02/05/15:29:11,3978.781879,0.870563,0.765532,0.895563,0.778247,72,55,51,38,2,0,0,0,1239,1014,781,658
2026/02/05/15:29:12,3979.782670,0.870563,0.765532,0.895563,0.778247,72,55,51,38,2,0,0,0,1239,1014,781,658
2026/02/05/15:29:13,3980.783336,0.870563,0.765532,0.895563,0.778247,72,55,51,38,2,0,0,0,1239,1014,781,658
2026/02/05/15:29:14,3981.783878,0.870563,0.765532,0.895563,0.778247,72,55,51,38,2,0,0,0,1239,1014,781,658
2026/02/05/15:29:15,3982.784553,0.870563,0.765532,0.895563,0.778247,72,55,51,38,2,0,0,0,1239,1014,781,658
2026/02/05/15:29:16,3983.785216,0.870563,0.765532,0.895563,0.778247,72,55,51,38,2,0,0,0,1239,1014,781,658
2026/02/05/15:29:17,3984.785908,0.870563,0.765532,0.895563,0.778247,72,55,51,38,2,0,0,0,1239,1014,781,658
2026/02/05/15:29:18,3985.786638,0.870563,0.765532,0.895563,0.778247,72,55,51,38,2,0,0,0,1239,1014,781,658
2026/02/05/15:29:19,3986.787468,0.870563,0.765532,0.895563,0.778247,72,55,51,38,2,0,0,0,1239,1014,781,658
2026/02/05/15:29:20,3987.788296,0.870563,0.765532,0.895563,0.778247,72,55,51,38,2,0,0,0,1239,1014,781,658
2026/02/05/15:29:21,3988.788978,0.870563,0.765532,0.895563,0.778247,72,55,51,38,2,0,0,0,1239,1014,781,658
2026/02/05/15:29:22,3989.789636,0.862187,0.759582,0.887188,0.772297,72,53,51,38,2,0,0,0,1239,1016,781,658
2026/02/05/15:29:23,3990.790528,0.876938,0.764222,0.901937,0.776937,74,53,51,38,2,0,0,0,1239,1016,781,658
2026/02/05/15:29:24,3991.791341,0.899719,0.775814,0.924719,0.788530,77,53,51,40,2,0,0,0,1239,1016,781,658
2026/02/05/15:29:25,3992.792199,0.899719,0.775814,0.924719,0.788530,77,53,51,40,2,0,0,0,1239,1016,781,658
2026/02/05/15:29:26,3993.792934,0.880875,0.770900,0.905875,0.783615,74,53,51,40,2,0,0,0,1242,1016,781,658
2026/02/05/15:29:27,3994.793710,0.862000,0.762341,0.887000,0.775057,72,51,51,40,2,0,0,0,1244,1018,781,658
2026/02/05/15:29:28,3995.794375,0.858062,0.755663,0.883062,0.768379,72,51,51,38,2,0,0,0,1244,1018,781,660
2026/02/05/15:29:29,3996.795125,0.858062,0.755663,0.883062,0.768379,72,51,51,38,2,0,0,0,1244,1018,781,660
2026/02/05/15:29:30,3997.795650,0.858062,0.755663,0.883062,0.768379,72,51,51,38,2,0,0,0,1244,1018,781,660
2026/02/05/15:29:31,3998.796111,0.858062,0.755663,0.883062,0.768379,72,51,51,38,2,0,0,0,1244,1018,781,660
2026/02/05/15:29:32,3999.796793,0.858062,0.755663,0.883062,0.768379,72,51,51,38,2,0,0,0,1244,1018,781,660
2026/02/05/15:29:33,4000.797459,0.858062,0.755663,0.883062,0.768379,72,51,51,38,2,0,0,0,1244,1018,781,660
2026/02/05/15:29:34,4001.884084,0.858062,0.755663,0.883062,0.768379,72,51,51,38,2,0,0,0,1244,1018,781,660
2026/02/05/15:29:35,4002.884702,0.858062,0.755663,0.883062,0.768379,72,51,51,38,2,0,0,0,1244,1018,781,660
2026/02/05/15:29:36,4003.927252,0.858062,0.755663,0.883062,0.768379,72,51,51,38,2,0,0,0,1244,1018,781,660
2026/02/05/15:29:37,4004.927505,0.858062,0.755663,0.883062,0.768379,72,51,51,38,2,0,0,0,1244,1018,781,660
2026/02/05/15:29:38,4005.927885,0.883062,0.768379,0.883062,0.768379,74,51,51,38,0,0,0,0,1246,1018,781,660
2026/02/05/15:29:39,4006.928461,0.879687,0.764568,0.879687,0.764568,74,51,51,36,0,0,0,0,1246,1018,781,662
2026/02/05/15:29:40,4007.929240,0.873125,0.752740,0.873125,0.752740,71,51,51,36,0,0,0,0,1249,1018,781,662
2026/02/05/15:29:41,4008.929867,0.873125,0.752740,0.873125,0.752740,71,51,51,36,0,0,0,0,1249,1018,781,662
2026/02/05/15:29:42,4009.930608,0.873125,0.752740,0.873125,0.752740,71,51,51,36,0,0,0,0,1249,1018,781,662
2026/02/05/15:29:43,4010.931427,0.873125,0.752740,0.873125,0.752740,71,51,51,36,0,0,0,0,1249,1018,781,662
2026/02/05/15:29:44,4011.932176,0.873125,0.752740,0.873125,0.752740,71,51,51,36,0,0,0,0,1249,1018,781,662
2026/02/05/15:29:45,4012.933014,0.869938,0.747563,0.869938,0.747563,69,51,51,36,0,0,0,0,1251,1018,781,662
2026/02/05/15:29:46,4013.933665,0.869938,0.747563,0.869938,0.747563,69,51,51,36,0,0,0,0,1251,1018,781,662
2026/02/05/15:29:47,4014.934267,0.869938,0.747563,0.869938,0.747563,69,51,51,36,0,0,0,0,1251,1018,781,662
2026/02/05/15:29:48,4015.934841,0.869938,0.747563,0.869938,0.747563,69,51,51,36,0,0,0,0,1251,1018,781,662
2026/02/05/15:29:49,4016.935401,0.896375,0.781340,0.896375,0.781340,72,52,56,38,0,0,0,0,1251,1018,781,662
2026/02/05/15:29:50,4017.935961,0.905625,0.805729,0.909625,0.814859,76,52,56,38,1,0,0,0,1251,1018,781,662
2026/02/05/15:29:51,4018.936421,0.931813,0.829338,0.936656,0.830953,82,52,55,40,1,0,0,0,1251,1018,782,662
2026/02/05/15:29:52,4019.937033,0.938781,0.836370,0.965656,0.856492,84,53,55,41,6,0,0,0,1251,1018,782,662
2026/02/05/15:29:53,4020.937619,0.939375,0.823740,0.944219,0.825354,81,54,55,41,1,0,0,0,1255,1018,782,662
2026/02/05/15:29:54,4021.938102,0.940906,0.828840,0.949313,0.838103,80,54,56,41,1,0,1,0,1256,1018,782,662
2026/02/05/15:29:55,4022.938830,0.934562,0.824269,0.934562,0.824269,79,54,57,39,0,0,0,0,1258,1018,782,664
2026/02/05/15:29:56,4023.939359,0.919562,0.802622,0.919562,0.802622,76,53,57,39,0,0,0,0,1261,1019,782,664
2026/02/05/15:29:57,4024.939915,0.906875,0.794492,0.906875,0.794492,75,53,54,39,0,0,0,0,1262,1019,785,664
2026/02/05/15:29:58,4025.940382,0.904469,0.792904,0.904469,0.792904,75,53,53,39,0,0,0,0,1262,1019,786,664
2026/02/05/15:29:59,4026.940933,0.897344,0.777607,0.897344,0.777607,75,53,51,39,0,0,0,0,1262,1019,788,664
2026/02/05/15:30:00,4027.941533,0.897344,0.777607,0.897344,0.777607,75,53,51,39,0,0,0,0,1262,1019,788,664
2026/02/05/15:30:01,4028.942269,0.897344,0.777607,0.897344,0.777607,75,53,51,39,0,0,0,0,1262,1019,788,664
2026/02/05/15:30:02,4029.942812,0.897344,0.777607,0.897344,0.777607,75,53,51,39,0,0,0,0,1262,1019,788,664
2026/02/05/15:30:03,4030.943403,0.897344,0.777607,0.897344,0.777607,75,53,51,39,0,0,0,0,1262,1019,788,664
2026/02/05/15:30:04,4031.944222,0.897344,0.777607,0.897344,0.777607,75,53,51,39,0,0,0,0,1262,1019,788,664
2026/02/05/15:30:05,4032.945003,0.897344,0.777607,0.897344,0.777607,75,53,51,39,0,0,0,0,1262,1019,788,664
2026/02/05/15:30:06,4033.945542,0.897344,0.777607,0.897344,0.777607,75,53,51,39,0,0,0,0,1262,1019,788,664
2026/02/05/15:30:07,4034.946201,0.897344,0.777607,0.897344,0.777607,75,53,51,39,0,0,0,0,1262,1019,788,664
2026/02/05/15:30:08,4035.946861,0.897344,0.777607,0.897344,0.777607,75,53,51,39,0,0,0,0,1262,1019,788,664
2026/02/05/15:30:09,4036.947403,0.897344,0.777607,0.897344,0.777607,75,53,51,39,0,0,0,0,1262,1019,788,664
2026/02/05/15:30:10,4037.947872,0.897344,0.777607,0.897344,0.777607,75,53,51,39,0,0,0,0,1262,1019,788,664
2026/02/05/15:30:11,4038.948361,0.895687,0.775688,0.895687,0.775688,75,53,51,38,0,0,0,0,1262,1019,788,665
2026/02/05/15:30:12,4039.948965,0.895687,0.775688,0.895687,0.775688,75,53,51,38,0,0,0,0,1262,1019,788,665
2026/02/05/15:30:13,4040.949712,0.895687,0.775688,0.895687,0.775688,75,53,51,38,0,0,0,0,1262,1019,788,665
2026/02/05/15:30:14,4041.950324,0.895687,0.775688,0.895687,0.775688,75,53,51,38,0,0,0,0,1262,1019,788,665
2026/02/05/15:30:15,4042.950902,0.895687,0.775688,0.895687,0.775688,75,53,51,38,0,0,0,0,1262,1019,788,665
2026/02/05/15:30:16,4043.951528,0.917687,0.805855,0.958562,0.810884,75,53,53,43,3,0,0,0,1262,1019,788,665
2026/02/05/15:30:17,4044.952176,0.927000,0.814079,0.983500,0.821970,77,54,53,43,4,0,0,0,1262,1019,788,665
2026/02/05/15:30:18,4045.952739,0.927000,0.814079,0.983500,0.821970,77,54,53,43,4,0,0,0,1262,1019,788,665
2026/02/05/15:30:19,4046.953214,0.919875,0.797750,0.935500,0.800613,77,54,53,40,1,0,0,0,1262,1019,788,668
2026/02/05/15:30:20,4047.953769,0.919875,0.797750,0.935500,0.800613,77,54,53,40,1,0,0,0,1262,1019,788,668
2026/02/05/15:30:21,4048.954262,0.919875,0.797750,0.935500,0.800613,77,54,53,40,1,0,0,0,1262,1019,788,668
2026/02/05/15:30:22,4049.954910,0.905625,0.787765,0.921250,0.790627,77,52,51,40,1,0,0,0,1262,1021,790,668
2026/02/05/15:30:23,4050.955479,0.878375,0.771369,0.894000,0.774231,77,49,51,38,1,0,0,0,1262,1024,790,670
2026/02/05/15:30:24,4051.956127,0.878375,0.771369,0.894000,0.774231,77,49,51,38,1,0,0,0,1262,1024,790,670
2026/02/05/15:30:25,4052.956740,0.878375,0.771369,0.894000,0.774231,77,49,51,38,1,0,0,0,1262,1024,790,670
2026/02/05/15:30:26,4053.957341,0.878375,0.771369,0.894000,0.774231,77,49,51,38,1,0,0,0,1262,1024,790,670
2026/02/05/15:30:27,4054.957886,0.878375,0.771369,0.894000,0.774231,77,49,51,38,1,0,0,0,1262,1024,790,670
2026/02/05/15:30:28,4055.958469,0.876281,0.768232,0.891906,0.771094,76,49,51,38,1,0,0,0,1263,1024,790,670
2026/02/05/15:30:29,4056.959107,0.876281,0.768232,0.891906,0.771094,76,49,51,38,1,0,0,0,1263,1024,790,670
2026/02/05/15:30:30,4057.959762,0.876281,0.768232,0.891906,0.771094,76,49,51,38,1,0,0,0,1263,1024,790,670
2026/02/05/15:30:31,4058.960403,0.876281,0.768232,0.891906,0.771094,76,49,51,38,1,0,0,0,1263,1024,790,670
2026/02/05/15:30:32,4059.960963,0.876281,0.768232,0.891906,0.771094,76,49,51,38,1,0,0,0,1263,1024,790,670
2026/02/05/15:30:33,4060.961578,0.876281,0.768232,0.891906,0.771094,76,49,51,38,1,0,0,0,1263,1024,790,670
2026/02/05/15:30:34,4061.962239,0.876281,0.768232,0.891906,0.771094,76,49,51,38,1,0,0,0,1263,1024,790,670
2026/02/05/15:30:35,4062.962817,0.887625,0.777070,0.903250,0.779932,76,49,54,38,1,0,0,0,1263,1025,790,670
2026/02/05/15:30:36,4063.963528,0.887625,0.777070,0.903250,0.779932,76,49,54,38,1,0,0,0,1263,1025,790,670
2026/02/05/15:30:37,4064.964162,0.887312,0.780981,0.902937,0.783843,76,52,53,38,1,0,0,0,1263,1025,791,670
2026/02/05/15:30:38,4065.964847,0.907937,0.794624,0.923562,0.797486,78,54,55,38,1,0,0,0,1263,1025,791,670
2026/02/05/15:30:39,4066.965462,0.919656,0.810073,0.935281,0.812936,81,57,55,38,1,0,0,0,1263,1026,792,670
2026/02/05/15:30:40,4067.966123,0.919656,0.810073,0.935281,0.812936,81,57,55,38,1,0,0,0,1263,1026,792,670
2026/02/05/15:30:41,4068.966689,0.912906,0.806693,0.928531,0.809556,81,57,53,38,1,0,0,0,1263,1026,794,670
2026/02/05/15:30:42,4069.967320,0.903594,0.793905,0.919219,0.796767,81,56,50,38,1,0,0,0,1263,1027,797,670
2026/02/05/15:30:43,4070.967951,0.898781,0.790157,0.914406,0.793019,81,54,50,38,1,0,0,0,1263,1029,797,670
2026/02/05/15:30:44,4071.968712,0.898781,0.790157,0.914406,0.793019,81,54,50,38,1,0,0,0,1263,1029,797,670
2026/02/05/15:30:45,4072.969173,0.892125,0.785356,0.907750,0.788218,81,51,50,38,1,0,0,0,1263,1032,797,670
2026/02/05/15:30:46,4073.969736,0.880812,0.781571,0.896437,0.784434,79,51,50,38,1,0,0,0,1265,1032,797,670
2026/02/05/15:30:47,4074.970339,0.880812,0.781571,0.896437,0.784434,79,51,50,38,1,0,0,0,1265,1032,797,670
2026/02/05/15:30:48,4075.971046,0.880812,0.781571,0.896437,0.784434,79,51,50,38,1,0,0,0,1265,1032,797,670
2026/02/05/15:30:49,4076.971651,0.877375,0.778593,0.893000,0.781456,79,51,49,38,1,0,0,0,1265,1032,798,670
2026/02/05/15:30:50,4077.972338,0.877375,0.778593,0.893000,0.781456,79,51,49,38,1,0,0,0,1265,1032,798,670
2026/02/05/15:30:51,4078.973188,0.877375,0.778593,0.893000,0.781456,79,51,49,38,1,0,0,0,1265,1032,798,670
2026/02/05/15:30:52,4079.973920,0.877375,0.778593,0.893000,0.781456,79,51,49,38,1,0,0,0,1265,1032,798,670
2026/02/05/15:30:53,4080.974571,0.877375,0.778593,0.893000,0.781456,79,51,49,38,1,0,0,0,1265,1032,798,670
2026/02/05/15:30:54,4082.024666,0.877375,0.778593,0.893000,0.781456,79,51,49,38,1,0,0,0,1265,1032,798,670
2026/02/05/15:30:55,4083.025412,0.877375,0.778593,0.893000,0.781456,79,51,49,38,1,0,0,0,1265,1032,798,670
2026/02/05/15:30:56,4084.025995,0.870250,0.772653,0.885875,0.775515,77,51,49,38,1,0,0,0,1267,1032,798,670
2026/02/05/15:30:57,4085.026312,0.870250,0.772653,0.885875,0.775515,77,51,49,38,1,0,0,0,1267,1032,798,670
2026/02/05/15:30:58,4086.026838,0.885875,0.775515,0.885875,0.775515,78,51,49,38,0,0,0,0,1269,1032,798,670
2026/02/05/15:30:59,4087.028337,0.885875,0.775515,0.885875,0.775515,78,51,49,38,0,0,0,0,1269,1032,798,670
2026/02/05/15:31:00,4088.029056,0.919188,0.818371,0.963344,0.823230,81,55,51,39,0,0,3,0,1269,1032,798,670
2026/02/05/15:31:01,4089.029432,0.919188,0.818371,0.963344,0.823230,81,55,51,39,0,0,3,0,1269,1032,798,670
2026/02/05/15:31:02,4090.030071,0.908563,0.809139,0.952719,0.813997,79,52,51,39,0,0,3,0,1271,1035,798,670
2026/02/05/15:31:03,4091.030712,0.908563,0.809139,0.908563,0.809139,79,52,51,39,0,0,0,0,1271,1035,798,670
2026/02/05/15:31:04,4092.031541,0.907000,0.804061,0.907000,0.804061,79,52,51,38,0,0,0,0,1271,1035,798,671
2026/02/05/15:31:05,4093.032160,0.907000,0.804061,0.907000,0.804061,79,52,51,38,0,0,0,0,1271,1035,798,671
2026/02/05/15:31:06,4094.032783,0.907000,0.804061,0.907000,0.804061,79,52,51,38,0,0,0,0,1271,1035,798,671
2026/02/05/15:31:07,4095.033352,0.907000,0.804061,0.907000,0.804061,79,52,51,38,0,0,0,0,1271,1035,798,671
2026/02/05/15:31:08,4096.033827,0.907000,0.804061,0.907000,0.804061,79,52,51,38,0,0,0,0,1271,1035,798,671
2026/02/05/15:31:09,4097.034572,0.888312,0.776576,0.888312,0.776576,76,51,51,38,0,0,0,0,1274,1036,798,671
2026/02/05/15:31:10,4098.035416,0.877875,0.766840,0.877875,0.766840,76,50,51,38,0,0,0,0,1274,1037,798,671
2026/02/05/15:31:11,4099.036206,0.877875,0.766840,0.877875,0.766840,76,50,51,38,0,0,0,0,1274,1037,798,671
2026/02/05/15:31:12,4100.036843,0.873313,0.763647,0.873313,0.763647,76,50,51,36,0,0,0,0,1274,1037,798,673
2026/02/05/15:31:13,4101.037443,0.873313,0.763647,0.873313,0.763647,76,50,51,36,0,0,0,0,1274,1037,798,673
2026/02/05/15:31:14,4102.038334,0.873313,0.763647,0.873313,0.763647,76,50,51,36,0,0,0,0,1274,1037,798,673
2026/02/05/15:31:15,4103.039019,0.873313,0.763647,0.873313,0.763647,76,50,51,36,0,0,0,0,1274,1037,798,673
2026/02/05/15:31:16,4104.039632,0.873313,0.763647,0.873313,0.763647,76,50,51,36,0,0,0,0,1274,1037,798,673
2026/02/05/15:31:17,4105.040245,0.873313,0.763647,0.873313,0.763647,76,50,51,36,0,0,0,0,1274,1037,798,673
2026/02/05/15:31:18,4106.040956,0.873313,0.763647,0.873313,0.763647,76,50,51,36,0,0,0,0,1274,1037,798,673
2026/02/05/15:31:19,4107.041763,0.873313,0.763647,0.873313,0.763647,76,50,51,36,0,0,0,0,1274,1037,798,673
2026/02/05/15:31:20,4108.042607,0.873313,0.763647,0.873313,0.763647,76,50,51,36,0,0,0,0,1274,1037,798,673
2026/02/05/15:31:21,4109.043512,0.873313,0.763647,0.873313,0.763647,76,50,51,36,0,0,0,0,1274,1037,798,673
2026/02/05/15:31:22,4110.044165,0.873313,0.763647,0.873313,0.763647,76,50,51,36,0,0,0,0,1274,1037,798,673
2026/02/05/15:31:23,4111.044944,0.873313,0.763647,0.873313,0.763647,76,50,51,36,0,0,0,0,1274,1037,798,673
2026/02/05/15:31:24,4112.045524,0.873313,0.763647,0.873313,0.763647,76,50,51,36,0,0,0,0,1274,1037,798,673
2026/02/05/15:31:25,4113.046161,0.873313,0.763647,0.873313,0.763647,76,50,51,36,0,0,0,0,1274,1037,798,673
2026/02/05/15:31:26,4114.046856,0.873313,0.763647,0.873313,0.763647,76,50,51,36,0,0,0,0,1274,1037,798,673
2026/02/05/15:31:27,4115.047536,0.873313,0.763647,0.873313,0.763647,76,50,51,36,0,0,0,0,1274,1037,798,673
2026/02/05/15:31:28,4116.048331,0.873313,0.763647,0.873313,0.763647,76,50,51,36,0,0,0,0,1274,1037,798,673
2026/02/05/15:31:29,4117.048873,0.873313,0.763647,0.873313,0.763647,76,50,51,36,0,0,0,0,1274,1037,798,673
2026/02/05/15:31:30,4118.049659,0.882406,0.796635,0.882406,0.796635,76,53,51,36,0,0,0,0,1274,1037,798,673
2026/02/05/15:31:31,4119.050324,0.882406,0.796635,0.882406,0.796635,76,53,51,36,0,0,0,0,1274,1037,798,673
2026/02/05/15:31:32,4120.051015,0.882406,0.796635,0.882406,0.796635,76,53,51,36,0,0,0,0,1274,1037,798,673
2026/02/05/15:31:33,4121.051781,0.882406,0.796635,0.882406,0.796635,76,53,51,36,0,0,0,0,1274,1037,798,673
2026/02/05/15:31:34,4122.052357,0.882406,0.796635,0.882406,0.796635,76,53,51,36,0,0,0,0,1274,1037,798,673
2026/02/05/15:31:35,4123.052988,0.882406,0.796635,0.882406,0.796635,76,53,51,36,0,0,0,0,1274,1037,798,673
2026/02/05/15:31:36,4124.053498,0.882406,0.796635,0.882406,0.796635,76,53,51,36,0,0,0,0,1274,1037,798,673
2026/02/05/15:31:37,4125.054161,0.882406,0.796635,0.882406,0.796635,76,53,51,36,0,0,0,0,1274,1037,798,673
2026/02/05/15:31:38,4126.054705,0.874906,0.786158,0.874906,0.786158,75,53,49,36,0,0,0,0,1275,1037,800,673
2026/02/05/15:31:39,4127.055295,0.865812,0.753170,0.865812,0.753170,75,50,49,36,0,0,0,0,1275,1040,800,673
2026/02/05/15:31:40,4128.056013,0.865812,0.753170,0.865812,0.753170,75,50,49,36,0,0,0,0,1275,1040,800,673
2026/02/05/15:31:41,4129.056546,0.898250,0.807900,0.898250,0.807900,79,53,52,40,0,0,0,0,1275,1040,800,673
2026/02/05/15:31:42,4130.057237,0.903937,0.813542,0.903937,0.813542,79,53,54,40,0,0,0,0,1275,1040,800,673
2026/02/05/15:31:43,4131.057725,0.906281,0.816739,0.906281,0.816739,79,53,56,39,0,0,0,0,1275,1040,800,674
2026/02/05/15:31:44,4132.058248,0.906281,0.816739,0.906281,0.816739,79,53,56,39,0,0,0,0,1275,1040,800,674
2026/02/05/15:31:45,4133.058727,0.916125,0.827646,0.916125,0.827646,81,53,59,39,0,0,0,0,1275,1040,800,674
2026/02/05/15:31:46,4134.059159,0.927937,0.839600,0.964938,0.873535,84,53,60,39,1,3,0,0,1275,1040,802,674
2026/02/05/15:31:47,4135.059674,0.921656,0.834539,0.958656,0.868474,84,53,57,39,1,3,0,0,1275,1040,805,674
2026/02/05/15:31:48,4136.060301,0.921656,0.834539,0.958656,0.868474,84,53,57,39,1,3,0,0,1275,1040,805,674
2026/02/05/15:31:49,4137.060805,0.920031,0.832230,0.957031,0.866165,83,53,57,39,1,3,0,0,1276,1040,805,674
2026/02/05/15:31:50,4138.061285,0.929594,0.848364,0.966594,0.882299,86,52,57,39,1,3,0,0,1277,1041,805,674
2026/02/05/15:31:51,4139.061994,0.928375,0.849673,0.965375,0.883608,87,51,57,39,1,3,0,0,1278,1043,805,674
2026/02/05/15:31:52,4140.062548,0.928375,0.849673,0.965375,0.883608,87,51,57,39,1,3,0,0,1278,1043,805,674
2026/02/05/15:31:53,4141.063027,0.912813,0.822903,0.949812,0.856838,85,48,55,39,1,3,0,0,1280,1046,807,674
2026/02/05/15:31:54,4142.063499,0.903000,0.811158,0.940000,0.845093,84,47,52,39,1,3,0,0,1281,1047,810,674
2026/02/05/15:31:55,4143.064083,0.903000,0.811158,0.931719,0.841414,84,47,52,39,0,3,0,0,1281,1047,810,674
2026/02/05/15:31:56,4144.064747,0.900375,0.806538,0.929094,0.836793,84,47,51,39,0,3,0,0,1281,1047,811,674
2026/02/05/15:31:57,4145.065324,0.892062,0.792474,0.920781,0.822730,81,47,51,39,0,3,0,0,1284,1047,811,674
2026/02/05/15:31:58,4146.065988,0.892062,0.792474,0.920781,0.822730,81,47,51,39,0,3,0,0,1284,1047,811,674
2026/02/05/15:31:59,4147.066680,0.892062,0.792474,0.907219,0.794611,81,47,51,39,0,1,0,0,1284,1047,811,674
2026/02/05/15:32:00,4148.067321,0.896031,0.786680,0.896031,0.786680,80,48,49,39,0,0,0,0,1285,1047,813,674
2026/02/05/15:32:01,4149.067912,0.892000,0.784301,0.892000,0.784301,79,48,49,39,0,0,0,0,1286,1047,813,674
2026/02/05/15:32:02,4150.068741,0.892000,0.784301,0.892000,0.784301,79,48,49,39,0,0,0,0,1286,1047,813,674
2026/02/05/15:32:03,4151.069441,0.888844,0.780902,0.888844,0.780902,78,48,49,39,0,0,0,0,1287,1047,813,674
2026/02/05/15:32:04,4152.070228,0.888844,0.780902,0.888844,0.780902,78,48,49,39,0,0,0,0,1287,1047,813,674
2026/02/05/15:32:05,4153.070842,0.888844,0.780902,0.888844,0.780902,78,48,49,39,0,0,0,0,1287,1047,813,674
2026/02/05/15:32:06,4154.071459,0.888844,0.780902,0.888844,0.780902,78,48,49,39,0,0,0,0,1287,1047,813,674
2026/02/05/15:32:07,4155.072013,0.888844,0.780902,0.888844,0.780902,78,48,49,39,0,0,0,0,1287,1047,813,674
2026/02/05/15:32:08,4156.072692,0.888844,0.780902,0.888844,0.780902,78,48,49,39,0,0,0,0,1287,1047,813,674
2026/02/05/15:32:09,4157.073346,0.888844,0.780902,0.888844,0.780902,78,48,49,39,0,0,0,0,1287,1047,813,674
2026/02/05/15:32:10,4158.074109,0.887437,0.791729,0.887437,0.791729,76,54,49,40,0,0,0,0,1289,1047,813,674
2026/02/05/15:32:11,4159.074886,0.882656,0.782480,0.882656,0.782480,73,54,49,40,0,0,0,0,1292,1047,813,674
2026/02/05/15:32:12,4160.075619,0.919969,0.818602,0.919969,0.818602,79,57,49,42,0,0,0,0,1292,1047,813,674
2026/02/05/15:32:13,4161.076303,0.919969,0.818602,0.919969,0.818602,79,57,49,42,0,0,0,0,1292,1047,813,674
2026/02/05/15:32:14,4162.077005,0.907219,0.813564,0.907219,0.813564,79,54,49,42,0,0,0,0,1292,1050,813,674
2026/02/05/15:32:15,4163.077606,0.926937,0.860336,0.926937,0.860336,81,57,49,42,0,0,0,0,1292,1050,813,674
2026/02/05/15:32:16,4164.078261,0.915687,0.852251,0.915687,0.852251,81,55,47,42,0,0,0,0,1292,1052,815,674
2026/02/05/15:32:17,4165.079003,0.915687,0.852251,0.915687,0.852251,81,55,47,42,0,0,0,0,1292,1052,815,674
2026/02/05/15:32:18,4166.079579,0.915687,0.852251,0.915687,0.852251,81,55,47,42,0,0,0,0,1292,1052,815,674
2026/02/05/15:32:19,4167.080166,0.909312,0.848614,0.909312,0.848614,81,55,47,40,0,0,0,0,1292,1052,815,676
2026/02/05/15:32:20,4168.080931,0.893094,0.804843,0.893094,0.804843,81,50,47,40,0,0,0,0,1292,1057,815,676
2026/02/05/15:32:21,4169.081624,0.893094,0.804843,0.893094,0.804843,81,50,47,40,0,0,0,0,1292,1057,815,676
2026/02/05/15:32:22,4170.082203,0.881469,0.798048,0.881469,0.798048,78,50,47,40,0,0,0,0,1295,1057,815,676
2026/02/05/15:32:23,4171.082852,0.881469,0.798048,0.881469,0.798048,78,50,47,40,0,0,0,0,1295,1057,815,676
2026/02/05/15:32:24,4172.083732,0.881469,0.798048,0.881469,0.798048,78,50,47,40,0,0,0,0,1295,1057,815,676
2026/02/05/15:32:25,4173.084335,0.886062,0.793925,0.893781,0.805534,81,50,47,40,0,0,1,0,1295,1058,815,676
2026/02/05/15:32:26,4174.085050,0.886062,0.793925,0.893781,0.805534,81,50,47,40,0,0,1,0,1295,1058,815,676
2026/02/05/15:32:27,4175.085902,0.885875,0.794454,0.885875,0.794454,78,50,48,39,0,0,0,0,1298,1058,815,677
2026/02/05/15:32:28,4176.086655,0.881125,0.788237,0.881125,0.788237,78,50,48,37,0,0,0,0,1298,1058,815,679
2026/02/05/15:32:29,4177.087326,0.881125,0.788237,0.881125,0.788237,78,50,48,37,0,0,0,0,1298,1058,815,679
2026/02/05/15:32:30,4178.087849,0.881125,0.788237,0.881125,0.788237,78,50,48,37,0,0,0,0,1298,1058,815,679
2026/02/05/15:32:31,4179.088365,0.883687,0.790758,0.886250,0.793279,78,50,48,38,0,0,0,1,1298,1058,815,679
2026/02/05/15:32:32,4180.089159,0.888813,0.795068,0.888813,0.795068,78,51,48,39,0,0,0,0,1298,1058,815,679
2026/02/05/15:32:33,4181.089660,0.902188,0.803866,0.902188,0.803866,80,53,47,45,0,0,0,0,1298,1058,816,679
2026/02/05/15:32:34,4182.090208,0.899625,0.802077,0.899625,0.802077,80,52,47,45,0,0,0,0,1298,1059,816,679
2026/02/05/15:32:35,4183.090910,0.899625,0.802077,0.899625,0.802077,80,52,47,45,0,0,0,0,1298,1059,816,679
2026/02/05/15:32:36,4184.091748,0.893563,0.796939,0.893563,0.796939,80,50,47,45,0,0,0,0,1298,1061,816,679
2026/02/05/15:32:37,4185.092406,0.893563,0.796939,0.893563,0.796939,80,50,47,45,0,0,0,0,1298,1061,816,679
2026/02/05/15:32:38,4186.093038,0.872375,0.789604,0.872375,0.789604,79,50,45,45,0,0,0,0,1299,1061,818,679
2026/02/05/15:32:39,4187.093716,0.872375,0.789604,0.872375,0.789604,79,50,45,45,0,0,0,0,1299,1061,818,679
2026/02/05/15:32:40,4188.094496,0.872375,0.789604,0.872375,0.789604,79,50,45,45,0,0,0,0,1299,1061,818,679
2026/02/05/15:32:41,4189.095184,0.872375,0.789604,0.872375,0.789604,79,50,45,45,0,0,0,0,1299,1061,818,679
2026/02/05/15:32:42,4190.095843,0.872375,0.789604,0.872375,0.789604,79,50,45,45,0,0,0,0,1299,1061,818,679
2026/02/05/15:32:43,4191.096471,0.872375,0.789604,0.872375,0.789604,79,50,45,45,0,0,0,0,1299,1061,818,679
2026/02/05/15:32:44,4192.097176,0.869406,0.787445,0.869406,0.787445,79,49,45,45,0,0,0,0,1299,1062,818,679
2026/02/05/15:32:45,4193.097780,0.869406,0.787445,0.869406,0.787445,79,49,45,45,0,0,0,0,1299,1062,818,679
2026/02/05/15:32:46,4194.098295,0.869406,0.787445,0.869406,0.787445,79,49,45,45,0,0,0,0,1299,1062,818,679
2026/02/05/15:32:47,4195.099171,0.894344,0.804163,0.894344,0.804163,80,50,48,48,0,0,0,0,1299,1062,818,679
2026/02/05/15:32:48,4196.099780,0.894344,0.804163,0.894344,0.804163,80,50,48,48,0,0,0,0,1299,1062,818,679
2026/02/05/15:32:49,4197.100329,0.894344,0.804163,0.894344,0.804163,80,50,48,48,0,0,0,0,1299,1062,818,679
2026/02/05/15:32:50,4198.100789,0.878219,0.793895,0.878219,0.793895,80,50,48,43,0,0,0,0,1299,1062,818,684
2026/02/05/15:32:51,4199.101358,0.872687,0.787790,0.872687,0.787790,80,50,45,43,0,0,0,0,1299,1062,821,684
2026/02/05/15:32:52,4200.101934,0.870656,0.785650,0.870656,0.785650,79,50,45,43,0,0,0,0,1300,1062,821,684
2026/02/05/15:32:53,4201.102537,0.870656,0.785650,0.870656,0.785650,79,50,45,43,0,0,0,0,1300,1062,821,684
2026/02/05/15:32:54,4202.103215,0.864250,0.783979,0.864250,0.783979,78,50,45,43,0,0,0,0,1301,1062,821,684
2026/02/05/15:32:55,4203.103856,0.870812,0.793314,0.870812,0.793314,78,53,45,43,0,0,0,0,1301,1062,821,684
2026/02/05/15:32:56,4204.104477,0.892437,0.812197,0.930406,0.818123,78,57,46,40,2,1,0,0,1301,1062,821,687
2026/02/05/15:32:57,4205.105213,0.885875,0.802862,0.923844,0.808789,78,54,46,40,2,1,0,0,1301,1065,821,687
2026/02/05/15:32:58,4206.105759,0.884062,0.794301,0.922031,0.800228,78,53,46,40,2,1,0,0,1301,1066,821,687
2026/02/05/15:32:59,4207.106498,0.878875,0.786330,0.892875,0.788332,79,53,45,40,1,0,0,0,1301,1068,822,687
2026/02/05/15:33:00,4208.107196,0.878875,0.786330,0.892875,0.788332,79,53,45,40,1,0,0,0,1301,1068,822,687
2026/02/05/15:33:01,4209.107627,0.873750,0.781288,0.887750,0.783291,79,53,45,38,1,0,0,0,1301,1068,822,689
2026/02/05/15:33:02,4210.108157,0.873750,0.781288,0.887750,0.783291,79,53,45,38,1,0,0,0,1301,1068,822,689
2026/02/05/15:33:03,4211.108694,0.881781,0.777259,0.881781,0.777259,80,50,45,38,0,0,0,0,1301,1071,822,689
2026/02/05/15:33:04,4212.109392,0.881781,0.777259,0.881781,0.777259,80,50,45,38,0,0,0,0,1301,1071,822,689
2026/02/05/15:33:05,4213.110152,0.881781,0.777259,0.881781,0.777259,80,50,45,38,0,0,0,0,1301,1071,822,689
2026/02/05/15:33:06,4214.110858,0.876437,0.771945,0.876437,0.771945,80,50,45,35,0,0,0,0,1301,1071,822,692
2026/02/05/15:33:07,4215.111689,0.867906,0.759750,0.867906,0.759750,77,50,45,35,0,0,0,0,1304,1071,822,692
2026/02/05/15:33:08,4216.112576,0.867906,0.759750,0.867906,0.759750,77,50,45,35,0,0,0,0,1304,1071,822,692
2026/02/05/15:33:09,4217.113438,0.867906,0.759750,0.867906,0.759750,77,50,45,35,0,0,0,0,1304,1071,822,692
2026/02/05/15:33:10,4218.114009,0.867906,0.759750,0.867906,0.759750,77,50,45,35,0,0,0,0,1304,1071,822,692
2026/02/05/15:33:11,4219.114584,0.867906,0.759750,0.867906,0.759750,77,50,45,35,0,0,0,0,1304,1071,822,692
2026/02/05/15:33:12,4220.115294,0.867906,0.759750,0.867906,0.759750,77,50,45,35,0,0,0,0,1304,1071,822,692
2026/02/05/15:33:13,4221.116164,0.867906,0.759750,0.867906,0.759750,77,50,45,35,0,0,0,0,1304,1071,822,692
2026/02/05/15:33:14,4222.116809,0.867906,0.759750,0.867906,0.759750,77,50,45,35,0,0,0,0,1304,1071,822,692
2026/02/05/15:33:15,4223.117532,0.867906,0.759750,0.867906,0.759750,77,50,45,35,0,0,0,0,1304,1071,822,692
2026/02/05/15:33:16,4224.118307,0.867906,0.759750,0.867906,0.759750,77,50,45,35,0,0,0,0,1304,1071,822,692
2026/02/05/15:33:17,4225.118948,0.885969,0.779065,0.885969,0.779065,79,54,45,36,0,0,0,0,1304,1071,822,692
2026/02/05/15:33:18,4226.119497,0.885969,0.779065,0.885969,0.779065,79,54,45,36,0,0,0,0,1304,1071,822,692
2026/02/05/15:33:19,4227.120143,0.882031,0.775033,0.882031,0.775033,77,54,45,36,0,0,0,0,1306,1071,822,692
2026/02/05/15:33:20,4228.120797,0.879656,0.771747,0.879656,0.771747,77,54,45,35,0,0,0,0,1306,1071,822,693
2026/02/05/15:33:21,4229.121531,0.879656,0.771747,0.879656,0.771747,77,54,45,35,0,0,0,0,1306,1071,822,693
2026/02/05/15:33:22,4230.122155,0.879656,0.771747,0.879656,0.771747,77,54,45,35,0,0,0,0,1306,1071,822,693
2026/02/05/15:33:23,4231.122919,0.923500,0.801598,0.923500,0.801598,85,58,45,35,0,0,0,0,1306,1071,822,693
2026/02/05/15:33:24,4232.123647,0.923500,0.801598,0.923500,0.801598,85,58,45,35,0,0,0,0,1306,1071,822,693
2026/02/05/15:33:25,4233.124302,0.918562,0.795134,0.918562,0.795134,85,56,45,35,0,0,0,0,1306,1073,822,693
2026/02/05/15:33:26,4234.125149,0.915375,0.790927,0.915375,0.790927,85,54,45,35,0,0,0,0,1306,1075,822,693
2026/02/05/15:33:27,4235.125936,0.915375,0.790927,0.915375,0.790927,85,54,45,35,0,0,0,0,1306,1075,822,693
2026/02/05/15:33:28,4236.126500,0.915375,0.790927,0.915375,0.790927,85,54,45,35,0,0,0,0,1306,1075,822,693
2026/02/05/15:33:29,4237.127210,0.915375,0.790927,0.915375,0.790927,85,54,45,35,0,0,0,0,1306,1075,822,693
2026/02/05/15:33:30,4238.127846,0.905438,0.784451,0.905438,0.784451,82,54,45,35,0,0,0,0,1309,1075,822,693
2026/02/05/15:33:31,4239.128422,0.905438,0.784451,0.905438,0.784451,82,54,45,35,0,0,0,0,1309,1075,822,693
2026/02/05/15:33:32,4240.128988,0.905438,0.784451,0.905438,0.784451,82,54,45,35,0,0,0,0,1309,1075,822,693
2026/02/05/15:33:33,4241.129541,0.889406,0.778863,0.889406,0.778863,79,54,45,35,0,0,0,0,1312,1075,822,693
2026/02/05/15:33:34,4242.130168,0.889406,0.778863,0.889406,0.778863,79,54,45,35,0,0,0,0,1312,1075,822,693
2026/02/05/15:33:35,4243.130891,0.879656,0.771747,0.879656,0.771747,77,54,45,35,0,0,0,0,1314,1075,822,693
2026/02/05/15:33:36,4244.131585,0.879656,0.771747,0.879656,0.771747,77,54,45,35,0,0,0,0,1314,1075,822,693
2026/02/05/15:33:37,4245.132270,0.879656,0.771747,0.879656,0.771747,77,54,45,35,0,0,0,0,1314,1075,822,693
2026/02/05/15:33:38,4246.132831,0.879656,0.771747,0.879656,0.771747,77,54,45,35,0,0,0,0,1314,1075,822,693
2026/02/05/15:33:39,4247.133394,0.879656,0.771747,0.879656,0.771747,77,54,45,35,0,0,0,0,1314,1075,822,693
2026/02/05/15:33:40,4248.133974,0.888500,0.781530,0.897906,0.783101,77,58,45,35,0,0,1,0,1314,1076,822,693
2026/02/05/15:33:41,4249.134513,0.888500,0.781530,0.897906,0.783101,77,58,45,35,0,0,1,0,1314,1076,822,693
2026/02/05/15:33:42,4250.135262,0.888500,0.781530,0.897906,0.783101,77,58,45,35,0,0,1,0,1314,1076,822,693
2026/02/05/15:33:43,4251.136006,0.888500,0.781530,0.897906,0.783101,77,58,45,35,0,0,1,0,1314,1076,822,693
2026/02/05/15:33:44,4252.136618,0.888500,0.781530,0.897906,0.783101,77,58,45,35,0,0,1,0,1314,1076,822,693
2026/02/05/15:33:45,4253.137243,0.888500,0.781530,0.888500,0.781530,77,58,45,35,0,0,0,0,1314,1076,822,693
2026/02/05/15:33:46,4254.137767,0.888500,0.781530,0.888500,0.781530,77,58,45,35,0,0,0,0,1314,1076,822,693
2026/02/05/15:33:47,4255.138613,0.888500,0.781530,0.888500,0.781530,77,58,45,35,0,0,0,0,1314,1076,822,693
2026/02/05/15:33:48,4256.139265,0.888500,0.781530,0.888500,0.781530,77,58,45,35,0,0,0,0,1314,1076,822,693
2026/02/05/15:33:49,4257.139912,0.888500,0.781530,0.888500,0.781530,77,58,45,35,0,0,0,0,1314,1076,822,693
2026/02/05/15:33:50,4258.140542,0.888500,0.781530,0.888500,0.781530,77,58,45,35,0,0,0,0,1314,1076,822,693
2026/02/05/15:33:51,4259.141288,0.888500,0.781530,0.888500,0.781530,77,58,45,35,0,0,0,0,1314,1076,822,693
2026/02/05/15:33:52,4260.142208,0.888500,0.781530,0.888500,0.781530,77,58,45,35,0,0,0,0,1314,1076,822,693
2026/02/05/15:33:53,4261.142812,0.904344,0.776711,0.904344,0.776711,78,59,47,36,0,0,0,0,1317,1077,822,693
2026/02/05/15:33:54,4262.143461,0.909937,0.793695,0.946438,0.800078,81,59,47,36,2,0,1,0,1317,1077,822,693
2026/02/05/15:33:55,4263.144114,0.909937,0.793695,0.946438,0.800078,81,59,47,36,2,0,1,0,1317,1077,822,693
2026/02/05/15:33:56,4264.144738,0.908219,0.790695,0.944719,0.797079,80,59,47,36,2,0,1,0,1318,1077,822,693
2026/02/05/15:33:57,4265.145363,0.897188,0.778228,0.908000,0.780963,79,56,47,36,0,0,1,0,1319,1080,822,693
2026/02/05/15:33:58,4266.146150,0.897188,0.778228,0.908000,0.780963,79,56,47,36,0,0,1,0,1319,1080,822,693
2026/02/05/15:33:59,4267.146688,0.886875,0.769400,0.897687,0.772136,77,54,47,36,0,0,1,0,1321,1082,822,693
2026/02/05/15:34:00,4268.147370,0.877812,0.765131,0.888625,0.767866,75,54,47,36,0,0,1,0,1323,1082,822,693
2026/02/05/15:34:01,4269.148041,0.877812,0.765131,0.888625,0.767866,75,54,47,36,0,0,1,0,1323,1082,822,693
2026/02/05/15:34:02,4270.148830,0.874188,0.757678,0.885000,0.760413,75,53,47,36,0,0,1,0,1323,1083,822,693
2026/02/05/15:34:03,4271.149498,0.868469,0.740539,0.879281,0.743274,73,53,47,35,0,0,1,0,1325,1083,822,694
2026/02/05/15:34:04,4272.150381,0.868469,0.740539,0.868469,0.740539,73,53,47,35,0,0,0,0,1325,1083,822,694
2026/02/05/15:34:05,4273.151150,0.868469,0.740539,0.868469,0.740539,73,53,47,35,0,0,0,0,1325,1083,822,694
2026/02/05/15:34:06,4274.151870,0.868469,0.740539,0.868469,0.740539,73,53,47,35,0,0,0,0,1325,1083,822,694
2026/02/05/15:34:07,4275.152671,0.868469,0.740539,0.868469,0.740539,73,53,47,35,0,0,0,0,1325,1083,822,694
2026/02/05/15:34:08,4276.153426,0.868469,0.740539,0.868469,0.740539,73,53,47,35,0,0,0,0,1325,1083,822,694
2026/02/05/15:34:09,4277.154246,0.868469,0.740539,0.868469,0.740539,73,53,47,35,0,0,0,0,1325,1083,822,694
2026/02/05/15:34:10,4278.154893,0.868469,0.740539,0.868469,0.740539,73,53,47,35,0,0,0,0,1325,1083,822,694
2026/02/05/15:34:11,4279.155769,0.868469,0.740539,0.868469,0.740539,73,53,47,35,0,0,0,0,1325,1083,822,694
2026/02/05/15:34:12,4280.156505,0.868469,0.740539,0.868469,0.740539,73,53,47,35,0,0,0,0,1325,1083,822,694
2026/02/05/15:34:13,4281.157329,0.868469,0.740539,0.868469,0.740539,73,53,47,35,0,0,0,0,1325,1083,822,694
2026/02/05/15:34:14,4282.157867,0.868469,0.740539,0.868469,0.740539,73,53,47,35,0,0,0,0,1325,1083,822,694
2026/02/05/15:34:15,4283.158541,0.868469,0.740539,0.868469,0.740539,73,53,47,35,0,0,0,0,1325,1083,822,694
2026/02/05/15:34:16,4284.159138,0.868469,0.740539,0.868469,0.740539,73,53,47,35,0,0,0,0,1325,1083,822,694
2026/02/05/15:34:17,4285.159914,0.902844,0.788874,0.902844,0.788874,76,53,50,40,0,0,0,0,1325,1083,822,694
2026/02/05/15:34:18,4286.160496,0.902844,0.788874,0.902844,0.788874,76,53,50,40,0,0,0,0,1325,1083,822,694
2026/02/05/15:34:19,4287.161078,0.902844,0.788874,0.902844,0.788874,76,53,50,40,0,0,0,0,1325,1083,822,694
2026/02/05/15:34:20,4288.161588,0.905312,0.790065,0.905312,0.790065,76,53,50,41,0,0,0,0,1326,1083,822,694
2026/02/05/15:34:21,4289.162173,0.893844,0.764009,0.893844,0.764009,74,53,50,38,0,0,0,0,1328,1083,822,697
2026/02/05/15:34:22,4290.162713,0.873281,0.746978,0.873281,0.746978,74,53,47,36,0,0,0,0,1328,1083,825,699
2026/02/05/15:34:23,4291.163352,0.871156,0.742313,0.871156,0.742313,73,53,47,36,0,0,0,0,1329,1083,825,699
2026/02/05/15:34:24,4292.163902,0.875719,0.749889,0.875719,0.749889,75,53,47,36,0,0,0,0,1329,1083,825,699
2026/02/05/15:34:25,4293.164508,0.875719,0.749889,0.875719,0.749889,75,53,47,36,0,0,0,0,1329,1083,825,699
2026/02/05/15:34:26,4294.165220,0.875719,0.749889,0.875719,0.749889,75,53,47,36,0,0,0,0,1329,1083,825,699
2026/02/05/15:34:27,4295.166024,0.873125,0.745291,0.878094,0.753558,74,53,47,36,1,0,0,1,1330,1083,825,699
2026/02/05/15:34:28,4296.166484,0.906906,0.789176,0.912531,0.796477,79,53,51,39,0,1,0,0,1330,1083,825,699
2026/02/05/15:34:29,4297.167097,0.924094,0.855123,0.943781,0.873482,83,55,53,39,0,3,0,0,1330,1083,825,699
2026/02/05/15:34:30,4298.167567,0.922375,0.849941,0.942063,0.868299,83,55,52,39,0,3,0,0,1330,1083,826,699
2026/02/05/15:34:31,4299.167988,0.916438,0.843296,0.928406,0.893390,84,55,50,38,1,0,3,0,1332,1083,828,700
2026/02/05/15:34:32,4300.168445,0.909687,0.824700,0.921656,0.874794,81,55,50,38,1,0,3,0,1335,1083,828,700
2026/02/05/15:34:33,4301.169080,0.909687,0.824700,0.921656,0.874794,81,55,50,38,1,0,3,0,1335,1083,828,700
2026/02/05/15:34:34,4302.169628,0.900406,0.827300,0.904281,0.855348,78,55,51,37,0,0,2,0,1339,1083,828,701
2026/02/05/15:34:35,4303.170247,0.911125,0.852346,0.918219,0.885201,80,57,55,37,0,0,2,1,1340,1083,828,702
2026/02/05/15:34:36,4304.170774,0.918875,0.862543,0.936375,0.897765,79,56,58,39,2,0,2,0,1341,1084,828,702
2026/02/05/15:34:37,4305.171260,0.918875,0.862543,0.938219,0.905002,79,56,58,39,2,1,2,0,1341,1084,828,702
2026/02/05/15:34:38,4306.171937,0.916469,0.862255,0.933969,0.897477,80,57,58,37,2,0,2,0,1341,1084,828,704
2026/02/05/15:34:39,4307.172804,0.932031,0.881127,0.946156,0.935235,81,60,58,37,1,0,4,0,1341,1084,831,704
2026/02/05/15:34:40,4308.173248,0.931406,0.876374,0.939594,0.916415,83,58,57,37,0,0,3,0,1341,1086,833,704
2026/02/05/15:34:41,4309.173812,0.925250,0.857143,0.929125,0.885190,83,57,56,37,0,0,2,0,1341,1087,834,704
2026/02/05/15:34:42,4310.174396,0.913937,0.810585,0.913937,0.810585,80,55,55,37,0,0,0,0,1344,1089,835,704
2026/02/05/15:34:43,4311.174994,0.913937,0.810585,0.913937,0.810585,80,55,55,37,0,0,0,0,1344,1089,835,704
2026/02/05/15:34:44,4312.175616,0.905625,0.797794,0.905625,0.797794,78,55,55,36,0,0,0,0,1346,1089,835,705
2026/02/05/15:34:45,4313.176167,0.893625,0.783975,0.893625,0.783975,75,52,55,36,0,0,0,0,1349,1092,835,705
2026/02/05/15:34:46,4314.176722,0.891875,0.782028,0.891875,0.782028,75,52,54,36,0,0,0,0,1349,1092,836,705
2026/02/05/15:34:47,4315.177283,0.891875,0.782028,0.891875,0.782028,75,52,54,36,0,0,0,0,1349,1092,836,705
2026/02/05/15:34:48,4316.177863,0.869750,0.768690,0.869750,0.768690,75,48,54,35,0,0,0,0,1349,1096,836,706
2026/02/05/15:34:49,4317.178636,0.869750,0.768690,0.869750,0.768690,75,48,54,35,0,0,0,0,1349,1096,836,706
2026/02/05/15:34:50,4318.179259,0.869750,0.768690,0.869750,0.768690,75,48,54,35,0,0,0,0,1349,1096,836,706
2026/02/05/15:34:51,4319.179823,0.869750,0.768690,0.869750,0.768690,75,48,54,35,0,0,0,0,1349,1096,836,706
2026/02/05/15:34:52,4320.180436,0.856719,0.754640,0.856719,0.754640,75,48,51,35,0,0,0,0,1349,1096,839,706
2026/02/05/15:34:53,4321.181247,0.851344,0.750341,0.851344,0.750341,73,48,51,35,0,0,0,0,1351,1096,839,706
2026/02/05/15:34:54,4322.181790,0.851344,0.750341,0.851344,0.750341,73,48,51,35,0,0,0,0,1351,1096,839,706
2026/02/05/15:34:55,4323.182378,0.851344,0.750341,0.851344,0.750341,73,48,51,35,0,0,0,0,1351,1096,839,706
2026/02/05/15:34:56,4324.182920,0.851344,0.750341,0.851344,0.750341,73,48,51,35,0,0,0,0,1351,1096,839,706
2026/02/05/15:34:57,4325.183466,0.864031,0.741997,0.864031,0.741997,74,48,50,35,0,0,0,0,1352,1096,841,706
2026/02/05/15:34:58,4326.184110,0.903656,0.799403,0.903656,0.799403,80,51,54,35,0,0,0,0,1353,1096,841,706
2026/02/05/15:34:59,4327.184646,0.903656,0.799403,0.903656,0.799403,80,51,54,35,0,0,0,0,1353,1096,841,706
2026/02/05/15:35:00,4328.185570,0.874656,0.789334,0.874656,0.789334,75,51,54,35,0,0,0,0,1358,1096,841,706
2026/02/05/15:35:01,4329.186075,0.874656,0.789334,0.874656,0.789334,75,51,54,35,0,0,0,0,1358,1096,841,706
2026/02/05/15:35:02,4330.186655,0.873062,0.783910,0.873062,0.783910,75,51,53,35,0,0,0,0,1358,1096,842,706
2026/02/05/15:35:03,4331.187169,0.878125,0.766255,0.878125,0.766255,77,51,50,35,0,0,0,0,1358,1096,845,706
2026/02/05/15:35:04,4332.187930,0.911937,0.803181,0.911937,0.803181,82,52,52,36,0,0,0,0,1358,1096,846,706
2026/02/05/15:35:05,4333.188443,0.902000,0.797793,0.902000,0.797793,80,52,52,36,0,0,0,0,1360,1096,846,706
2026/02/05/15:35:06,4334.189078,0.902000,0.797793,0.902000,0.797793,80,52,52,36,0,0,0,0,1360,1096,846,706
2026/02/05/15:35:07,4335.207895,0.883687,0.765234,0.883687,0.765234,80,48,50,36,0,0,0,0,1363,1100,848,706
2026/02/05/15:35:08,4336.208456,0.860187,0.752992,0.860187,0.752992,75,48,50,36,0,0,0,0,1368,1100,848,706
2026/02/05/15:35:09,4337.209172,0.875156,0.763736,0.875156,0.763736,76,48,53,36,0,0,0,0,1368,1100,848,706
2026/02/05/15:35:10,4338.209828,0.884844,0.784191,0.884844,0.784191,76,48,58,36,0,0,0,0,1368,1100,848,706
2026/02/05/15:35:11,4339.210463,0.884844,0.784191,0.884844,0.784191,76,48,58,36,0,0,0,0,1368,1100,848,706
2026/02/05/15:35:12,4340.211185,0.876437,0.764766,0.876437,0.764766,75,48,55,36,0,0,0,0,1369,1100,851,706
2026/02/05/15:35:13,4341.211939,0.873969,0.763124,0.873969,0.763124,74,48,55,36,0,0,0,0,1370,1100,851,706
2026/02/05/15:35:14,4342.214375,0.873969,0.763124,0.873969,0.763124,74,48,55,36,0,0,0,0,1370,1100,851,706
2026/02/05/15:35:15,4343.215026,0.873969,0.763124,0.873969,0.763124,74,48,55,36,0,0,0,0,1370,1100,851,706
2026/02/05/15:35:16,4344.215606,0.873969,0.763124,0.873969,0.763124,74,48,55,36,0,0,0,0,1370,1100,851,706
2026/02/05/15:35:17,4345.216341,0.891281,0.781382,0.891281,0.781382,74,52,55,38,0,0,0,0,1370,1100,851,706
2026/02/05/15:35:18,4346.216982,0.891281,0.781382,0.891281,0.781382,74,52,55,38,0,0,0,0,1370,1100,851,706
2026/02/05/15:35:19,4347.217529,0.891281,0.781382,0.891281,0.781382,74,52,55,38,0,0,0,0,1370,1100,851,706
2026/02/05/15:35:20,4348.218172,0.884719,0.776338,0.884719,0.776338,72,52,55,38,0,0,0,0,1372,1100,851,706
2026/02/05/15:35:21,4349.218734,0.897594,0.790222,0.952187,0.810937,74,53,55,41,4,1,0,1,1372,1100,851,706
2026/02/05/15:35:22,4350.219216,0.904156,0.794548,0.971344,0.816958,74,53,55,43,4,3,0,0,1372,1100,851,706
2026/02/05/15:35:23,4351.219688,0.893719,0.780590,0.960906,0.803000,74,50,53,43,4,3,0,0,1372,1103,853,706
2026/02/05/15:35:24,4352.220290,0.893719,0.780590,0.960906,0.803000,74,50,53,43,4,3,0,0,1372,1103,853,706
2026/02/05/15:35:25,4353.220845,0.893719,0.780590,0.960906,0.803000,74,50,53,43,4,3,0,0,1372,1103,853,706
2026/02/05/15:35:26,4354.221556,0.897531,0.778997,0.956781,0.799478,74,51,53,41,4,2,0,0,1372,1103,853,708
2026/02/05/15:35:27,4355.222341,0.900375,0.773891,0.943750,0.790514,74,53,50,41,4,0,0,0,1372,1103,856,708
2026/02/05/15:35:28,4356.223104,0.896750,0.762832,0.940125,0.779455,74,53,48,41,4,0,0,0,1372,1103,858,708
2026/02/05/15:35:29,4357.223683,0.896750,0.762832,0.940125,0.779455,74,53,48,41,4,0,0,0,1372,1103,858,708
2026/02/05/15:35:30,4358.224234,0.896750,0.762832,0.940125,0.779455,74,53,48,41,4,0,0,0,1372,1103,858,708
2026/02/05/15:35:31,4359.224903,0.896750,0.762832,0.940125,0.779455,74,53,48,41,4,0,0,0,1372,1103,858,708
2026/02/05/15:35:32,4360.225943,0.896750,0.762832,0.940125,0.779455,74,53,48,41,4,0,0,0,1372,1103,858,708
2026/02/05/15:35:33,4361.226471,0.896750,0.762832,0.940125,0.779455,74,53,48,41,4,0,0,0,1372,1103,858,708
2026/02/05/15:35:34,4362.227044,0.896750,0.762832,0.940125,0.779455,74,53,48,41,4,0,0,0,1372,1103,858,708
2026/02/05/15:35:35,4363.227598,0.896750,0.762832,0.918625,0.768698,74,53,48,41,2,0,0,0,1372,1103,858,708
2026/02/05/15:35:36,4364.228230,0.896750,0.762832,0.918625,0.768698,74,53,48,41,2,0,0,0,1372,1103,858,708
2026/02/05/15:35:37,4365.228788,0.896750,0.762832,0.918625,0.768698,74,53,48,41,2,0,0,0,1372,1103,858,708
2026/02/05/15:35:38,4366.229309,0.896750,0.762832,0.918625,0.768698,74,53,48,41,2,0,0,0,1372,1103,858,708
2026/02/05/15:35:39,4367.229871,0.884531,0.748662,0.884531,0.748662,74,49,48,41,0,0,0,0,1374,1107,858,708
2026/02/05/15:35:40,4368.230373,0.881094,0.744561,0.881094,0.744561,74,49,47,41,0,0,0,0,1374,1107,859,708
2026/02/05/15:35:41,4369.231028,0.881094,0.744561,0.881094,0.744561,74,49,47,41,0,0,0,0,1374,1107,859,708
2026/02/05/15:35:42,4370.231576,0.881094,0.744561,0.881094,0.744561,74,49,47,41,0,0,0,0,1374,1107,859,708
2026/02/05/15:35:43,4371.232121,0.854844,0.736813,0.854844,0.736813,74,46,46,41,0,0,0,0,1374,1110,860,708
2026/02/05/15:35:44,4372.232671,0.871594,0.750273,0.871594,0.750273,76,46,47,41,0,0,0,0,1374,1110,860,708
2026/02/05/15:35:45,4373.233263,0.883844,0.763182,0.883844,0.763182,79,46,47,41,0,0,0,0,1374,1110,860,708
2026/02/05/15:35:46,4374.233980,0.897031,0.772916,0.897031,0.772916,80,48,48,41,0,0,0,0,1374,1110,860,708
2026/02/05/15:35:47,4375.234771,0.900781,0.778206,0.900781,0.778206,82,48,48,41,0,0,0,0,1374,1110,860,708
2026/02/05/15:35:48,4376.235481,0.888250,0.767655,0.888250,0.767655,79,48,48,41,0,0,0,0,1377,1110,860,708
2026/02/05/15:35:49,4377.236126,0.879906,0.765690,0.879906,0.765690,78,48,48,41,0,0,0,0,1378,1110,860,708
2026/02/05/15:35:50,4378.236715,0.873531,0.756192,0.873531,0.756192,77,48,48,41,0,0,0,0,1379,1110,860,708
2026/02/05/15:35:51,4379.237266,0.873531,0.756192,0.873531,0.756192,77,48,48,41,0,0,0,0,1379,1110,860,708
2026/02/05/15:35:52,4380.237846,0.873531,0.756192,0.873531,0.756192,77,48,48,41,0,0,0,0,1379,1110,860,708
2026/02/05/15:35:53,4381.238311,0.866156,0.750699,0.866156,0.750699,77,46,48,41,0,0,0,0,1379,1112,860,708
2026/02/05/15:35:54,4382.238877,0.866156,0.750699,0.866156,0.750699,77,46,48,41,0,0,0,0,1379,1112,860,708
2026/02/05/15:35:55,4383.239487,0.866156,0.750699,0.866156,0.750699,77,46,48,41,0,0,0,0,1379,1112,860,708
2026/02/05/15:35:56,4384.240175,0.862812,0.748091,0.862812,0.748091,77,46,47,41,0,0,0,0,1379,1112,861,708
2026/02/05/15:35:57,4385.240820,0.862812,0.748091,0.862812,0.748091,77,46,47,41,0,0,0,0,1379,1112,861,708
2026/02/05/15:35:58,4386.241416,0.862812,0.748091,0.862812,0.748091,77,46,47,41,0,0,0,0,1379,1112,861,708
2026/02/05/15:35:59,4387.242027,0.862812,0.748091,0.862812,0.748091,77,46,47,41,0,0,0,0,1379,1112,861,708
2026/02/05/15:36:00,4388.242626,0.862812,0.748091,0.862812,0.748091,77,46,47,41,0,0,0,0,1379,1112,861,708
2026/02/05/15:36:01,4389.243166,0.862812,0.748091,0.862812,0.748091,77,46,47,41,0,0,0,0,1379,1112,861,708
2026/02/05/15:36:02,4390.243805,0.856125,0.743548,0.856125,0.743548,77,46,46,41,0,0,0,0,1379,1112,862,708
2026/02/05/15:36:03,4391.244531,0.879375,0.766394,0.879375,0.766394,81,46,46,41,0,0,0,0,1379,1112,862,708
2026/02/05/15:36:04,4392.245077,0.879375,0.766394,0.879375,0.766394,81,46,46,41,0,0,0,0,1379,1112,862,708
2026/02/05/15:36:05,4393.245729,0.879375,0.766394,0.879375,0.766394,81,46,46,41,0,0,0,0,1379,1112,862,708
2026/02/05/15:36:06,4394.246425,0.879375,0.766394,0.879375,0.766394,81,46,46,41,0,0,0,0,1379,1112,862,708
2026/02/05/15:36:07,4395.247180,0.879375,0.766394,0.879375,0.766394,81,46,46,41,0,0,0,0,1379,1112,862,708
2026/02/05/15:36:08,4396.247838,0.879375,0.766394,0.879375,0.766394,81,46,46,41,0,0,0,0,1379,1112,862,708
2026/02/05/15:36:09,4397.248360,0.863062,0.756562,0.863062,0.756562,79,46,46,41,0,0,0,0,1381,1112,862,708
2026/02/05/15:36:10,4398.249082,0.863062,0.756562,0.863062,0.756562,79,46,46,41,0,0,0,0,1381,1112,862,708
2026/02/05/15:36:11,4399.249871,0.863062,0.756562,0.863062,0.756562,79,46,46,41,0,0,0,0,1381,1112,862,708
2026/02/05/15:36:12,4400.250515,0.863062,0.756562,0.863062,0.756562,79,46,46,41,0,0,0,0,1381,1112,862,708
2026/02/05/15:36:13,4401.251345,0.863062,0.756562,0.863062,0.756562,79,46,46,41,0,0,0,0,1381,1112,862,708
2026/02/05/15:36:14,4402.252085,0.863062,0.756562,0.863062,0.756562,79,46,46,41,0,0,0,0,1381,1112,862,708
2026/02/05/15:36:15,4403.252811,0.863062,0.756562,0.863062,0.756562,79,46,46,41,0,0,0,0,1381,1112,862,708
2026/02/05/15:36:16,4404.253633,0.863062,0.756562,0.863062,0.756562,79,46,46,41,0,0,0,0,1381,1112,862,708
2026/02/05/15:36:17,4405.254318,0.863062,0.756562,0.863062,0.756562,79,46,46,41,0,0,0,0,1381,1112,862,708
2026/02/05/15:36:18,4406.255217,0.859313,0.751273,0.859313,0.751273,77,46,46,41,0,0,0,0,1383,1112,862,708
2026/02/05/15:36:19,4407.255906,0.852375,0.738258,0.852375,0.738258,75,46,46,41,0,0,0,0,1385,1112,862,708
2026/02/05/15:36:20,4408.256536,0.852375,0.738258,0.852375,0.738258,75,46,46,41,0,0,0,0,1385,1112,862,708
2026/02/05/15:36:21,4409.257299,0.852375,0.738258,0.852375,0.738258,75,46,46,41,0,0,0,0,1385,1112,862,708
2026/02/05/15:36:22,4410.258047,0.852375,0.738258,0.852375,0.738258,75,46,46,41,0,0,0,0,1385,1112,862,708
2026/02/05/15:36:23,4411.258681,0.859000,0.753276,0.859000,0.753276,75,46,46,43,0,0,0,0,1385,1112,862,708
2026/02/05/15:36:24,4412.259307,0.859000,0.753276,0.859000,0.753276,75,46,46,43,0,0,0,0,1385,1112,862,708
2026/02/05/15:36:25,4413.259918,0.852375,0.738258,0.852375,0.738258,75,46,46,41,0,0,0,0,1385,1112,862,710
2026/02/05/15:36:26,4414.260642,0.850313,0.736363,0.850313,0.736363,74,46,46,41,0,0,0,0,1386,1112,862,710
2026/02/05/15:36:27,4415.261392,0.850313,0.736363,0.850313,0.736363,74,46,46,41,0,0,0,0,1386,1112,862,710
2026/02/05/15:36:28,4416.262172,0.850313,0.736363,0.850313,0.736363,74,46,46,41,0,0,0,0,1386,1112,862,710
2026/02/05/15:36:29,4417.262977,0.850313,0.736363,0.850313,0.736363,74,46,46,41,0,0,0,0,1386,1112,862,710
2026/02/05/15:36:30,4418.263673,0.850313,0.736363,0.850313,0.736363,74,46,46,41,0,0,0,0,1386,1112,862,710
2026/02/05/15:36:31,4419.264173,0.850313,0.736363,0.850313,0.736363,74,46,46,41,0,0,0,0,1386,1112,862,710
2026/02/05/15:36:32,4420.264995,0.850313,0.736363,0.850313,0.736363,74,46,46,41,0,0,0,0,1386,1112,862,710
2026/02/05/15:36:33,4421.265807,0.850313,0.736363,0.850313,0.736363,74,46,46,41,0,0,0,0,1386,1112,862,710
2026/02/05/15:36:34,4422.266667,0.850313,0.736363,0.850313,0.736363,74,46,46,41,0,0,0,0,1386,1112,862,710
2026/02/05/15:36:35,4423.267318,0.850313,0.736363,0.850313,0.736363,74,46,46,41,0,0,0,0,1386,1112,862,710
2026/02/05/15:36:36,4424.268044,0.850313,0.736363,0.850313,0.736363,74,46,46,41,0,0,0,0,1386,1112,862,710
2026/02/05/15:36:37,4425.268642,0.850313,0.736363,0.850313,0.736363,74,46,46,41,0,0,0,0,1386,1112,862,710
2026/02/05/15:36:38,4426.269239,0.850313,0.736363,0.850313,0.736363,74,46,46,41,0,0,0,0,1386,1112,862,710
2026/02/05/15:36:39,4427.269936,0.850313,0.736363,0.850313,0.736363,74,46,46,41,0,0,0,0,1386,1112,862,710
2026/02/05/15:36:40,4428.270671,0.850313,0.736363,0.850313,0.736363,74,46,46,41,0,0,0,0,1386,1112,862,710
2026/02/05/15:36:41,4429.271269,0.848063,0.733438,0.848063,0.733438,74,46,46,40,0,0,0,0,1386,1112,862,711
2026/02/05/15:36:42,4430.271839,0.848063,0.733438,0.848063,0.733438,74,46,46,40,0,0,0,0,1386,1112,862,711
2026/02/05/15:36:43,4431.272426,0.848063,0.733438,0.848063,0.733438,74,46,46,40,0,0,0,0,1386,1112,862,711
2026/02/05/15:36:44,4432.272962,0.848063,0.733438,0.848063,0.733438,74,46,46,40,0,0,0,0,1386,1112,862,711
2026/02/05/15:36:45,4433.273664,0.848063,0.733438,0.848063,0.733438,74,46,46,40,0,0,0,0,1386,1112,862,711
2026/02/05/15:36:46,4434.274214,0.848063,0.733438,0.848063,0.733438,74,46,46,40,0,0,0,0,1386,1112,862,711
2026/02/05/15:36:47,4435.274792,0.848063,0.733438,0.848063,0.733438,74,46,46,40,0,0,0,0,1386,1112,862,711
2026/02/05/15:36:48,4436.275373,0.848063,0.733438,0.848063,0.733438,74,46,46,40,0,0,0,0,1386,1112,862,711
2026/02/05/15:36:49,4437.275919,0.848063,0.733438,0.848063,0.733438,74,46,46,40,0,0,0,0,1386,1112,862,711
2026/02/05/15:36:50,4438.276556,0.848063,0.733438,0.848063,0.733438,74,46,46,40,0,0,0,0,1386,1112,862,711
2026/02/05/15:36:51,4439.277248,0.848063,0.733438,0.848063,0.733438,74,46,46,40,0,0,0,0,1386,1112,862,711
2026/02/05/15:36:52,4440.277935,0.862875,0.748120,0.862875,0.748120,74,49,49,40,0,0,0,0,1386,1112,862,711
2026/02/05/15:36:53,4441.278488,0.862875,0.748120,0.862875,0.748120,74,49,49,40,0,0,0,0,1386,1112,862,711
2026/02/05/15:36:54,4442.279228,0.862875,0.748120,0.862875,0.748120,74,49,49,40,0,0,0,0,1386,1112,862,711
2026/02/05/15:36:55,4443.285941,0.848063,0.733438,0.848063,0.733438,74,46,46,40,0,0,0,0,1386,1115,865,711
2026/02/05/15:36:56,4444.286624,0.848063,0.733438,0.848063,0.733438,74,46,46,40,0,0,0,0,1386,1115,865,711
2026/02/05/15:36:57,4445.287265,0.848063,0.733438,0.848063,0.733438,74,46,46,40,0,0,0,0,1386,1115,865,711
2026/02/05/15:36:58,4446.288022,0.848063,0.733438,0.848063,0.733438,74,46,46,40,0,0,0,0,1386,1115,865,711
2026/02/05/15:36:59,4447.288892,0.848063,0.733438,0.848063,0.733438,74,46,46,40,0,0,0,0,1386,1115,865,711
2026/02/05/15:37:00,4448.289721,0.848063,0.733438,0.848063,0.733438,74,46,46,40,0,0,0,0,1386,1115,865,711
2026/02/05/15:37:01,4449.290306,0.848063,0.733438,0.848063,0.733438,74,46,46,40,0,0,0,0,1386,1115,865,711
2026/02/05/15:37:02,4450.290897,0.848063,0.733438,0.848063,0.733438,74,46,46,40,0,0,0,0,1386,1115,865,711
2026/02/05/15:37:03,4451.291513,0.848063,0.733438,0.848063,0.733438,74,46,46,40,0,0,0,0,1386,1115,865,711
2026/02/05/15:37:04,4452.292162,0.848063,0.733438,0.848063,0.733438,74,46,46,40,0,0,0,0,1386,1115,865,711
2026/02/05/15:37:05,4453.292800,0.848063,0.733438,0.848063,0.733438,74,46,46,40,0,0,0,0,1386,1115,865,711
2026/02/05/15:37:06,4454.293575,0.848063,0.733438,0.848063,0.733438,74,46,46,40,0,0,0,0,1386,1115,865,711
2026/02/05/15:37:07,4455.294264,0.848063,0.733438,0.848063,0.733438,74,46,46,40,0,0,0,0,1386,1115,865,711
2026/02/05/15:37:08,4456.294878,0.848063,0.733438,0.848063,0.733438,74,46,46,40,0,0,0,0,1386,1115,865,711
2026/02/05/15:37:09,4457.295511,0.848063,0.733438,0.848063,0.733438,74,46,46,40,0,0,0,0,1386,1115,865,711
2026/02/05/15:37:10,4458.296150,0.848063,0.733438,0.848063,0.733438,74,46,46,40,0,0,0,0,1386,1115,865,711
2026/02/05/15:37:11,4459.296761,0.848063,0.733438,0.848063,0.733438,74,46,46,40,0,0,0,0,1386,1115,865,711
2026/02/05/15:37:12,4460.297340,0.854656,0.738468,0.854656,0.738468,74,47,46,41,0,0,0,0,1386,1115,865,711
2026/02/05/15:37:13,4461.297974,0.854656,0.738468,0.854656,0.738468,74,47,46,41,0,0,0,0,1386,1115,865,711
2026/02/05/15:37:14,4462.298760,0.854656,0.738468,0.854656,0.738468,74,47,46,41,0,0,0,0,1386,1115,865,711
2026/02/05/15:37:15,4463.301301,0.868156,0.754266,0.896938,0.788880,76,47,50,41,3,0,0,0,1386,1115,865,711
2026/02/05/15:37:16,4464.301962,0.893219,0.762606,0.922000,0.797220,76,46,53,42,3,0,0,0,1386,1116,865,712
2026/02/05/15:37:17,4465.302773,0.888781,0.760062,0.917562,0.794675,76,46,53,41,3,0,0,0,1386,1116,865,713
2026/02/05/15:37:18,4466.303434,0.875219,0.748599,0.904000,0.783213,76,46,52,38,3,0,0,0,1386,1116,866,716
2026/02/05/15:37:19,4467.304206,0.850656,0.739872,0.879437,0.774486,76,46,49,38,3,0,0,0,1386,1116,869,716
2026/02/05/15:37:20,4468.304833,0.846406,0.734610,0.875188,0.769223,76,46,49,36,3,0,0,0,1386,1116,869,718
2026/02/05/15:37:21,4469.305484,0.846406,0.734610,0.875188,0.769223,76,46,49,36,3,0,0,0,1386,1116,869,718
2026/02/05/15:37:22,4470.306211,0.846406,0.734610,0.875188,0.769223,76,46,49,36,3,0,0,0,1386,1116,869,718
2026/02/05/15:37:23,4471.306908,0.846406,0.734610,0.875188,0.769223,76,46,49,36,3,0,0,0,1386,1116,869,718
2026/02/05/15:37:24,4472.307442,0.846406,0.734610,0.875188,0.769223,76,46,49,36,3,0,0,0,1386,1116,869,718
2026/02/05/15:37:25,4473.307982,0.846406,0.734610,0.875188,0.769223,76,46,49,36,3,0,0,0,1386,1116,869,718
2026/02/05/15:37:26,4474.308530,0.854219,0.744396,0.873406,0.767471,76,46,49,36,2,0,0,0,1387,1116,869,718
2026/02/05/15:37:27,4475.309107,0.867906,0.758723,0.887094,0.781799,80,46,49,36,2,0,0,0,1387,1116,869,718
2026/02/05/15:37:28,4476.309711,0.890719,0.741442,0.928469,0.768335,84,47,50,33,2,0,0,2,1387,1116,869,721
2026/02/05/15:37:29,4477.310364,0.893312,0.743045,0.931063,0.769939,84,47,51,33,2,0,0,2,1387,1116,869,721
2026/02/05/15:37:30,4478.310984,0.893000,0.733416,0.902281,0.735325,83,47,51,34,0,0,0,1,1388,1116,869,721
2026/02/05/15:37:31,4479.311478,0.889219,0.731576,0.898500,0.733485,83,46,51,34,0,0,0,1,1388,1117,869,721
2026/02/05/15:37:32,4480.311951,0.873969,0.727654,0.873969,0.727654,82,46,51,33,0,0,0,0,1389,1117,869,722
2026/02/05/15:37:33,4481.312539,0.873969,0.727654,0.873969,0.727654,82,46,51,33,0,0,0,0,1389,1117,869,722
2026/02/05/15:37:34,4482.313301,0.867687,0.720719,0.867687,0.720719,82,46,48,33,0,0,0,0,1389,1117,872,722
2026/02/05/15:37:35,4483.313904,0.859719,0.709285,0.859719,0.709285,79,46,48,33,0,0,0,0,1392,1117,872,722
2026/02/05/15:37:36,4484.314552,0.859719,0.709285,0.859719,0.709285,79,46,48,33,0,0,0,0,1392,1117,872,722
2026/02/05/15:37:37,4485.315131,0.859719,0.709285,0.859719,0.709285,79,46,48,33,0,0,0,0,1392,1117,872,722
2026/02/05/15:37:38,4486.315760,0.844437,0.697521,0.844437,0.697521,76,46,48,33,0,0,0,0,1395,1117,872,722
2026/02/05/15:37:39,4487.316338,0.844437,0.697521,0.844437,0.697521,76,46,48,33,0,0,0,0,1395,1117,872,722
2026/02/05/15:37:40,4488.316971,0.844437,0.697521,0.844437,0.697521,76,46,48,33,0,0,0,0,1395,1117,872,722
2026/02/05/15:37:41,4489.317826,0.844437,0.697521,0.844437,0.697521,76,46,48,33,0,0,0,0,1395,1117,872,722
2026/02/05/15:37:42,4490.318500,0.844437,0.697521,0.844437,0.697521,76,46,48,33,0,0,0,0,1395,1117,872,722
2026/02/05/15:37:43,4491.319078,0.841844,0.695917,0.841844,0.695917,76,46,47,33,0,0,0,0,1395,1117,873,722
2026/02/05/15:37:44,4492.319623,0.841844,0.695917,0.841844,0.695917,76,46,47,33,0,0,0,0,1395,1117,873,722
2026/02/05/15:37:45,4493.320246,0.841844,0.695917,0.841844,0.695917,76,46,47,33,0,0,0,0,1395,1117,873,722
2026/02/05/15:37:46,4494.320826,0.841844,0.695917,0.841844,0.695917,76,46,47,33,0,0,0,0,1395,1117,873,722
2026/02/05/15:37:47,4495.321426,0.857375,0.708448,0.857375,0.708448,78,48,47,35,0,0,0,0,1395,1117,873,722
2026/02/05/15:37:48,4496.322115,0.874531,0.718109,0.874531,0.718109,78,48,50,35,0,0,0,0,1395,1117,873,722
2026/02/05/15:37:49,4497.322951,0.862719,0.710162,0.862719,0.710162,78,46,50,33,0,0,0,0,1395,1119,873,724
2026/02/05/15:37:50,4498.323749,0.840187,0.694715,0.840187,0.694715,75,46,47,33,0,0,0,0,1398,1119,876,724
2026/02/05/15:37:51,4499.324485,0.840187,0.694715,0.840187,0.694715,75,46,47,33,0,0,0,0,1398,1119,876,724
2026/02/05/15:37:52,4500.325128,0.840187,0.694715,0.840187,0.694715,75,46,47,33,0,0,0,0,1398,1119,876,724
2026/02/05/15:37:53,4501.325833,0.840187,0.694715,0.840187,0.694715,75,46,47,33,0,0,0,0,1398,1119,876,724
2026/02/05/15:37:54,4502.326409,0.840187,0.694715,0.840187,0.694715,75,46,47,33,0,0,0,0,1398,1119,876,724
2026/02/05/15:37:55,4503.327132,0.840187,0.694715,0.840187,0.694715,75,46,47,33,0,0,0,0,1398,1119,876,724
2026/02/05/15:37:56,4504.327688,0.840187,0.694715,0.840187,0.694715,75,46,47,33,0,0,0,0,1398,1119,876,724
2026/02/05/15:37:57,4505.328356,0.840187,0.694715,0.840187,0.694715,75,46,47,33,0,0,0,0,1398,1119,876,724
2026/02/05/15:37:58,4506.329000,0.840187,0.694715,0.840187,0.694715,75,46,47,33,0,0,0,0,1398,1119,876,724
2026/02/05/15:37:59,4507.329645,0.840187,0.694715,0.840187,0.694715,75,46,47,33,0,0,0,0,1398,1119,876,724
2026/02/05/15:38:00,4508.330418,0.840187,0.694715,0.840187,0.694715,75,46,47,33,0,0,0,0,1398,1119,876,724
2026/02/05/15:38:01,4509.331066,0.840187,0.694715,0.840187,0.694715,75,46,47,33,0,0,0,0,1398,1119,876,724
2026/02/05/15:38:02,4510.331630,0.840187,0.694715,0.840187,0.694715,75,46,47,33,0,0,0,0,1398,1119,876,724
2026/02/05/15:38:03,4511.332178,0.840187,0.694715,0.840187,0.694715,75,46,47,33,0,0,0,0,1398,1119,876,724
2026/02/05/15:38:04,4512.332715,0.840187,0.694715,0.840187,0.694715,75,46,47,33,0,0,0,0,1398,1119,876,724
2026/02/05/15:38:05,4513.333487,0.838344,0.692028,0.838344,0.692028,74,46,47,33,0,0,0,0,1399,1119,876,724
2026/02/05/15:38:06,4514.334179,0.838344,0.692028,0.838344,0.692028,74,46,47,33,0,0,0,0,1399,1119,876,724
2026/02/05/15:38:07,4515.335001,0.836719,0.689663,0.836719,0.689663,74,45,47,33,0,0,0,0,1399,1120,876,724
2026/02/05/15:38:08,4516.335746,0.836719,0.689663,0.836719,0.689663,74,45,47,33,0,0,0,0,1399,1120,876,724
2026/02/05/15:38:09,4517.336503,0.836719,0.689663,0.836719,0.689663,74,45,47,33,0,0,0,0,1399,1120,876,724
2026/02/05/15:38:10,4518.337286,0.836719,0.689663,0.836719,0.689663,74,45,47,33,0,0,0,0,1399,1120,876,724
2026/02/05/15:38:11,4519.338104,0.836719,0.689663,0.836719,0.689663,74,45,47,33,0,0,0,0,1399,1120,876,724
2026/02/05/15:38:12,4520.338750,0.836719,0.689663,0.836719,0.689663,74,45,47,33,0,0,0,0,1399,1120,876,724
2026/02/05/15:38:13,4521.339509,0.836719,0.689663,0.836719,0.689663,74,45,47,33,0,0,0,0,1399,1120,876,724
2026/02/05/15:38:14,4522.340166,0.861750,0.718095,0.861750,0.718095,77,45,50,33,0,0,0,0,1399,1120,876,724
2026/02/05/15:38:15,4523.340926,0.861750,0.718095,0.861750,0.718095,77,45,50,33,0,0,0,0,1399,1120,876,724
2026/02/05/15:38:16,4524.341630,0.861750,0.718095,0.861750,0.718095,77,45,50,33,0,0,0,0,1399,1120,876,724
2026/02/05/15:38:17,4525.342244,0.869719,0.720423,0.883156,0.726463,77,47,50,36,0,0,0,1,1399,1120,879,724
2026/02/05/15:38:18,4526.342911,0.874500,0.744494,0.887938,0.750533,77,50,50,36,0,0,0,1,1399,1120,879,724
2026/02/05/15:38:19,4527.343471,0.874500,0.744494,0.887938,0.750533,77,50,50,36,0,0,0,1,1399,1120,879,724
2026/02/05/15:38:20,4528.344025,0.872656,0.741296,0.886094,0.747336,77,49,50,36,0,0,0,1,1399,1121,879,724
2026/02/05/15:38:21,4529.344623,0.867875,0.717226,0.881313,0.723266,77,46,50,36,0,0,0,1,1399,1124,879,724
2026/02/05/15:38:22,4530.345276,0.862344,0.712107,0.875781,0.718147,77,46,47,36,0,0,0,1,1399,1124,882,724
2026/02/05/15:38:23,4531.345960,0.862344,0.712107,0.875781,0.718147,77,46,47,36,0,0,0,1,1399,1124,882,724
2026/02/05/15:38:24,4532.346693,0.862344,0.712107,0.875781,0.718147,77,46,47,36,0,0,0,1,1399,1124,882,724
2026/02/05/15:38:25,4533.347619,0.862344,0.712107,0.875781,0.718147,77,46,47,36,0,0,0,1,1399,1124,882,724
2026/02/05/15:38:26,4534.348334,0.859781,0.709902,0.873219,0.715942,77,46,46,36,0,0,0,1,1399,1124,883,724
2026/02/05/15:38:27,4535.349071,0.859781,0.709902,0.873219,0.715942,77,46,46,36,0,0,0,1,1399,1124,883,724
2026/02/05/15:38:28,4536.349749,0.859781,0.709902,0.873219,0.715942,77,46,46,36,0,0,0,1,1399,1124,883,724
2026/02/05/15:38:29,4537.350528,0.859781,0.709902,0.873219,0.715942,77,46,46,36,0,0,0,1,1399,1124,883,724
2026/02/05/15:38:30,4538.351319,0.859781,0.709902,0.873219,0.715942,77,46,46,36,0,0,0,1,1399,1124,883,724
2026/02/05/15:38:31,4539.351862,0.859781,0.709902,0.873219,0.715942,77,46,46,36,0,0,0,1,1399,1124,883,724
2026/02/05/15:38:32,4540.352568,0.859781,0.709902,0.873219,0.715942,77,46,46,36,0,0,0,1,1399,1124,883,724
2026/02/05/15:38:33,4541.353251,0.850125,0.701448,0.863563,0.707487,77,46,46,33,0,0,0,1,1399,1124,883,727
2026/02/05/15:38:34,4542.354035,0.850125,0.701448,0.863563,0.707487,77,46,46,33,0,0,0,1,1399,1124,883,727
2026/02/05/15:38:35,4543.354609,0.850125,0.701448,0.863563,0.707487,77,46,46,33,0,0,0,1,1399,1124,883,727
2026/02/05/15:38:36,4544.355365,0.856125,0.707956,0.869563,0.713996,77,49,46,33,0,0,0,1,1399,1124,883,727
2026/02/05/15:38:37,4545.355947,0.856125,0.707956,0.879844,0.720872,77,49,46,33,0,0,0,2,1399,1124,883,727
2026/02/05/15:38:38,4546.356589,0.856125,0.707956,0.879844,0.720872,77,49,46,33,0,0,0,2,1399,1124,883,727
2026/02/05/15:38:39,4547.357282,0.850125,0.701448,0.873844,0.714363,77,46,46,33,0,0,0,2,1399,1127,883,727
2026/02/05/15:38:40,4548.357846,0.850125,0.701448,0.873844,0.714363,77,46,46,33,0,0,0,2,1399,1127,883,727
2026/02/05/15:38:41,4549.358544,0.850125,0.701448,0.873844,0.714363,77,46,46,33,0,0,0,2,1399,1127,883,727
2026/02/05/15:38:42,4550.359382,0.862094,0.707230,0.895188,0.722843,80,45,46,33,1,0,0,2,1399,1128,883,727
2026/02/05/15:38:43,4551.360077,0.874281,0.718541,0.907375,0.734154,80,48,46,33,1,0,0,2,1399,1128,883,727
2026/02/05/15:38:44,4552.360680,0.874281,0.718541,0.907375,0.734154,80,48,46,33,1,0,0,2,1399,1128,883,727
2026/02/05/15:38:45,4553.361346,0.852719,0.704532,0.876437,0.717447,79,45,46,33,0,0,0,2,1400,1131,883,727
2026/02/05/15:38:46,4554.361980,0.852719,0.704532,0.876437,0.717447,79,45,46,33,0,0,0,2,1400,1131,883,727
2026/02/05/15:38:47,4555.362471,0.852719,0.704532,0.876437,0.717447,79,45,46,33,0,0,0,2,1400,1131,883,727
2026/02/05/15:38:48,4556.363046,0.852719,0.704532,0.876437,0.717447,79,45,46,33,0,0,0,2,1400,1131,883,727
2026/02/05/15:38:49,4557.363834,0.852719,0.704532,0.876437,0.717447,79,45,46,33,0,0,0,2,1400,1131,883,727
2026/02/05/15:38:50,4558.364406,0.852719,0.704532,0.876437,0.717447,79,45,46,33,0,0,0,2,1400,1131,883,727
2026/02/05/15:38:51,4559.365198,0.848219,0.699802,0.871938,0.712717,77,45,46,33,0,0,0,2,1402,1131,883,727
2026/02/05/15:38:52,4560.365900,0.878281,0.731764,0.902000,0.744679,79,52,46,33,0,0,0,2,1402,1131,883,727
2026/02/05/15:38:53,4561.366512,0.878281,0.731764,0.902000,0.744679,79,52,46,33,0,0,0,2,1402,1131,883,727
2026/02/05/15:38:54,4562.367039,0.862281,0.728570,0.886000,0.741485,79,50,46,33,0,0,0,2,1402,1133,883,727
2026/02/05/15:38:55,4563.367630,0.871594,0.716026,0.895312,0.728941,79,48,49,33,0,0,0,2,1402,1135,883,727
2026/02/05/15:38:56,4564.368227,0.896500,0.752815,0.920219,0.765731,81,50,52,35,0,0,0,2,1402,1135,883,727
2026/02/05/15:38:57,4565.368743,0.896500,0.752815,0.920219,0.765731,81,50,52,35,0,0,0,2,1402,1135,883,727
2026/02/05/15:38:58,4566.369511,0.892375,0.744781,0.916094,0.757697,80,50,52,35,0,0,0,2,1403,1135,883,727
2026/02/05/15:38:59,4567.370313,0.880781,0.733881,0.904500,0.746796,79,50,49,35,0,0,0,2,1404,1135,886,727
2026/02/05/15:39:00,4568.371033,0.868219,0.726925,0.891938,0.739840,79,50,46,35,0,0,0,2,1404,1135,889,727
2026/02/05/15:39:01,4569.371482,0.868219,0.726925,0.891938,0.739840,79,50,46,35,0,0,0,2,1404,1135,889,727
2026/02/05/15:39:02,4570.372043,0.868219,0.726925,0.891938,0.739840,79,50,46,35,0,0,0,2,1404,1135,889,727
2026/02/05/15:39:03,4571.372610,0.868219,0.726925,0.891938,0.739840,79,50,46,35,0,0,0,2,1404,1135,889,727
2026/02/05/15:39:04,4572.373307,0.868219,0.726925,0.891938,0.739840,79,50,46,35,0,0,0,2,1404,1135,889,727
2026/02/05/15:39:05,4573.373918,0.868219,0.726925,0.891938,0.739840,79,50,46,35,0,0,0,2,1404,1135,889,727
2026/02/05/15:39:06,4574.374583,0.868219,0.726925,0.881656,0.732964,79,50,46,35,0,0,0,1,1404,1135,889,727
2026/02/05/15:39:07,4575.375349,0.868219,0.726925,0.881656,0.732964,79,50,46,35,0,0,0,1,1404,1135,889,727
2026/02/05/15:39:08,4576.376076,0.868219,0.726925,0.881656,0.732964,79,50,46,35,0,0,0,1,1404,1135,889,727
2026/02/05/15:39:09,4577.376843,0.868219,0.726925,0.881656,0.732964,79,50,46,35,0,0,0,1,1404,1135,889,727
2026/02/05/15:39:10,4578.377521,0.868219,0.726925,0.868219,0.726925,79,50,46,35,0,0,0,0,1404,1135,889,727
2026/02/05/15:39:11,4579.378272,0.868219,0.726925,0.868219,0.726925,79,50,46,35,0,0,0,0,1404,1135,889,727
2026/02/05/15:39:12,4580.379048,0.868219,0.726925,0.868219,0.726925,79,50,46,35,0,0,0,0,1404,1135,889,727
2026/02/05/15:39:13,4581.379925,0.868219,0.726925,0.868219,0.726925,79,50,46,35,0,0,0,0,1404,1135,889,727
2026/02/05/15:39:14,4582.380626,0.868219,0.726925,0.868219,0.726925,79,50,46,35,0,0,0,0,1404,1135,889,727
2026/02/05/15:39:15,4583.381276,0.868219,0.726925,0.868219,0.726925,79,50,46,35,0,0,0,0,1404,1135,889,727
2026/02/05/15:39:16,4584.381797,0.868219,0.726925,0.868219,0.726925,79,50,46,35,0,0,0,0,1404,1135,889,727
2026/02/05/15:39:17,4585.382476,0.868219,0.726925,0.868219,0.726925,79,50,46,35,0,0,0,0,1404,1135,889,727
2026/02/05/15:39:18,4586.383111,0.868219,0.726925,0.868219,0.726925,79,50,46,35,0,0,0,0,1404,1135,889,727
2026/02/05/15:39:19,4587.383799,0.868219,0.726925,0.868219,0.726925,79,50,46,35,0,0,0,0,1404,1135,889,727
2026/02/05/15:39:20,4588.384396,0.865094,0.721845,0.865094,0.721845,79,50,46,33,0,0,0,0,1404,1135,889,729
2026/02/05/15:39:21,4589.385171,0.865094,0.721845,0.865094,0.721845,79,50,46,33,0,0,0,0,1404,1135,889,729
2026/02/05/15:39:22,4590.385928,0.865094,0.721845,0.865094,0.721845,79,50,46,33,0,0,0,0,1404,1135,889,729
2026/02/05/15:39:23,4591.386508,0.865094,0.721845,0.867219,0.723526,79,50,46,33,1,0,0,0,1404,1135,889,729
2026/02/05/15:39:24,4592.387268,0.887563,0.739078,0.887563,0.739078,82,50,47,33,0,0,0,0,1406,1135,889,729
2026/02/05/15:39:25,4593.387944,0.887563,0.739078,0.887563,0.739078,82,50,47,33,0,0,0,0,1406,1135,889,729
2026/02/05/15:39:26,4594.388684,0.884500,0.737076,0.884500,0.737076,82,50,46,33,0,0,0,0,1406,1135,890,729
2026/02/05/15:39:27,4595.389299,0.879563,0.730881,0.879563,0.730881,81,50,46,33,0,0,0,0,1407,1135,890,729
2026/02/05/15:39:28,4596.389954,0.866875,0.718503,0.866875,0.718503,79,50,46,31,0,0,0,0,1409,1135,890,731
2026/02/05/15:39:29,4597.390753,0.877375,0.732454,0.877375,0.732454,79,50,46,34,0,0,0,0,1409,1135,890,731
2026/02/05/15:39:30,4598.391301,0.877375,0.732454,0.877375,0.732454,79,50,46,34,0,0,0,0,1409,1135,890,731
2026/02/05/15:39:31,4599.391896,0.879188,0.734214,0.879188,0.734214,80,50,46,34,0,0,0,0,1409,1135,890,731
2026/02/05/15:39:32,4600.392464,0.879188,0.734214,0.879188,0.734214,80,50,46,34,0,0,0,0,1409,1135,890,731
2026/02/05/15:39:33,4601.392990,0.879188,0.734214,0.879188,0.734214,80,50,46,34,0,0,0,0,1409,1135,890,731
2026/02/05/15:39:34,4602.393532,0.912563,0.783169,0.916250,0.786574,83,53,51,34,0,1,0,0,1410,1135,890,731
2026/02/05/15:39:35,4603.393966,0.919937,0.789979,0.939937,0.824444,83,55,51,34,3,0,1,0,1410,1135,890,731
2026/02/05/15:39:36,4604.394397,0.919937,0.789979,0.939937,0.824444,83,55,51,34,3,0,1,0,1410,1135,890,731
2026/02/05/15:39:37,4605.394928,0.902500,0.773012,0.914438,0.791236,80,55,48,34,1,0,1,0,1414,1135,893,731
2026/02/05/15:39:38,4606.395672,0.902500,0.773012,0.914438,0.791236,80,55,48,34,1,0,1,0,1414,1135,893,731
2026/02/05/15:39:39,4607.396382,0.919281,0.812963,0.933000,0.824029,82,53,55,34,1,0,1,0,1414,1137,893,731
2026/02/05/15:39:40,4608.397169,0.911062,0.782191,0.919063,0.789577,81,51,55,34,0,0,1,0,1416,1139,893,731
2026/02/05/15:39:41,4609.397871,0.897031,0.772942,0.905031,0.780328,80,51,53,34,0,0,1,0,1417,1139,895,731
2026/02/05/15:39:42,4610.398499,0.894938,0.769773,0.902937,0.777159,80,51,52,34,0,0,1,0,1417,1139,896,731
2026/02/05/15:39:43,4611.399158,0.890875,0.766247,0.898875,0.773633,80,51,50,34,0,0,1,0,1417,1139,898,731
2026/02/05/15:39:44,4612.399798,0.890875,0.766247,0.890875,0.766247,80,51,50,34,0,0,0,0,1417,1139,898,731
2026/02/05/15:39:45,4613.400681,0.889250,0.764435,0.889250,0.764435,79,51,50,34,0,0,0,0,1418,1139,898,731
2026/02/05/15:39:46,4614.401277,0.889250,0.764435,0.889250,0.764435,79,51,50,34,0,0,0,0,1418,1139,898,731
2026/02/05/15:39:47,4615.401957,0.887125,0.762754,0.887125,0.762754,78,51,50,34,0,0,0,0,1419,1139,898,731
2026/02/05/15:39:48,4616.402749,0.887125,0.762754,0.887125,0.762754,78,51,50,34,0,0,0,0,1419,1139,898,731
2026/02/05/15:39:49,4617.403390,0.887125,0.762754,0.887125,0.762754,78,51,50,34,0,0,0,0,1419,1139,898,731
2026/02/05/15:39:50,4618.403898,0.877719,0.749085,0.877719,0.749085,78,47,50,34,0,0,0,0,1419,1143,898,731
2026/02/05/15:39:51,4619.404588,0.877719,0.749085,0.877719,0.749085,78,47,50,34,0,0,0,0,1419,1143,898,731
2026/02/05/15:39:52,4620.405246,0.877719,0.749085,0.877719,0.749085,78,47,50,34,0,0,0,0,1419,1143,898,731
2026/02/05/15:39:53,4621.405849,0.866094,0.742497,0.866094,0.742497,78,44,50,34,0,0,0,0,1419,1146,898,731
2026/02/05/15:39:54,4622.406440,0.866094,0.742497,0.866094,0.742497,78,44,50,34,0,0,0,0,1419,1146,898,731
2026/02/05/15:39:55,4623.407104,0.866094,0.742497,0.866094,0.742497,78,44,50,34,0,0,0,0,1419,1146,898,731
2026/02/05/15:39:56,4624.407823,0.861531,0.732783,0.861531,0.732783,78,44,48,34,0,0,0,0,1419,1146,900,731
2026/02/05/15:39:57,4625.408414,0.861531,0.732783,0.861531,0.732783,78,44,48,34,0,0,0,0,1419,1146,900,731
2026/02/05/15:39:58,4626.408980,0.880812,0.782492,0.880812,0.782492,80,47,51,34,0,0,0,0,1419,1146,900,731
2026/02/05/15:39:59,4627.409535,0.874812,0.757246,0.874812,0.757246,80,47,49,34,0,0,0,0,1419,1146,902,731
2026/02/05/15:40:00,4628.410064,0.885281,0.788853,0.895344,0.806500,83,47,49,35,2,0,0,0,1421,1146,902,731
2026/02/05/15:40:01,4629.410651,0.885281,0.788853,0.895344,0.806500,83,47,49,35,2,0,0,0,1421,1146,902,731
2026/02/05/15:40:02,4630.411262,0.885281,0.788853,0.895344,0.806500,83,47,49,35,2,0,0,0,1421,1146,902,731
2026/02/05/15:40:03,4631.411835,0.879469,0.766100,0.889531,0.783747,81,47,49,35,2,0,0,0,1423,1146,902,731
2026/02/05/15:40:04,4632.412445,0.879469,0.766100,0.889531,0.783747,81,47,49,35,2,0,0,0,1423,1146,902,731
2026/02/05/15:40:05,4633.413246,0.879469,0.766100,0.889531,0.783747,81,47,49,35,2,0,0,0,1423,1146,902,731
2026/02/05/15:40:06,4634.413916,0.889375,0.787018,0.899438,0.804665,82,47,49,38,2,0,0,0,1423,1146,902,731
2026/02/05/15:40:07,4635.414589,0.884344,0.778195,0.884344,0.778195,81,47,49,38,0,0,0,0,1424,1146,902,731
2026/02/05/15:40:08,4636.415233,0.879469,0.773213,0.879469,0.773213,81,44,49,38,0,0,0,0,1424,1149,902,731
2026/02/05/15:40:09,4637.415832,0.868969,0.759262,0.868969,0.759262,81,44,49,35,0,0,0,0,1424,1149,902,734
2026/02/05/15:40:10,4638.416450,0.863844,0.757182,0.863844,0.757182,80,44,49,35,0,0,0,0,1425,1149,902,734
2026/02/05/15:40:11,4639.416986,0.863844,0.757182,0.863844,0.757182,80,44,49,35,0,0,0,0,1425,1149,902,734
2026/02/05/15:40:12,4640.417498,0.861812,0.752435,0.861812,0.752435,80,43,49,35,0,0,0,0,1425,1150,902,734
2026/02/05/15:40:13,4641.418274,0.861812,0.752435,0.861812,0.752435,80,43,49,35,0,0,0,0,1425,1150,902,734
2026/02/05/15:40:14,4642.419011,0.854875,0.728907,0.854875,0.728907,80,43,46,35,0,0,0,0,1425,1150,905,734
2026/02/05/15:40:15,4643.419703,0.854875,0.728907,0.854875,0.728907,80,43,46,35,0,0,0,0,1425,1150,905,734
2026/02/05/15:40:16,4644.420271,0.854875,0.728907,0.854875,0.728907,80,43,46,35,0,0,0,0,1425,1150,905,734
2026/02/05/15:40:17,4645.420818,0.854875,0.728907,0.854875,0.728907,80,43,46,35,0,0,0,0,1425,1150,905,734
2026/02/05/15:40:18,4646.421598,0.851063,0.713388,0.851063,0.713388,80,41,46,35,0,0,0,0,1425,1152,905,734
2026/02/05/15:40:19,4647.422445,0.851063,0.713388,0.851063,0.713388,80,41,46,35,0,0,0,0,1425,1152,905,734
2026/02/05/15:40:20,4648.423198,0.848187,0.711369,0.848187,0.711369,80,41,46,34,0,0,0,0,1425,1152,905,735
2026/02/05/15:40:21,4649.423785,0.848187,0.711369,0.848187,0.711369,80,41,46,34,0,0,0,0,1425,1152,905,735
2026/02/05/15:40:22,4650.424644,0.848187,0.711369,0.848187,0.711369,80,41,46,34,0,0,0,0,1425,1152,905,735
2026/02/05/15:40:23,4651.425359,0.848187,0.711369,0.848187,0.711369,80,41,46,34,0,0,0,0,1425,1152,905,735
2026/02/05/15:40:24,4652.426028,0.848187,0.711369,0.848187,0.711369,80,41,46,34,0,0,0,0,1425,1152,905,735
2026/02/05/15:40:25,4653.426700,0.848187,0.711369,0.848187,0.711369,80,41,46,34,0,0,0,0,1425,1152,905,735
2026/02/05/15:40:26,4654.427465,0.848187,0.711369,0.848187,0.711369,80,41,46,34,0,0,0,0,1425,1152,905,735
2026/02/05/15:40:27,4655.428328,0.848187,0.711369,0.848187,0.711369,80,41,46,34,0,0,0,0,1425,1152,905,735
2026/02/05/15:40:28,4656.428907,0.848187,0.711369,0.848187,0.711369,80,41,46,34,0,0,0,0,1425,1152,905,735
2026/02/05/15:40:29,4657.429476,0.848187,0.711369,0.848187,0.711369,80,41,46,34,0,0,0,0,1425,1152,905,735
2026/02/05/15:40:30,4658.430072,0.862250,0.719948,0.862250,0.719948,82,41,46,34,0,0,0,0,1425,1152,905,735
2026/02/05/15:40:31,4659.430612,0.862250,0.719948,0.862250,0.719948,82,41,46,34,0,0,0,0,1425,1152,905,735
2026/02/05/15:40:32,4660.431163,0.862250,0.719948,0.862250,0.719948,82,41,46,34,0,0,0,0,1425,1152,905,735
2026/02/05/15:40:33,4661.431914,0.862250,0.719948,0.862250,0.719948,82,41,46,34,0,0,0,0,1425,1152,905,735
2026/02/05/15:40:34,4662.432429,0.862250,0.719948,0.862250,0.719948,82,41,46,34,0,0,0,0,1425,1152,905,735
2026/02/05/15:40:35,4663.432884,0.862250,0.719948,0.862250,0.719948,82,41,46,34,0,0,0,0,1425,1152,905,735
2026/02/05/15:40:36,4664.433591,0.853281,0.712340,0.853281,0.712340,79,41,46,34,0,0,0,0,1428,1152,905,735
2026/02/05/15:40:37,4665.434182,0.853281,0.712340,0.853281,0.712340,79,41,46,34,0,0,0,0,1428,1152,905,735
2026/02/05/15:40:38,4666.434857,0.853281,0.712340,0.853281,0.712340,79,41,46,34,0,0,0,0,1428,1152,905,735
2026/02/05/15:40:39,4667.435705,0.853281,0.712340,0.853281,0.712340,79,41,46,34,0,0,0,0,1428,1152,905,735
2026/02/05/15:40:40,4668.436483,0.839219,0.703761,0.839219,0.703761,77,41,46,34,0,0,0,0,1430,1152,905,735
2026/02/05/15:40:41,4669.437170,0.839219,0.703761,0.839219,0.703761,77,41,46,34,0,0,0,0,1430,1152,905,735
2026/02/05/15:40:42,4670.437720,0.839219,0.703761,0.839219,0.703761,77,41,46,34,0,0,0,0,1430,1152,905,735
2026/02/05/15:40:43,4671.438326,0.839219,0.703761,0.839219,0.703761,77,41,46,34,0,0,0,0,1430,1152,905,735
2026/02/05/15:40:44,4672.439524,0.839219,0.703761,0.839219,0.703761,77,41,46,34,0,0,0,0,1430,1152,905,735
2026/02/05/15:40:45,4673.440371,0.839219,0.703761,0.839219,0.703761,77,41,46,34,0,0,0,0,1430,1152,905,735
2026/02/05/15:40:46,4674.440992,0.839219,0.703761,0.839219,0.703761,77,41,46,34,0,0,0,0,1430,1152,905,735
2026/02/05/15:40:47,4675.441636,0.839219,0.703761,0.839219,0.703761,77,41,46,34,0,0,0,0,1430,1152,905,735
2026/02/05/15:40:48,4676.442496,0.839219,0.703761,0.839219,0.703761,77,41,46,34,0,0,0,0,1430,1152,905,735
2026/02/05/15:40:49,4677.443359,0.839219,0.703761,0.839219,0.703761,77,41,46,34,0,0,0,0,1430,1152,905,735
2026/02/05/15:40:50,4678.443925,0.839219,0.703761,0.839219,0.703761,77,41,46,34,0,0,0,0,1430,1152,905,735
2026/02/05/15:40:51,4679.444611,0.839219,0.703761,0.839219,0.703761,77,41,46,34,0,0,0,0,1430,1152,905,735
2026/02/05/15:40:52,4680.445235,0.839219,0.703761,0.839219,0.703761,77,41,46,34,0,0,0,0,1430,1152,905,735
2026/02/05/15:40:53,4681.445874,0.839219,0.703761,0.839219,0.703761,77,41,46,34,0,0,0,0,1430,1152,905,735
2026/02/05/15:40:54,4682.446445,0.839219,0.703761,0.839219,0.703761,77,41,46,34,0,0,0,0,1430,1152,905,735
2026/02/05/15:40:55,4683.447235,0.839219,0.703761,0.839219,0.703761,77,41,46,34,0,0,0,0,1430,1152,905,735
2026/02/05/15:40:56,4684.447982,0.839219,0.703761,0.839219,0.703761,77,41,46,34,0,0,0,0,1430,1152,905,735
2026/02/05/15:40:57,4685.448656,0.839219,0.703761,0.839219,0.703761,77,41,46,34,0,0,0,0,1430,1152,905,735
2026/02/05/15:40:58,4686.449222,0.839219,0.703761,0.839219,0.703761,77,41,46,34,0,0,0,0,1430,1152,905,735
2026/02/05/15:40:59,4687.449886,0.839219,0.703761,0.839219,0.703761,77,41,46,34,0,0,0,0,1430,1152,905,735
2026/02/05/15:41:00,4688.450524,0.883281,0.730915,0.883281,0.730915,81,45,49,37,0,0,0,0,1430,1152,905,735
2026/02/05/15:41:01,4689.450974,0.883281,0.730915,0.883281,0.730915,81,45,49,37,0,0,0,0,1430,1152,905,735
2026/02/05/15:41:02,4690.451676,0.883281,0.730915,0.883281,0.730915,81,45,49,37,0,0,0,0,1430,1152,905,735
2026/02/05/15:41:03,4691.452300,0.879188,0.728411,0.879188,0.728411,80,45,49,37,0,0,0,0,1431,1152,905,735
2026/02/05/15:41:04,4692.452764,0.875094,0.725907,0.875094,0.725907,79,45,49,37,0,0,0,0,1432,1152,905,735
2026/02/05/15:41:05,4693.453369,0.875094,0.725907,0.875094,0.725907,79,45,49,37,0,0,0,0,1432,1152,905,735
2026/02/05/15:41:06,4694.453957,0.875094,0.725907,0.875094,0.725907,79,45,49,37,0,0,0,0,1432,1152,905,735
2026/02/05/15:41:07,4695.454464,0.865969,0.717870,0.865969,0.717870,79,41,49,37,0,0,0,0,1432,1156,905,735
2026/02/05/15:41:08,4696.455332,0.882313,0.731065,0.899312,0.742028,82,42,50,37,0,2,0,0,1432,1156,905,735
2026/02/05/15:41:09,4697.455834,0.878062,0.727619,0.895062,0.738583,80,42,50,37,0,2,0,0,1434,1156,905,735
2026/02/05/15:41:10,4698.456511,0.878062,0.727619,0.895062,0.738583,80,42,50,37,0,2,0,0,1434,1156,905,735
2026/02/05/15:41:11,4699.457266,0.878062,0.727619,0.895062,0.738583,80,42,50,37,0,2,0,0,1434,1156,905,735
2026/02/05/15:41:12,4700.458076,0.878062,0.727619,0.895062,0.738583,80,42,50,37,0,2,0,0,1434,1156,905,735
2026/02/05/15:41:13,4701.458710,0.876000,0.723020,0.893000,0.733984,79,42,50,37,0,2,0,0,1435,1156,905,735
2026/02/05/15:41:14,4702.459500,0.897000,0.742612,0.914000,0.753576,82,45,50,37,0,2,0,0,1435,1156,905,735
2026/02/05/15:41:15,4703.460289,0.897000,0.742612,0.897000,0.742612,82,45,50,37,0,0,0,0,1435,1156,905,735
2026/02/05/15:41:16,4704.461042,0.869250,0.719506,0.869250,0.719506,79,42,50,37,0,0,0,0,1438,1159,905,735
2026/02/05/15:41:17,4705.461747,0.869250,0.719506,0.869250,0.719506,79,42,50,37,0,0,0,0,1438,1159,905,735
2026/02/05/15:41:18,4706.462505,0.856250,0.712823,0.856250,0.712823,79,41,50,34,0,0,0,0,1438,1160,905,738
2026/02/05/15:41:19,4707.463218,0.856250,0.712823,0.856250,0.712823,79,41,50,34,0,0,0,0,1438,1160,905,738
2026/02/05/15:41:20,4708.463830,0.856250,0.712823,0.856250,0.712823,79,41,50,34,0,0,0,0,1438,1160,905,738
2026/02/05/15:41:21,4709.464395,0.856250,0.712823,0.856250,0.712823,79,41,50,34,0,0,0,0,1438,1160,905,738
2026/02/05/15:41:22,4710.465083,0.856250,0.712823,0.856250,0.712823,79,41,50,34,0,0,0,0,1438,1160,905,738
2026/02/05/15:41:23,4711.465808,0.856250,0.712823,0.856250,0.712823,79,41,50,34,0,0,0,0,1438,1160,905,738
2026/02/05/15:41:24,4712.466382,0.881719,0.730580,0.881719,0.730580,79,44,56,34,0,0,0,0,1438,1160,905,738
2026/02/05/15:41:25,4713.466986,0.881719,0.730580,0.881719,0.730580,79,44,56,34,0,0,0,0,1438,1160,905,738
2026/02/05/15:41:26,4714.467583,0.908062,0.779621,0.926625,0.816765,85,46,58,34,0,3,0,0,1438,1160,905,738
2026/02/05/15:41:27,4715.468217,0.922594,0.801243,0.941156,0.838386,86,47,62,34,0,3,0,0,1438,1160,905,738
2026/02/05/15:41:28,4716.468871,0.914625,0.785699,0.933187,0.822843,83,47,62,34,0,3,0,0,1441,1160,905,738
2026/02/05/15:41:29,4717.469521,0.904250,0.764802,0.904250,0.764802,81,45,62,34,0,0,0,0,1443,1162,905,738
2026/02/05/15:41:30,4718.470125,0.919781,0.783515,0.919781,0.783515,84,45,63,34,0,0,0,0,1443,1162,907,738
2026/02/05/15:41:31,4719.470639,0.919781,0.783515,0.919781,0.783515,84,45,63,34,0,0,0,0,1443,1162,907,738
2026/02/05/15:41:32,4720.471347,0.893156,0.743612,0.893156,0.743612,77,45,60,34,0,0,0,0,1450,1162,910,738
2026/02/05/15:41:33,4721.472033,0.891031,0.741183,0.891031,0.741183,77,45,59,34,0,0,0,0,1450,1162,911,738
2026/02/05/15:41:34,4722.472739,0.891031,0.741183,0.891031,0.741183,77,45,59,34,0,0,0,0,1450,1162,911,738
2026/02/05/15:41:35,4723.473492,0.887969,0.738973,0.887969,0.738973,76,45,59,34,0,0,0,0,1451,1162,911,738
2026/02/05/15:41:36,4724.474204,0.883719,0.734944,0.883719,0.734944,76,45,57,34,0,0,0,0,1451,1162,913,738
2026/02/05/15:41:37,4725.474869,0.873687,0.725926,0.873687,0.725926,73,45,55,34,0,0,0,0,1454,1162,915,738
2026/02/05/15:41:38,4726.475319,0.870469,0.723451,0.870469,0.723451,73,45,54,34,0,0,0,0,1454,1162,916,738
2026/02/05/15:41:39,4727.476004,0.867281,0.718995,0.867281,0.718995,73,43,54,34,0,0,0,0,1454,1164,916,738
2026/02/05/15:41:40,4728.476754,0.867281,0.718995,0.867281,0.718995,73,43,54,34,0,0,0,0,1454,1164,916,738
2026/02/05/15:41:41,4729.477544,0.867281,0.718995,0.867281,0.718995,73,43,54,34,0,0,0,0,1454,1164,916,738
2026/02/05/15:41:42,4730.478274,0.867281,0.718995,0.867281,0.718995,73,43,54,34,0,0,0,0,1454,1164,916,738
2026/02/05/15:41:43,4731.478989,0.867281,0.718995,0.867281,0.718995,73,43,54,34,0,0,0,0,1454,1164,916,738
2026/02/05/15:41:44,4732.479680,0.872406,0.722829,0.872406,0.722829,73,43,54,36,0,0,0,0,1454,1164,916,738
2026/02/05/15:41:45,4733.480442,0.872406,0.722829,0.872406,0.722829,73,43,54,36,0,0,0,0,1454,1164,916,738
2026/02/05/15:41:46,4734.481074,0.872406,0.722829,0.872406,0.722829,73,43,54,36,0,0,0,0,1454,1164,916,738
2026/02/05/15:41:47,4735.481804,0.872406,0.722829,0.872406,0.722829,73,43,54,36,0,0,0,0,1454,1164,916,738
2026/02/05/15:41:48,4736.482475,0.872406,0.722829,0.872406,0.722829,73,43,54,36,0,0,0,0,1454,1164,916,738
2026/02/05/15:41:49,4737.483125,0.872406,0.722829,0.872406,0.722829,73,43,54,36,0,0,0,0,1454,1164,916,738
2026/02/05/15:41:50,4738.483655,0.872406,0.722829,0.872406,0.722829,73,43,54,36,0,0,0,0,1454,1164,916,738
2026/02/05/15:41:51,4739.484387,0.872406,0.722829,0.872406,0.722829,73,43,54,36,0,0,0,0,1454,1164,916,738
2026/02/05/15:41:52,4740.484945,0.872406,0.722829,0.872406,0.722829,73,43,54,36,0,0,0,0,1454,1164,916,738
2026/02/05/15:41:53,4741.485802,0.872406,0.722829,0.872406,0.722829,73,43,54,36,0,0,0,0,1454,1164,916,738
2026/02/05/15:41:54,4742.486570,0.872406,0.722829,0.872406,0.722829,73,43,54,36,0,0,0,0,1454,1164,916,738
2026/02/05/15:41:55,4743.487134,0.879406,0.745393,0.879406,0.745393,72,46,55,38,0,0,0,0,1456,1164,916,738
2026/02/05/15:41:56,4744.487840,0.879406,0.745393,0.879406,0.745393,72,46,55,38,0,0,0,0,1456,1164,916,738
2026/02/05/15:41:57,4745.488486,0.879406,0.745393,0.879406,0.745393,72,46,55,38,0,0,0,0,1456,1164,916,738
2026/02/05/15:41:58,4746.489265,0.864531,0.739614,0.864531,0.739614,72,44,55,37,0,0,0,0,1456,1166,916,739
2026/02/05/15:41:59,4747.490132,0.858375,0.728696,0.858375,0.728696,72,44,55,36,0,0,0,0,1456,1166,916,740
2026/02/05/15:42:00,4748.490854,0.858375,0.728696,0.858375,0.728696,72,44,55,36,0,0,0,0,1456,1166,916,740
2026/02/05/15:42:01,4749.491308,0.858375,0.728696,0.858375,0.728696,72,44,55,36,0,0,0,0,1456,1166,916,740
2026/02/05/15:42:02,4750.491824,0.858375,0.728696,0.858375,0.728696,72,44,55,36,0,0,0,0,1456,1166,916,740
2026/02/05/15:42:03,4751.492576,0.858375,0.728696,0.858375,0.728696,72,44,55,36,0,0,0,0,1456,1166,916,740
2026/02/05/15:42:04,4752.493267,0.858375,0.728696,0.858375,0.728696,72,44,55,36,0,0,0,0,1456,1166,916,740
2026/02/05/15:42:05,4753.493888,0.851562,0.723860,0.851562,0.723860,72,44,54,36,0,0,0,0,1456,1166,917,740
2026/02/05/15:42:06,4754.494478,0.851562,0.723860,0.851562,0.723860,72,44,54,36,0,0,0,0,1456,1166,917,740
2026/02/05/15:42:07,4755.495180,0.866031,0.752513,0.866031,0.752513,72,46,57,39,0,0,0,0,1456,1166,917,740
2026/02/05/15:42:08,4756.495850,0.868156,0.754232,0.868156,0.754232,72,47,57,39,0,0,0,0,1456,1166,917,740
2026/02/05/15:42:09,4757.496676,0.868156,0.754232,0.868156,0.754232,72,47,57,39,0,0,0,0,1456,1166,917,740
2026/02/05/15:42:10,4758.497415,0.868156,0.754232,0.868156,0.754232,72,47,57,39,0,0,0,0,1456,1166,917,740
2026/02/05/15:42:11,4759.498058,0.859500,0.734525,0.859500,0.734525,72,47,55,36,0,0,0,0,1456,1166,919,743
2026/02/05/15:42:12,4760.498680,0.859500,0.734525,0.859500,0.734525,72,47,55,36,0,0,0,0,1456,1166,919,743
2026/02/05/15:42:13,4761.499428,0.859500,0.734525,0.859500,0.734525,72,47,55,36,0,0,0,0,1456,1166,919,743
2026/02/05/15:42:14,4762.500128,0.859500,0.734525,0.859500,0.734525,72,47,55,36,0,0,0,0,1456,1166,919,743
2026/02/05/15:42:15,4763.500775,0.852812,0.725185,0.852812,0.725185,72,47,54,34,0,0,0,0,1456,1166,920,745
2026/02/05/15:42:16,4764.501486,0.852812,0.725185,0.852812,0.725185,72,47,54,34,0,0,0,0,1456,1166,920,745
2026/02/05/15:42:17,4765.502127,0.852812,0.725185,0.852812,0.725185,72,47,54,34,0,0,0,0,1456,1166,920,745
2026/02/05/15:42:18,4766.502797,0.852812,0.725185,0.852812,0.725185,72,47,54,34,0,0,0,0,1456,1166,920,745
2026/02/05/15:42:19,4767.503341,0.852812,0.725185,0.852812,0.725185,72,47,54,34,0,0,0,0,1456,1166,920,745
2026/02/05/15:42:20,4768.503919,0.852812,0.725185,0.852812,0.725185,72,47,54,34,0,0,0,0,1456,1166,920,745
2026/02/05/15:42:21,4769.504607,0.852812,0.725185,0.852812,0.725185,72,47,54,34,0,0,0,0,1456,1166,920,745
2026/02/05/15:42:22,4770.505482,0.852812,0.725185,0.852812,0.725185,72,47,54,34,0,0,0,0,1456,1166,920,745
2026/02/05/15:42:23,4771.506069,0.852812,0.725185,0.852812,0.725185,72,47,54,34,0,0,0,0,1456,1166,920,745
2026/02/05/15:42:24,4772.506509,0.850875,0.723405,0.850875,0.723405,71,47,54,34,0,0,0,0,1457,1166,920,745
2026/02/05/15:42:25,4773.507177,0.850875,0.723405,0.850875,0.723405,71,47,54,34,0,0,0,0,1457,1166,920,745
2026/02/05/15:42:26,4774.507889,0.850875,0.723405,0.850875,0.723405,71,47,54,34,0,0,0,0,1457,1166,920,745
2026/02/05/15:42:27,4775.508455,0.850875,0.723405,0.850875,0.723405,71,47,54,34,0,0,0,0,1457,1166,920,745
2026/02/05/15:42:28,4776.509078,0.850875,0.723405,0.850875,0.723405,71,47,54,34,0,0,0,0,1457,1166,920,745
2026/02/05/15:42:29,4777.527215,0.882719,0.744212,0.882719,0.744212,76,49,54,35,0,0,0,0,1457,1166,920,745
2026/02/05/15:42:30,4778.527736,0.914219,0.766767,0.932969,0.775201,77,50,58,39,0,1,1,1,1457,1166,920,745
2026/02/05/15:42:31,4779.528187,0.929844,0.779147,0.980719,0.841119,77,50,60,42,0,6,2,1,1457,1166,920,745
2026/02/05/15:42:32,4780.528832,0.929562,0.777646,0.969750,0.834311,77,49,60,42,0,6,0,1,1457,1167,922,745
2026/02/05/15:42:33,4781.529490,0.926344,0.771808,0.953875,0.783149,77,49,60,41,0,3,0,1,1457,1167,922,746
2026/02/05/15:42:34,4782.530256,0.926344,0.771808,0.953875,0.783149,77,49,60,41,0,3,0,1,1457,1167,922,746
2026/02/05/15:42:35,4783.531043,0.921562,0.752970,0.949094,0.764311,77,49,60,38,0,3,0,1,1457,1167,922,749
2026/02/05/15:42:36,4784.531626,0.931813,0.756980,0.959344,0.768321,77,51,60,38,0,3,0,1,1457,1167,922,749
2026/02/05/15:42:37,4785.532357,0.919750,0.748296,0.940937,0.756637,77,51,60,34,0,3,0,0,1457,1167,922,753
2026/02/05/15:42:38,4786.533199,0.943094,0.800538,0.968875,0.815226,79,53,63,36,1,3,0,0,1457,1167,922,753
2026/02/05/15:42:39,4787.533955,0.944094,0.804645,0.965281,0.812987,80,53,63,36,0,3,0,0,1459,1167,922,756
2026/02/05/15:42:40,4788.534571,0.930094,0.791572,0.951281,0.799913,80,53,61,34,0,3,0,0,1459,1167,924,758
2026/02/05/15:42:41,4789.535266,0.930094,0.791572,0.951281,0.799913,80,53,61,34,0,3,0,0,1459,1167,924,758
2026/02/05/15:42:42,4790.535774,0.935844,0.810249,1.006969,0.835138,80,54,61,36,3,3,3,0,1461,1167,924,758
2026/02/05/15:42:43,4791.536348,0.941875,0.812040,1.038844,0.864526,82,53,61,36,4,3,7,0,1461,1168,924,758
2026/02/05/15:42:44,4792.536962,0.944594,0.816265,1.030500,0.842948,81,52,64,36,3,3,4,0,1463,1169,924,758
2026/02/05/15:42:45,4793.537620,0.944594,0.816265,1.030500,0.842948,81,52,64,36,3,3,4,0,1463,1169,924,758
2026/02/05/15:42:46,4794.538062,0.944594,0.816265,1.030500,0.842948,81,52,64,36,3,3,4,0,1463,1169,924,758
2026/02/05/15:42:47,4795.538441,0.940219,0.807809,1.026125,0.834491,81,52,64,34,3,3,4,0,1463,1169,924,760
2026/02/05/15:42:48,4796.538974,0.940219,0.807809,1.026125,0.834491,81,52,64,34,3,3,4,0,1463,1169,924,760
2026/02/05/15:42:49,4797.539518,0.921375,0.782554,1.007281,0.809237,81,52,58,34,3,3,4,0,1463,1169,930,760
2026/02/05/15:42:50,4798.540083,0.923844,0.778987,1.002687,0.802889,80,53,58,34,3,2,4,0,1464,1169,930,760
2026/02/05/15:42:51,4799.540645,0.916781,0.776206,0.961250,0.790015,80,52,58,34,3,0,2,0,1464,1170,930,760
2026/02/05/15:42:52,4800.541130,0.916781,0.776206,0.938844,0.784344,80,52,58,34,0,0,2,0,1464,1170,930,760
2026/02/05/15:42:53,4801.541710,0.916781,0.776206,0.938844,0.784344,80,52,58,34,0,0,2,0,1464,1170,930,760
2026/02/05/15:42:54,4802.542311,0.916781,0.776206,0.938844,0.784344,80,52,58,34,0,0,2,0,1464,1170,930,760
2026/02/05/15:42:55,4803.542889,0.899719,0.763385,0.921781,0.771522,76,52,57,34,0,0,2,0,1468,1170,931,760
2026/02/05/15:42:56,4804.543488,0.899719,0.763385,0.921781,0.771522,76,52,57,34,0,0,2,0,1468,1170,931,760
2026/02/05/15:42:57,4805.546984,0.916344,0.795188,0.945844,0.807552,78,52,57,39,0,1,2,0,1468,1170,931,760
2026/02/05/15:42:58,4806.547651,0.924531,0.809082,0.954031,0.821446,78,54,59,39,0,1,2,0,1468,1170,932,760
2026/02/05/15:42:59,4807.548187,0.924531,0.809082,0.954031,0.821446,78,54,59,39,0,1,2,0,1468,1170,932,760
2026/02/05/15:43:00,4808.548722,0.918094,0.799055,0.940156,0.807192,78,52,59,38,0,0,2,0,1468,1172,932,761
2026/02/05/15:43:01,4809.549281,0.911625,0.782918,0.933688,0.791055,78,52,56,38,0,0,2,0,1468,1172,935,761
2026/02/05/15:43:02,4810.549823,0.911625,0.782918,0.933688,0.791055,78,52,56,38,0,0,2,0,1468,1172,935,761
2026/02/05/15:43:03,4811.550417,0.914750,0.786215,0.936813,0.794352,78,52,56,40,0,0,2,0,1468,1172,935,761
2026/02/05/15:43:04,4812.550932,0.910188,0.781969,0.932250,0.790106,76,52,56,40,0,0,2,0,1470,1172,935,761
2026/02/05/15:43:05,4813.551395,0.910188,0.781969,0.935750,0.795167,76,52,56,40,2,0,2,0,1470,1172,935,761
2026/02/05/15:43:06,4814.551917,0.913687,0.787030,0.942187,0.797050,78,52,56,40,0,0,3,0,1470,1172,935,761
2026/02/05/15:43:07,4815.552337,0.934312,0.815842,0.958469,0.831062,82,55,57,40,0,0,2,1,1470,1172,935,763
2026/02/05/15:43:08,4816.552956,0.934312,0.815842,0.958469,0.831062,82,55,57,40,0,0,2,1,1470,1172,935,763
2026/02/05/15:43:09,4817.553576,0.927906,0.816474,0.949969,0.824611,82,54,56,41,0,0,2,0,1470,1173,936,763
2026/02/05/15:43:10,4818.554065,0.922094,0.809618,0.944156,0.817756,80,53,56,41,0,0,2,0,1472,1174,936,763
2026/02/05/15:43:11,4819.554743,0.885938,0.735264,0.908000,0.743402,77,51,50,38,0,0,2,0,1475,1176,942,766
2026/02/05/15:43:12,4820.555542,0.893219,0.741608,0.908000,0.743402,77,51,51,38,0,0,1,0,1475,1176,942,766
2026/02/05/15:43:13,4821.556277,0.893219,0.741608,0.908000,0.743402,77,51,51,38,0,0,1,0,1475,1176,942,766
2026/02/05/15:43:14,4822.556931,0.893219,0.741608,0.908000,0.743402,77,51,51,38,0,0,1,0,1475,1176,942,766
2026/02/05/15:43:15,4823.557705,0.893219,0.741608,0.908000,0.743402,77,51,51,38,0,0,1,0,1475,1176,942,766
2026/02/05/15:43:16,4824.558409,0.888969,0.731993,0.903750,0.733786,75,51,51,38,0,0,1,0,1477,1176,942,766
2026/02/05/15:43:17,4825.559009,0.888969,0.731993,0.903750,0.733786,75,51,51,38,0,0,1,0,1477,1176,942,766
2026/02/05/15:43:18,4826.559691,0.888969,0.731993,0.903750,0.733786,75,51,51,38,0,0,1,0,1477,1176,942,766
2026/02/05/15:43:19,4827.560293,0.888969,0.731993,0.903750,0.733786,75,51,51,38,0,0,1,0,1477,1176,942,766
2026/02/05/15:43:20,4828.560971,0.887406,0.730072,0.902188,0.731866,74,51,51,38,0,0,1,0,1478,1176,942,766
2026/02/05/15:43:21,4829.561660,0.887406,0.730072,0.902188,0.731866,74,51,51,38,0,0,1,0,1478,1176,942,766
2026/02/05/15:43:22,4830.562294,0.887406,0.730072,0.902188,0.731866,74,51,51,38,0,0,1,0,1478,1176,942,766
2026/02/05/15:43:23,4831.562804,0.910156,0.773484,0.924937,0.775278,77,53,53,43,0,0,1,0,1478,1178,942,766
2026/02/05/15:43:24,4832.563252,0.916094,0.780708,0.957219,0.793909,79,53,54,43,5,0,1,0,1478,1178,942,766
2026/02/05/15:43:25,4833.563781,0.909000,0.770014,0.954750,0.785579,80,53,53,41,4,0,2,0,1478,1178,943,768
2026/02/05/15:43:26,4834.564373,0.898563,0.756664,0.944312,0.772229,80,49,53,41,4,0,2,0,1478,1182,943,768
2026/02/05/15:43:27,4835.565078,0.905438,0.747905,0.933750,0.756769,83,49,51,39,1,0,2,0,1478,1182,945,770
2026/02/05/15:43:28,4836.565630,0.905438,0.747905,0.926500,0.754822,83,49,51,39,0,0,2,0,1478,1182,945,770
2026/02/05/15:43:29,4837.566235,0.910125,0.751403,0.924906,0.753196,83,49,51,39,0,0,1,0,1478,1182,946,770
2026/02/05/15:43:30,4838.566988,0.901469,0.739909,0.916250,0.741703,78,49,51,39,0,0,1,0,1483,1182,946,770
2026/02/05/15:43:31,4839.567496,0.906344,0.744704,0.921125,0.746498,78,52,51,39,0,0,1,0,1483,1182,946,770
2026/02/05/15:43:32,4840.568195,0.901000,0.737205,0.915781,0.738998,78,52,51,36,0,0,1,0,1483,1182,946,773
2026/02/05/15:43:33,4841.568980,0.886938,0.731166,0.901719,0.732959,78,52,48,36,0,0,1,0,1483,1182,949,773
2026/02/05/15:43:34,4842.569547,0.886938,0.731166,0.901719,0.732959,78,52,48,36,0,0,1,0,1483,1182,949,773
2026/02/05/15:43:35,4843.570325,0.886938,0.731166,0.901719,0.732959,78,52,48,36,0,0,1,0,1483,1182,949,773
2026/02/05/15:43:36,4844.571106,0.879656,0.724822,0.894437,0.726616,78,52,47,36,0,0,1,0,1483,1182,950,773
2026/02/05/15:43:37,4845.571770,0.879656,0.724822,0.894437,0.726616,78,52,47,36,0,0,1,0,1483,1182,950,773
2026/02/05/15:43:38,4846.572380,0.879656,0.724822,0.894437,0.726616,78,52,47,36,0,0,1,0,1483,1182,950,773
2026/02/05/15:43:39,4847.573031,0.879656,0.724822,0.894437,0.726616,78,52,47,36,0,0,1,0,1483,1182,950,773
2026/02/05/15:43:40,4848.573684,0.879656,0.724822,0.894437,0.726616,78,52,47,36,0,0,1,0,1483,1182,950,773
2026/02/05/15:43:41,4849.574424,0.879656,0.724822,0.894437,0.726616,78,52,47,36,0,0,1,0,1483,1182,950,773
2026/02/05/15:43:42,4850.575016,0.879656,0.724822,0.894437,0.726616,78,52,47,36,0,0,1,0,1483,1182,950,773
2026/02/05/15:43:43,4851.575662,0.879656,0.724822,0.894437,0.726616,78,52,47,36,0,0,1,0,1483,1182,950,773
2026/02/05/15:43:44,4852.576438,0.879656,0.724822,0.894437,0.726616,78,52,47,36,0,0,1,0,1483,1182,950,773
2026/02/05/15:43:45,4853.577202,0.879656,0.724822,0.894437,0.726616,78,52,47,36,0,0,1,0,1483,1182,950,773
2026/02/05/15:43:46,4854.577927,0.879656,0.724822,0.894437,0.726616,78,52,47,36,0,0,1,0,1483,1182,950,773
2026/02/05/15:43:47,4855.578645,0.879656,0.724822,0.894437,0.726616,78,52,47,36,0,0,1,0,1483,1182,950,773
2026/02/05/15:43:48,4856.579315,0.868594,0.714607,0.883375,0.716401,78,49,47,36,0,0,1,0,1483,1185,950,773
2026/02/05/15:43:49,4857.579972,0.868594,0.714607,0.883375,0.716401,78,49,47,36,0,0,1,0,1483,1185,950,773
2026/02/05/15:43:50,4858.580809,0.868594,0.714607,0.883375,0.716401,78,49,47,36,0,0,1,0,1483,1185,950,773
2026/02/05/15:43:51,4859.581453,0.868594,0.714607,0.883375,0.716401,78,49,47,36,0,0,1,0,1483,1185,950,773
2026/02/05/15:43:52,4860.582046,0.868594,0.714607,0.883375,0.716401,78,49,47,36,0,0,1,0,1483,1185,950,773
2026/02/05/15:43:53,4861.582590,0.868594,0.714607,0.883375,0.716401,78,49,47,36,0,0,1,0,1483,1185,950,773
2026/02/05/15:43:54,4862.583168,0.868594,0.714607,0.883375,0.716401,78,49,47,36,0,0,1,0,1483,1185,950,773
2026/02/05/15:43:55,4863.583757,0.868594,0.714607,0.883375,0.716401,78,49,47,36,0,0,1,0,1483,1185,950,773
2026/02/05/15:43:56,4864.584447,0.868594,0.714607,0.883375,0.716401,78,49,47,36,0,0,1,0,1483,1185,950,773
2026/02/05/15:43:57,4865.585015,0.868594,0.714607,0.883375,0.716401,78,49,47,36,0,0,1,0,1483,1185,950,773
2026/02/05/15:43:58,4866.585620,0.868594,0.714607,0.883375,0.716401,78,49,47,36,0,0,1,0,1483,1185,950,773
2026/02/05/15:43:59,4867.586244,0.851156,0.707905,0.865938,0.709699,75,49,47,36,0,0,1,0,1486,1185,950,773
2026/02/05/15:44:00,4868.586831,0.851156,0.707905,0.865938,0.709699,75,49,47,36,0,0,1,0,1486,1185,950,773
2026/02/05/15:44:01,4869.587362,0.860625,0.723833,0.875406,0.725627,76,52,47,36,0,0,1,0,1486,1185,950,773
2026/02/05/15:44:02,4870.587915,0.860625,0.723833,0.875406,0.725627,76,52,47,36,0,0,1,0,1486,1185,950,773
2026/02/05/15:44:03,4871.588460,0.879812,0.737114,0.894594,0.738908,78,53,47,36,0,0,1,0,1486,1186,950,773
2026/02/05/15:44:04,4872.588920,0.891906,0.747127,0.906687,0.748920,80,52,49,36,0,0,1,0,1486,1188,950,773
2026/02/05/15:44:05,4873.589552,0.889687,0.732256,0.904469,0.734050,79,52,49,36,0,0,1,0,1487,1188,950,773
2026/02/05/15:44:06,4874.635366,0.889687,0.732256,0.904469,0.734050,79,52,49,36,0,0,1,0,1487,1188,950,773
2026/02/05/15:44:07,4875.635981,0.882687,0.725595,0.897469,0.727389,77,52,49,36,0,0,1,0,1489,1188,950,773
2026/02/05/15:44:08,4876.656175,0.878906,0.719637,0.893687,0.721431,77,52,48,36,0,0,1,0,1489,1188,952,773
2026/02/05/15:44:09,4877.656337,0.905156,0.768406,0.919937,0.770200,82,52,50,38,0,0,1,0,1489,1188,952,773
2026/02/05/15:44:10,4878.656648,0.892938,0.764555,0.918344,0.768412,81,52,49,38,1,0,1,0,1491,1188,953,773
2026/02/05/15:44:11,4879.657412,0.888563,0.762947,0.913969,0.766804,80,52,49,38,1,0,1,0,1492,1188,953,773
2026/02/05/15:44:12,4880.658166,0.885469,0.747850,0.910875,0.751707,79,52,49,38,1,0,1,0,1493,1188,953,773
2026/02/05/15:44:13,4881.658824,0.879156,0.741418,0.904563,0.745275,79,52,47,38,1,0,1,0,1493,1188,955,773
2026/02/05/15:44:14,4882.659550,0.873531,0.738206,0.898937,0.742063,77,52,47,38,1,0,1,0,1495,1188,955,773
2026/02/05/15:44:15,4883.660217,0.879875,0.737352,0.894656,0.739145,78,51,47,38,0,0,1,0,1495,1189,955,773
2026/02/05/15:44:16,4884.660856,0.873812,0.732356,0.888594,0.734150,78,51,47,36,0,0,1,0,1495,1189,955,775
2026/02/05/15:44:17,4885.661534,0.866344,0.712840,0.881125,0.714633,75,51,47,36,0,0,1,0,1498,1189,955,775
2026/02/05/15:44:18,4886.662135,0.866344,0.712840,0.881125,0.714633,75,51,47,36,0,0,1,0,1498,1189,955,775
2026/02/05/15:44:19,4887.662882,0.866344,0.712840,0.881125,0.714633,75,51,47,36,0,0,1,0,1498,1189,955,775
2026/02/05/15:44:20,4888.663606,0.866344,0.712840,0.881125,0.714633,75,51,47,36,0,0,1,0,1498,1189,955,775
2026/02/05/15:44:21,4889.664136,0.866344,0.712840,0.881125,0.714633,75,51,47,36,0,0,1,0,1498,1189,955,775
2026/02/05/15:44:22,4890.664900,0.874125,0.724119,0.888906,0.725913,78,51,47,36,0,0,1,0,1498,1189,955,775
2026/02/05/15:44:23,4891.665490,0.874125,0.724119,0.888906,0.725913,78,51,47,36,0,0,1,0,1498,1189,955,775
2026/02/05/15:44:24,4892.666033,0.874125,0.724119,0.888906,0.725913,78,51,47,36,0,0,1,0,1498,1189,955,775
2026/02/05/15:44:25,4893.666593,0.874125,0.724119,0.888906,0.725913,78,51,47,36,0,0,1,0,1498,1189,955,775
2026/02/05/15:44:26,4894.667216,0.874125,0.724119,0.888906,0.725913,78,51,47,36,0,0,1,0,1498,1189,955,775
2026/02/05/15:44:27,4895.667788,0.857875,0.720305,0.872656,0.722099,78,49,47,36,0,0,1,0,1498,1191,955,775
2026/02/05/15:44:28,4896.668457,0.890062,0.749267,0.904844,0.751060,81,51,47,36,0,0,1,0,1500,1191,955,775
2026/02/05/15:44:29,4897.669055,0.890062,0.749267,0.904844,0.751060,81,51,47,36,0,0,1,0,1500,1191,955,775
2026/02/05/15:44:30,4898.669715,0.890062,0.749267,0.904844,0.751060,81,51,47,36,0,0,1,0,1500,1191,955,775
2026/02/05/15:44:31,4899.670165,0.892344,0.753400,0.907125,0.755194,83,50,47,37,0,0,1,0,1501,1192,955,775
2026/02/05/15:44:32,4900.670581,0.877938,0.742370,0.892719,0.744163,81,50,46,37,0,0,1,0,1503,1192,956,775
2026/02/05/15:44:33,4901.671384,0.874563,0.736231,0.889344,0.738025,79,50,46,37,0,0,1,0,1505,1192,956,775
2026/02/05/15:44:34,4902.672063,0.884250,0.742515,0.899031,0.744309,79,50,46,39,0,0,1,0,1505,1192,956,775
2026/02/05/15:44:35,4903.672623,0.884375,0.745661,0.899156,0.747454,79,49,47,39,0,0,1,0,1505,1193,956,775
2026/02/05/15:44:36,4904.673198,0.884375,0.745661,0.899156,0.747454,79,49,47,39,0,0,1,0,1505,1193,956,775
2026/02/05/15:44:37,4905.673770,0.882687,0.736647,0.897469,0.738441,78,49,47,39,0,0,1,0,1506,1193,956,775
2026/02/05/15:44:38,4906.674433,0.882687,0.736647,0.897469,0.738441,78,49,47,39,0,0,1,0,1506,1193,956,775
2026/02/05/15:44:39,4907.675152,0.880906,0.730837,0.895687,0.732630,78,49,46,39,0,0,1,0,1506,1193,957,775
2026/02/05/15:44:40,4908.675818,0.871219,0.724553,0.886000,0.726346,78,49,46,37,0,0,1,0,1506,1193,957,777
2026/02/05/15:44:41,4909.683220,0.871219,0.724553,0.886000,0.726346,78,49,46,37,0,0,1,0,1506,1193,957,777
2026/02/05/15:44:42,4910.684006,0.871219,0.724553,0.886000,0.726346,78,49,46,37,0,0,1,0,1506,1193,957,777
2026/02/05/15:44:43,4911.684693,0.871219,0.724553,0.886000,0.726346,78,49,46,37,0,0,1,0,1506,1193,957,777
2026/02/05/15:44:44,4912.685254,0.872906,0.727817,0.887687,0.729611,79,49,46,37,0,0,1,0,1506,1193,957,777
2026/02/05/15:44:45,4913.685841,0.872906,0.727817,0.887687,0.729611,79,49,46,37,0,0,1,0,1506,1193,957,777
2026/02/05/15:44:46,4914.686482,0.871000,0.718800,0.885781,0.720594,78,49,46,37,0,0,1,0,1507,1193,957,777
2026/02/05/15:44:47,4915.687272,0.871000,0.718800,0.885781,0.720594,78,49,46,37,0,0,1,0,1507,1193,957,777
2026/02/05/15:44:48,4916.687899,0.869313,0.715536,0.884094,0.717329,77,49,46,37,0,0,1,0,1508,1193,957,777
2026/02/05/15:44:49,4917.688540,0.869313,0.715536,0.884094,0.717329,77,49,46,37,0,0,1,0,1508,1193,957,777
2026/02/05/15:44:50,4918.689110,0.869313,0.715536,0.884094,0.717329,77,49,46,37,0,0,1,0,1508,1193,957,777
2026/02/05/15:44:51,4919.689829,0.865750,0.706618,0.880531,0.708412,77,49,46,35,0,0,1,0,1508,1193,957,779
2026/02/05/15:44:52,4920.690696,0.865750,0.706618,0.880531,0.708412,77,49,46,35,0,0,1,0,1508,1193,957,779
2026/02/05/15:44:53,4921.691439,0.862437,0.701488,0.877219,0.703282,77,47,46,35,0,0,1,0,1508,1195,957,779
2026/02/05/15:44:54,4922.692225,0.862437,0.701488,0.877219,0.703282,77,47,46,35,0,0,1,0,1508,1195,957,779
2026/02/05/15:44:55,4923.692959,0.865906,0.703904,0.884156,0.708114,77,48,46,35,0,1,1,0,1508,1195,957,779
2026/02/05/15:44:56,4924.693628,0.869375,0.706320,0.884156,0.708114,77,49,46,35,0,0,1,0,1508,1195,957,779
2026/02/05/15:44:57,4925.694114,0.858250,0.701249,0.873031,0.703042,75,49,46,35,0,0,1,0,1510,1195,957,779
2026/02/05/15:44:58,4926.694886,0.858250,0.701249,0.873031,0.703042,75,49,46,35,0,0,1,0,1510,1195,957,779
2026/02/05/15:44:59,4927.695769,0.858250,0.701249,0.873031,0.703042,75,49,46,35,0,0,1,0,1510,1195,957,779
2026/02/05/15:45:00,4928.696446,0.858250,0.701249,0.873031,0.703042,75,49,46,35,0,0,1,0,1510,1195,957,779
2026/02/05/15:45:01,4929.696819,0.858250,0.701249,0.873031,0.703042,75,49,46,35,0,0,1,0,1510,1195,957,779
2026/02/05/15:45:02,4930.697648,0.858250,0.701249,0.873031,0.703042,75,49,46,35,0,0,1,0,1510,1195,957,779
2026/02/05/15:45:03,4931.698436,0.858250,0.701249,0.873031,0.703042,75,49,46,35,0,0,1,0,1510,1195,957,779
2026/02/05/15:45:04,4932.699169,0.858250,0.701249,0.873031,0.703042,75,49,46,35,0,0,1,0,1510,1195,957,779
2026/02/05/15:45:05,4933.699973,0.858250,0.701249,0.873031,0.703042,75,49,46,35,0,0,1,0,1510,1195,957,779
2026/02/05/15:45:06,4934.700722,0.858250,0.701249,0.873031,0.703042,75,49,46,35,0,0,1,0,1510,1195,957,779
2026/02/05/15:45:07,4935.701337,0.858250,0.701249,0.873031,0.703042,75,49,46,35,0,0,1,0,1510,1195,957,779
2026/02/05/15:45:08,4936.702074,0.858250,0.701249,0.873031,0.703042,75,49,46,35,0,0,1,0,1510,1195,957,779
2026/02/05/15:45:09,4937.702688,0.858250,0.701249,0.873031,0.703042,75,49,46,35,0,0,1,0,1510,1195,957,779
2026/02/05/15:45:10,4938.703521,0.858250,0.701249,0.873031,0.703042,75,49,46,35,0,0,1,0,1510,1195,957,779
2026/02/05/15:45:11,4939.704160,0.858250,0.701249,0.873031,0.703042,75,49,46,35,0,0,1,0,1510,1195,957,779
2026/02/05/15:45:12,4940.704918,0.858250,0.701249,0.873031,0.703042,75,49,46,35,0,0,1,0,1510,1195,957,779
2026/02/05/15:45:13,4941.705544,0.851313,0.696416,0.866094,0.698210,75,47,46,35,0,0,1,0,1510,1197,957,779
2026/02/05/15:45:14,4942.706337,0.849625,0.694650,0.864406,0.696444,75,47,45,35,0,0,1,0,1510,1197,958,779
2026/02/05/15:45:15,4943.707138,0.849625,0.694650,0.864406,0.696444,75,47,45,35,0,0,1,0,1510,1197,958,779
2026/02/05/15:45:16,4944.707692,0.849625,0.694650,0.864406,0.696444,75,47,45,35,0,0,1,0,1510,1197,958,779
2026/02/05/15:45:17,4945.708297,0.849625,0.694650,0.864406,0.696444,75,47,45,35,0,0,1,0,1510,1197,958,779
2026/02/05/15:45:18,4946.709144,0.849625,0.694650,0.864406,0.696444,75,47,45,35,0,0,1,0,1510,1197,958,779
2026/02/05/15:45:19,4947.709605,0.849625,0.694650,0.864406,0.696444,75,47,45,35,0,0,1,0,1510,1197,958,779
2026/02/05/15:45:20,4948.710278,0.849625,0.694650,0.864406,0.696444,75,47,45,35,0,0,1,0,1510,1197,958,779
2026/02/05/15:45:22,4949.827414,0.849625,0.694650,0.864406,0.696444,75,47,45,35,0,0,1,0,1510,1197,958,779
2026/02/05/15:45:23,4950.827931,0.834313,0.690551,0.834313,0.690551,75,44,46,35,0,0,0,0,1511,1200,958,779
2026/02/05/15:45:24,4951.828583,0.834313,0.690551,0.834313,0.690551,75,44,46,35,0,0,0,0,1511,1200,958,779
2026/02/05/15:45:25,4952.829342,0.834313,0.690551,0.834313,0.690551,75,44,46,35,0,0,0,0,1511,1200,958,779
2026/02/05/15:45:26,4953.829869,0.834313,0.690551,0.834313,0.690551,75,44,46,35,0,0,0,0,1511,1200,958,779
2026/02/05/15:45:27,4954.830644,0.834313,0.690551,0.834313,0.690551,75,44,46,35,0,0,0,0,1511,1200,958,779
2026/02/05/15:45:28,4955.831167,0.879625,0.734971,0.879625,0.734971,77,45,52,36,0,0,0,0,1511,1200,958,779
2026/02/05/15:45:29,4956.831904,0.899156,0.751598,0.917000,0.759865,79,46,52,40,1,2,0,0,1511,1200,958,779
2026/02/05/15:45:30,4957.832542,0.911813,0.765969,0.926156,0.774734,80,49,52,42,1,0,0,0,1514,1200,958,779
2026/02/05/15:45:31,4958.833336,0.879906,0.726238,0.908594,0.743767,79,49,46,42,2,0,0,0,1515,1200,964,779
2026/02/05/15:45:32,4959.833834,0.884719,0.728394,0.899062,0.737158,78,49,46,41,1,0,0,0,1517,1200,964,780
2026/02/05/15:45:33,4960.834579,0.877531,0.713584,0.891875,0.722349,76,49,46,41,1,0,0,0,1519,1200,964,780
2026/02/05/15:45:34,4961.835346,0.863875,0.718343,0.863875,0.718343,75,49,46,41,0,0,0,0,1521,1200,964,780
2026/02/05/15:45:35,4962.835979,0.863875,0.718343,0.863875,0.718343,75,49,46,41,0,0,0,0,1521,1200,964,780
2026/02/05/15:45:36,4963.836714,0.844375,0.706987,0.844375,0.706987,75,47,46,38,0,0,0,0,1521,1202,964,783
2026/02/05/15:45:37,4964.837552,0.844375,0.706987,0.844375,0.706987,75,47,46,38,0,0,0,0,1521,1202,964,783
2026/02/05/15:45:38,4965.838332,0.844375,0.706987,0.844375,0.706987,75,47,46,38,0,0,0,0,1521,1202,964,783
2026/02/05/15:45:39,4966.839177,0.844375,0.706987,0.844375,0.706987,75,47,46,38,0,0,0,0,1521,1202,964,783
2026/02/05/15:45:40,4967.839837,0.831875,0.701637,0.831875,0.701637,75,45,46,38,0,0,0,0,1521,1204,964,783
2026/02/05/15:45:41,4968.847106,0.824688,0.698300,0.824688,0.698300,73,45,46,38,0,0,0,0,1523,1204,964,783
2026/02/05/15:45:42,4969.847733,0.824688,0.698300,0.824688,0.698300,73,45,46,38,0,0,0,0,1523,1204,964,783
2026/02/05/15:45:43,4970.848583,0.824688,0.698300,0.824688,0.698300,73,45,46,38,0,0,0,0,1523,1204,964,783
2026/02/05/15:45:44,4971.849425,0.822469,0.696100,0.822469,0.696100,73,44,46,38,0,0,0,0,1523,1205,964,783
2026/02/05/15:45:45,4972.850168,0.822469,0.696100,0.822469,0.696100,73,44,46,38,0,0,0,0,1523,1205,964,783
2026/02/05/15:45:46,4973.850988,0.822469,0.696100,0.822469,0.696100,73,44,46,38,0,0,0,0,1523,1205,964,783
2026/02/05/15:45:47,4974.851765,0.822469,0.696100,0.822469,0.696100,73,44,46,38,0,0,0,0,1523,1205,964,783
2026/02/05/15:45:48,4975.852610,0.826250,0.700386,0.826250,0.700386,73,46,46,38,0,0,0,0,1523,1205,964,783
2026/02/05/15:45:49,4976.853319,0.826250,0.700386,0.826250,0.700386,73,46,46,38,0,0,0,0,1523,1205,964,783
2026/02/05/15:45:50,4977.854129,0.816813,0.693656,0.816813,0.693656,72,44,46,38,0,0,0,0,1524,1207,964,783
2026/02/05/15:45:51,4978.854768,0.816813,0.693656,0.816813,0.693656,72,44,46,38,0,0,0,0,1524,1207,964,783
2026/02/05/15:45:52,4979.855571,0.816813,0.693656,0.816813,0.693656,72,44,46,38,0,0,0,0,1524,1207,964,783
2026/02/05/15:45:53,4980.856525,0.816813,0.693656,0.816813,0.693656,72,44,46,38,0,0,0,0,1524,1207,964,783
2026/02/05/15:45:54,4981.857479,0.816813,0.693656,0.816813,0.693656,72,44,46,38,0,0,0,0,1524,1207,964,783
2026/02/05/15:45:55,4982.858227,0.816813,0.693656,0.816813,0.693656,72,44,46,38,0,0,0,0,1524,1207,964,783
2026/02/05/15:45:56,4983.858888,0.816813,0.693656,0.816813,0.693656,72,44,46,38,0,0,0,0,1524,1207,964,783
2026/02/05/15:45:57,4984.859639,0.816813,0.693656,0.816813,0.693656,72,44,46,38,0,0,0,0,1524,1207,964,783
2026/02/05/15:45:58,4985.860364,0.816813,0.693656,0.816813,0.693656,72,44,46,38,0,0,0,0,1524,1207,964,783
2026/02/05/15:45:59,4986.861002,0.849562,0.712176,0.849562,0.712176,75,45,48,38,0,0,0,0,1524,1207,964,783
2026/02/05/15:46:00,4987.861815,0.849562,0.712176,0.849562,0.712176,75,45,48,38,0,0,0,0,1524,1207,964,783
2026/02/05/15:46:01,4988.862488,0.857000,0.722380,0.857000,0.722380,75,48,49,38,0,0,0,0,1524,1207,964,783
2026/02/05/15:46:02,4989.863045,0.852469,0.739671,0.852469,0.739671,77,48,49,35,0,0,0,0,1525,1207,964,786
2026/02/05/15:46:03,4990.863882,0.860406,0.744495,0.860406,0.744495,77,50,49,35,0,0,0,0,1525,1207,964,786
2026/02/05/15:46:04,4991.864372,0.857062,0.742901,0.857062,0.742901,77,50,48,35,0,0,0,0,1525,1207,965,786
2026/02/05/15:46:05,4992.865025,0.834187,0.723925,0.834187,0.723925,74,47,48,35,0,0,0,0,1528,1210,965,786
2026/02/05/15:46:06,4993.865931,0.834187,0.723925,0.834187,0.723925,74,47,48,35,0,0,0,0,1528,1210,965,786
2026/02/05/15:46:07,4994.866745,0.834187,0.723925,0.834187,0.723925,74,47,48,35,0,0,0,0,1528,1210,965,786
2026/02/05/15:46:08,4995.867638,0.834187,0.723925,0.834187,0.723925,74,47,48,35,0,0,0,0,1528,1210,965,786
2026/02/05/15:46:09,4996.868217,0.825875,0.700025,0.825875,0.700025,72,47,48,35,0,0,0,0,1530,1210,965,786
2026/02/05/15:46:10,4997.869001,0.825875,0.700025,0.825875,0.700025,72,47,48,35,0,0,0,0,1530,1210,965,786
2026/02/05/15:46:11,4998.869648,0.822063,0.695438,0.822063,0.695438,71,47,48,35,0,0,0,0,1531,1210,965,786
2026/02/05/15:46:12,4999.870416,0.822063,0.695438,0.822063,0.695438,71,47,48,35,0,0,0,0,1531,1210,965,786
2026/02/05/15:46:13,5000.871178,0.822063,0.695438,0.822063,0.695438,71,47,48,35,0,0,0,0,1531,1210,965,786
2026/02/05/15:46:14,5001.871985,0.819875,0.693768,0.819875,0.693768,71,47,48,34,0,0,0,0,1531,1210,965,787
2026/02/05/15:46:15,5002.872598,0.819875,0.693768,0.819875,0.693768,71,47,48,34,0,0,0,0,1531,1210,965,787
2026/02/05/15:46:16,5003.873474,0.819875,0.693768,0.819875,0.693768,71,47,48,34,0,0,0,0,1531,1210,965,787
2026/02/05/15:46:17,5004.874259,0.819875,0.693768,0.819875,0.693768,71,47,48,34,0,0,0,0,1531,1210,965,787
2026/02/05/15:46:18,5005.875073,0.819875,0.693768,0.819875,0.693768,71,47,48,34,0,0,0,0,1531,1210,965,787
2026/02/05/15:46:19,5006.875899,0.819875,0.693768,0.819875,0.693768,71,47,48,34,0,0,0,0,1531,1210,965,787
2026/02/05/15:46:20,5007.876452,0.819875,0.693768,0.819875,0.693768,71,47,48,34,0,0,0,0,1531,1210,965,787
2026/02/05/15:46:21,5008.877281,0.819875,0.693768,0.819875,0.693768,71,47,48,34,0,0,0,0,1531,1210,965,787
2026/02/05/15:46:22,5009.878132,0.811937,0.688945,0.811937,0.688945,71,45,48,34,0,0,0,0,1531,1212,965,787
2026/02/05/15:46:23,5010.878673,0.811937,0.688945,0.811937,0.688945,71,45,48,34,0,0,0,0,1531,1212,965,787
2026/02/05/15:46:24,5011.879160,0.811937,0.688945,0.811937,0.688945,71,45,48,34,0,0,0,0,1531,1212,965,787
2026/02/05/15:46:25,5012.879883,0.811937,0.688945,0.811937,0.688945,71,45,48,34,0,0,0,0,1531,1212,965,787
2026/02/05/15:46:26,5013.880417,0.811937,0.688945,0.811937,0.688945,71,45,48,34,0,0,0,0,1531,1212,965,787
2026/02/05/15:46:27,5014.880990,0.811937,0.688945,0.811937,0.688945,71,45,48,34,0,0,0,0,1531,1212,965,787
2026/02/05/15:46:28,5015.881671,0.811937,0.688945,0.811937,0.688945,71,45,48,34,0,0,0,0,1531,1212,965,787
2026/02/05/15:46:29,5016.882325,0.811937,0.688945,0.811937,0.688945,71,45,48,34,0,0,0,0,1531,1212,965,787
2026/02/05/15:46:30,5017.882955,0.811937,0.688945,0.811937,0.688945,71,45,48,34,0,0,0,0,1531,1212,965,787
2026/02/05/15:46:31,5018.883555,0.811937,0.688945,0.823156,0.704575,71,45,48,34,1,0,3,0,1531,1212,965,787
2026/02/05/15:46:32,5019.884163,0.833531,0.718316,0.833531,0.718316,72,47,54,34,0,0,0,0,1531,1212,965,787
2026/02/05/15:46:33,5020.884797,0.831344,0.714872,0.831344,0.714872,72,47,53,34,0,0,0,0,1531,1212,966,787
2026/02/05/15:46:34,5021.885462,0.831344,0.714872,0.831344,0.714872,72,47,53,34,0,0,0,0,1531,1212,966,787
2026/02/05/15:46:35,5022.886365,0.826594,0.710352,0.826594,0.710352,72,45,53,34,0,0,0,0,1531,1214,966,787
2026/02/05/15:46:36,5023.887170,0.813813,0.693765,0.813813,0.693765,71,43,53,34,0,0,0,0,1532,1216,966,787
2026/02/05/15:46:37,5024.887982,0.813813,0.693765,0.813813,0.693765,71,43,53,34,0,0,0,0,1532,1216,966,787
2026/02/05/15:46:38,5025.888602,0.808187,0.684544,0.808187,0.684544,71,43,50,34,0,0,0,0,1532,1216,969,787
2026/02/05/15:46:39,5026.889332,0.808187,0.684544,0.808187,0.684544,71,43,50,34,0,0,0,0,1532,1216,969,787
2026/02/05/15:46:40,5027.889913,0.808187,0.684544,0.808187,0.684544,71,43,50,34,0,0,0,0,1532,1216,969,787
2026/02/05/15:46:41,5028.890783,0.808187,0.684544,0.808187,0.684544,71,43,50,34,0,0,0,0,1532,1216,969,787
2026/02/05/15:46:42,5029.891574,0.808187,0.684544,0.808187,0.684544,71,43,50,34,0,0,0,0,1532,1216,969,787
2026/02/05/15:46:43,5030.892313,0.808187,0.684544,0.808187,0.684544,71,43,50,34,0,0,0,0,1532,1216,969,787
2026/02/05/15:46:44,5031.893126,0.808187,0.684544,0.808187,0.684544,71,43,50,34,0,0,0,0,1532,1216,969,787
2026/02/05/15:46:45,5032.893883,0.808187,0.684544,0.808187,0.684544,71,43,50,34,0,0,0,0,1532,1216,969,787
2026/02/05/15:46:46,5033.894774,0.808187,0.684544,0.808187,0.684544,71,43,50,34,0,0,0,0,1532,1216,969,787
2026/02/05/15:46:47,5034.895433,0.808187,0.684544,0.808187,0.684544,71,43,50,34,0,0,0,0,1532,1216,969,787
2026/02/05/15:46:48,5035.896229,0.808187,0.684544,0.808187,0.684544,71,43,50,34,0,0,0,0,1532,1216,969,787
2026/02/05/15:46:49,5036.897029,0.808187,0.684544,0.808187,0.684544,71,43,50,34,0,0,0,0,1532,1216,969,787
2026/02/05/15:46:50,5037.897736,0.808187,0.684544,0.808187,0.684544,71,43,50,34,0,0,0,0,1532,1216,969,787
2026/02/05/15:46:51,5038.898431,0.808187,0.684544,0.808187,0.684544,71,43,50,34,0,0,0,0,1532,1216,969,787
2026/02/05/15:46:52,5039.899172,0.808187,0.684544,0.808187,0.684544,71,43,50,34,0,0,0,0,1532,1216,969,787
2026/02/05/15:46:53,5040.899763,0.850906,0.718321,0.861406,0.721134,75,45,53,36,0,1,0,0,1532,1216,969,787
2026/02/05/15:46:54,5041.900532,0.856969,0.724750,0.867469,0.727563,78,45,53,36,0,1,0,0,1532,1216,969,787
2026/02/05/15:46:55,5042.901079,0.861187,0.730945,0.871687,0.733759,78,47,55,34,0,1,0,0,1532,1216,970,789
2026/02/05/15:46:56,5043.901794,0.859344,0.724326,0.859344,0.724326,75,48,54,34,0,0,0,0,1535,1216,971,789
2026/02/05/15:46:57,5044.902555,0.855906,0.715522,0.855906,0.715522,75,46,54,34,0,0,0,0,1535,1218,971,789
2026/02/05/15:46:58,5045.903254,0.853313,0.712153,0.853313,0.712153,75,46,53,34,0,0,0,0,1535,1218,972,789
2026/02/05/15:46:59,5046.903932,0.841594,0.700286,0.841594,0.700286,75,46,51,31,0,0,0,0,1535,1218,974,792
2026/02/05/15:47:00,5047.904444,0.836719,0.692647,0.836719,0.692647,73,46,51,31,0,0,0,0,1537,1218,974,792
2026/02/05/15:47:01,5048.905167,0.836719,0.692647,0.836719,0.692647,73,46,51,31,0,0,0,0,1537,1218,974,792
2026/02/05/15:47:02,5049.905838,0.836719,0.692647,0.836719,0.692647,73,46,51,31,0,0,0,0,1537,1218,974,792
2026/02/05/15:47:03,5050.906741,0.836719,0.692647,0.836719,0.692647,73,46,51,31,0,0,0,0,1537,1218,974,792
2026/02/05/15:47:04,5051.907333,0.836719,0.692647,0.836719,0.692647,73,46,51,31,0,0,0,0,1537,1218,974,792
2026/02/05/15:47:05,5052.907867,0.836719,0.692647,0.836719,0.692647,73,46,51,31,0,0,0,0,1537,1218,974,792
2026/02/05/15:47:06,5053.908593,0.836719,0.692647,0.836719,0.692647,73,46,51,31,0,0,0,0,1537,1218,974,792
2026/02/05/15:47:07,5054.909163,0.818531,0.687143,0.818531,0.687143,70,46,51,31,0,0,0,0,1540,1218,974,792
2026/02/05/15:47:08,5055.909729,0.809281,0.676913,0.809281,0.676913,68,46,51,31,0,0,0,0,1542,1218,974,792
2026/02/05/15:47:09,5056.910468,0.809281,0.676913,0.809281,0.676913,68,46,51,31,0,0,0,0,1542,1218,974,792
2026/02/05/15:47:10,5057.911005,0.809281,0.676913,0.809281,0.676913,68,46,51,31,0,0,0,0,1542,1218,974,792
2026/02/05/15:47:11,5058.911636,0.801063,0.667752,0.801063,0.667752,66,46,48,31,0,0,0,0,1544,1218,977,792
2026/02/05/15:47:12,5059.912426,0.801063,0.667752,0.801063,0.667752,66,46,48,31,0,0,0,0,1544,1218,977,792
2026/02/05/15:47:13,5060.913108,0.790562,0.664938,0.790562,0.664938,66,45,48,31,0,0,0,0,1544,1219,977,792
2026/02/05/15:47:14,5061.913805,0.769563,0.659311,0.769563,0.659311,66,43,48,31,0,0,0,0,1544,1221,977,792
2026/02/05/15:47:15,5062.915583,0.769563,0.659311,0.769563,0.659311,66,43,48,31,0,0,0,0,1544,1221,977,792
2026/02/05/15:47:16,5063.916170,0.769563,0.659311,0.769563,0.659311,66,43,48,31,0,0,0,0,1544,1221,977,792
2026/02/05/15:47:17,5064.916919,0.769563,0.659311,0.769563,0.659311,66,43,48,31,0,0,0,0,1544,1221,977,792
2026/02/05/15:47:18,5065.917582,0.818937,0.702959,0.829969,0.707736,72,45,48,31,1,0,0,0,1544,1221,977,792
2026/02/05/15:47:19,5066.918258,0.829969,0.707736,0.829969,0.707736,73,45,48,31,0,0,0,0,1544,1221,977,792
2026/02/05/15:47:20,5067.918985,0.829969,0.707736,0.829969,0.707736,73,45,48,31,0,0,0,0,1544,1221,977,792
2026/02/05/15:47:21,5068.919659,0.795750,0.677549,0.795750,0.677549,70,43,48,31,0,0,0,0,1547,1223,977,792
2026/02/05/15:47:22,5069.920243,0.795750,0.677549,0.795750,0.677549,70,43,48,31,0,0,0,0,1547,1223,977,792
2026/02/05/15:47:23,5070.920990,0.795750,0.677549,0.795750,0.677549,70,43,48,31,0,0,0,0,1547,1223,977,792
2026/02/05/15:47:24,5071.921845,0.773687,0.667995,0.773687,0.667995,68,43,48,31,0,0,0,0,1549,1223,977,792
2026/02/05/15:47:25,5072.922567,0.767406,0.661695,0.767406,0.661695,68,43,48,28,0,0,0,0,1549,1223,977,795
2026/02/05/15:47:26,5073.923271,0.767406,0.661695,0.767406,0.661695,68,43,48,28,0,0,0,0,1549,1223,977,795
2026/02/05/15:47:27,5074.924165,0.767406,0.661695,0.767406,0.661695,68,43,48,28,0,0,0,0,1549,1223,977,795
2026/02/05/15:47:28,5075.924811,0.783094,0.666589,0.783094,0.666589,68,43,48,30,0,0,0,0,1549,1223,977,795
2026/02/05/15:47:29,5076.925316,0.783094,0.666589,0.783094,0.666589,68,43,48,30,0,0,0,0,1549,1223,977,795
2026/02/05/15:47:30,5077.925865,0.783094,0.666589,0.783094,0.666589,68,43,48,30,0,0,0,0,1549,1223,977,795
2026/02/05/15:47:31,5078.926431,0.767406,0.661695,0.767406,0.661695,68,43,48,28,0,0,0,0,1549,1223,977,797
2026/02/05/15:47:32,5079.926920,0.756156,0.655747,0.756156,0.655747,68,43,45,28,0,0,0,0,1549,1223,980,797
2026/02/05/15:47:33,5080.927492,0.756156,0.655747,0.756156,0.655747,68,43,45,28,0,0,0,0,1549,1223,980,797
2026/02/05/15:47:34,5081.928023,0.756156,0.655747,0.756156,0.655747,68,43,45,28,0,0,0,0,1549,1223,980,797
2026/02/05/15:47:35,5082.928930,0.754219,0.653708,0.754219,0.653708,68,43,44,28,0,0,0,0,1549,1223,981,797
2026/02/05/15:47:36,5083.929590,0.754219,0.653708,0.754219,0.653708,68,43,44,28,0,0,0,0,1549,1223,981,797
2026/02/05/15:47:37,5084.930268,0.754219,0.653708,0.754219,0.653708,68,43,44,28,0,0,0,0,1549,1223,981,797
2026/02/05/15:47:38,5085.930954,0.754219,0.653708,0.754219,0.653708,68,43,44,28,0,0,0,0,1549,1223,981,797
2026/02/05/15:47:39,5086.931527,0.754219,0.653708,0.754219,0.653708,68,43,44,28,0,0,0,0,1549,1223,981,797
2026/02/05/15:47:40,5087.932305,0.754219,0.653708,0.754219,0.653708,68,43,44,28,0,0,0,0,1549,1223,981,797
2026/02/05/15:47:41,5088.933168,0.754219,0.653708,0.754219,0.653708,68,43,44,28,0,0,0,0,1549,1223,981,797
2026/02/05/15:47:42,5089.933812,0.754219,0.653708,0.754219,0.653708,68,43,44,28,0,0,0,0,1549,1223,981,797
2026/02/05/15:47:43,5090.934568,0.754219,0.653708,0.754219,0.653708,68,43,44,28,0,0,0,0,1549,1223,981,797
2026/02/05/15:47:44,5091.935261,0.754219,0.653708,0.754219,0.653708,68,43,44,28,0,0,0,0,1549,1223,981,797
2026/02/05/15:47:45,5092.935984,0.754219,0.653708,0.754219,0.653708,68,43,44,28,0,0,0,0,1549,1223,981,797
2026/02/05/15:47:46,5093.936514,0.754219,0.653708,0.754219,0.653708,68,43,44,28,0,0,0,0,1549,1223,981,797
2026/02/05/15:47:47,5094.937293,0.754219,0.653708,0.754219,0.653708,68,43,44,28,0,0,0,0,1549,1223,981,797
2026/02/05/15:47:48,5095.937856,0.754219,0.653708,0.754219,0.653708,68,43,44,28,0,0,0,0,1549,1223,981,797
2026/02/05/15:47:49,5096.938709,0.754219,0.653708,0.754219,0.653708,68,43,44,28,0,0,0,0,1549,1223,981,797
2026/02/05/15:47:50,5097.939439,0.754219,0.653708,0.754219,0.653708,68,43,44,28,0,0,0,0,1549,1223,981,797
2026/02/05/15:47:51,5098.940265,0.754219,0.653708,0.754219,0.653708,68,43,44,28,0,0,0,0,1549,1223,981,797
2026/02/05/15:47:52,5099.940914,0.751156,0.650321,0.751156,0.650321,68,43,44,27,0,0,0,0,1549,1223,981,798
2026/02/05/15:47:53,5100.941594,0.772625,0.655145,0.772625,0.655145,68,46,44,27,0,0,0,0,1549,1223,981,798
2026/02/05/15:47:54,5101.942273,0.772625,0.655145,0.772625,0.655145,68,46,44,27,0,0,0,0,1549,1223,981,798
2026/02/05/15:47:55,5102.943031,0.779469,0.663438,0.779469,0.663438,68,46,45,29,0,0,0,0,1549,1223,981,798
2026/02/05/15:47:56,5103.943893,0.779469,0.663438,0.779469,0.663438,68,46,45,29,0,0,0,0,1549,1223,981,798
2026/02/05/15:47:57,5104.944811,0.779469,0.663438,0.779469,0.663438,68,46,45,29,0,0,0,0,1549,1223,981,798
2026/02/05/15:47:58,5105.945506,0.772875,0.697770,0.772875,0.697770,70,43,45,32,0,0,0,0,1549,1226,981,798
2026/02/05/15:47:59,5106.946361,0.772875,0.697770,0.772875,0.697770,70,43,45,32,0,0,0,0,1549,1226,981,798
2026/02/05/15:48:00,5107.947065,0.761437,0.684884,0.761437,0.684884,70,43,45,29,0,0,0,0,1549,1226,981,801
2026/02/05/15:48:01,5108.947663,0.796625,0.697875,0.796625,0.697875,71,43,48,31,0,0,0,0,1549,1226,983,801
2026/02/05/15:48:02,5109.948289,0.791562,0.692170,0.791562,0.692170,71,43,48,29,0,0,0,0,1549,1226,983,803
2026/02/05/15:48:03,5110.948890,0.789937,0.690525,0.789937,0.690525,71,43,47,29,0,0,0,0,1549,1226,984,803
2026/02/05/15:48:04,5111.949600,0.756437,0.655559,0.756437,0.655559,69,43,43,29,0,0,0,0,1551,1226,988,803
2026/02/05/15:48:05,5112.950186,0.756437,0.655559,0.756437,0.655559,69,43,43,29,0,0,0,0,1551,1226,988,803
2026/02/05/15:48:06,5113.950740,0.756437,0.655559,0.756437,0.655559,69,43,43,29,0,0,0,0,1551,1226,988,803
2026/02/05/15:48:07,5114.951306,0.756437,0.655559,0.756437,0.655559,69,43,43,29,0,0,0,0,1551,1226,988,803
2026/02/05/15:48:08,5115.951849,0.753188,0.653252,0.753188,0.653252,68,43,43,29,0,0,0,0,1552,1226,988,803
2026/02/05/15:48:09,5116.952498,0.753188,0.653252,0.753188,0.653252,68,43,43,29,0,0,0,0,1552,1226,988,803
2026/02/05/15:48:10,5117.953294,0.753188,0.653252,0.753188,0.653252,68,43,43,29,0,0,0,0,1552,1226,988,803
2026/02/05/15:48:11,5118.954274,0.753188,0.653252,0.753188,0.653252,68,43,43,29,0,0,0,0,1552,1226,988,803
2026/02/05/15:48:12,5119.955032,0.749062,0.644567,0.749062,0.644567,66,43,43,29,0,0,0,0,1554,1226,988,803
2026/02/05/15:48:13,5120.955593,0.753156,0.649797,0.755531,0.655535,66,44,43,29,0,0,0,1,1554,1226,988,803
2026/02/05/15:48:14,5121.956225,0.761781,0.660677,0.761781,0.660677,66,44,45,30,0,0,0,0,1554,1226,988,803
2026/02/05/15:48:15,5122.956907,0.761781,0.660677,0.761781,0.660677,66,44,45,30,0,0,0,0,1554,1226,988,803
2026/02/05/15:48:16,5123.957683,0.759406,0.654939,0.759406,0.654939,66,44,45,29,0,0,0,0,1554,1226,988,804
2026/02/05/15:48:17,5124.958473,0.759406,0.654939,0.759406,0.654939,66,44,45,29,0,0,0,0,1554,1226,988,804
2026/02/05/15:48:18,5125.959198,0.759406,0.654939,0.759406,0.654939,66,44,45,29,0,0,0,0,1554,1226,988,804
2026/02/05/15:48:19,5126.959802,0.759406,0.654939,0.759406,0.654939,66,44,45,29,0,0,0,0,1554,1226,988,804
2026/02/05/15:48:20,5127.960555,0.759406,0.654939,0.759406,0.654939,66,44,45,29,0,0,0,0,1554,1226,988,804
2026/02/05/15:48:21,5128.961424,0.753156,0.649797,0.753156,0.649797,66,44,43,29,0,0,0,0,1554,1226,990,804
2026/02/05/15:48:22,5129.961995,0.753156,0.649797,0.753156,0.649797,66,44,43,29,0,0,0,0,1554,1226,990,804
2026/02/05/15:48:23,5130.962683,0.749062,0.644567,0.749062,0.644567,66,43,43,29,0,0,0,0,1554,1227,990,804
2026/02/05/15:48:24,5131.963593,0.749062,0.644567,0.749062,0.644567,66,43,43,29,0,0,0,0,1554,1227,990,804
2026/02/05/15:48:25,5132.964374,0.749062,0.644567,0.749062,0.644567,66,43,43,29,0,0,0,0,1554,1227,990,804
2026/02/05/15:48:26,5133.965166,0.749062,0.644567,0.749062,0.644567,66,43,43,29,0,0,0,0,1554,1227,990,804
2026/02/05/15:48:27,5134.966039,0.749062,0.644567,0.749062,0.644567,66,43,43,29,0,0,0,0,1554,1227,990,804
2026/02/05/15:48:28,5135.966830,0.749062,0.644567,0.749062,0.644567,66,43,43,29,0,0,0,0,1554,1227,990,804
2026/02/05/15:48:29,5136.967748,0.749062,0.644567,0.749062,0.644567,66,43,43,29,0,0,0,0,1554,1227,990,804
2026/02/05/15:48:30,5137.968497,0.749062,0.644567,0.749062,0.644567,66,43,43,29,0,0,0,0,1554,1227,990,804
2026/02/05/15:48:31,5138.969205,0.763281,0.673729,0.763281,0.673729,67,43,45,31,0,0,0,0,1554,1227,990,804
2026/02/05/15:48:32,5139.969736,0.769031,0.689126,0.769031,0.689126,67,45,45,31,0,0,0,0,1554,1227,990,804
2026/02/05/15:48:33,5140.970626,0.769031,0.689126,0.769031,0.689126,67,45,45,31,0,0,0,0,1554,1227,990,804
2026/02/05/15:48:34,5141.971125,0.792188,0.712901,0.792188,0.712901,71,45,49,31,0,0,0,0,1554,1227,990,804
2026/02/05/15:48:35,5142.971721,0.792188,0.712901,0.792188,0.712901,71,45,49,31,0,0,0,0,1554,1227,990,804
2026/02/05/15:48:36,5143.972442,0.793625,0.705573,0.793625,0.705573,67,45,52,31,0,0,0,0,1558,1227,990,804
2026/02/05/15:48:37,5144.973149,0.793625,0.705573,0.793625,0.705573,67,45,52,31,0,0,0,0,1558,1227,990,804
2026/02/05/15:48:38,5145.973934,0.809375,0.729575,0.809375,0.729575,69,50,51,31,0,0,0,0,1558,1227,991,804
2026/02/05/15:48:39,5146.974584,0.809375,0.729575,0.809375,0.729575,69,50,51,31,0,0,0,0,1558,1227,991,804
2026/02/05/15:48:40,5147.975278,0.809375,0.729575,0.809375,0.729575,69,50,51,31,0,0,0,0,1558,1227,991,804
2026/02/05/15:48:41,5148.976078,0.801750,0.712147,0.801750,0.712147,69,48,51,31,0,0,0,0,1558,1229,991,804
2026/02/05/15:48:42,5149.976893,0.801750,0.712147,0.801750,0.712147,69,48,51,31,0,0,0,0,1558,1229,991,804
2026/02/05/15:48:43,5150.977564,0.801750,0.712147,0.801750,0.712147,69,48,51,31,0,0,0,0,1558,1229,991,804
2026/02/05/15:48:44,5151.978224,0.791063,0.705935,0.791063,0.705935,69,48,48,31,0,0,0,0,1558,1229,994,804
2026/02/05/15:48:45,5152.978838,0.781531,0.697119,0.781531,0.697119,69,45,47,31,0,0,0,0,1558,1232,995,804
2026/02/05/15:48:46,5153.979424,0.787625,0.705349,0.787625,0.705349,69,45,48,33,0,0,0,0,1558,1232,995,804
2026/02/05/15:48:47,5154.980348,0.773062,0.677764,0.773062,0.677764,69,45,45,31,0,0,0,0,1558,1232,998,806
2026/02/05/15:48:48,5155.981307,0.773062,0.677764,0.773062,0.677764,69,45,45,31,0,0,0,0,1558,1232,998,806
2026/02/05/15:48:49,5156.982025,0.771062,0.675251,0.771062,0.675251,69,45,44,31,0,0,0,0,1558,1232,999,806
2026/02/05/15:48:50,5157.982643,0.761344,0.665521,0.761344,0.665521,67,45,43,29,0,0,0,0,1560,1232,1000,808
2026/02/05/15:48:51,5158.983400,0.761344,0.665521,0.761344,0.665521,67,45,43,29,0,0,0,0,1560,1232,1000,808
2026/02/05/15:48:52,5159.984202,0.756000,0.662415,0.756000,0.662415,66,45,43,29,0,0,0,0,1561,1232,1000,808
2026/02/05/15:48:53,5160.984961,0.756000,0.662415,0.756000,0.662415,66,45,43,29,0,0,0,0,1561,1232,1000,808
2026/02/05/15:48:54,5161.985718,0.756000,0.662415,0.756000,0.662415,66,45,43,29,0,0,0,0,1561,1232,1000,808
2026/02/05/15:48:55,5162.986568,0.756000,0.662415,0.756000,0.662415,66,45,43,29,0,0,0,0,1561,1232,1000,808
2026/02/05/15:48:56,5163.987246,0.756000,0.662415,0.756000,0.662415,66,45,43,29,0,0,0,0,1561,1232,1000,808
2026/02/05/15:48:57,5164.988085,0.756000,0.662415,0.756000,0.662415,66,45,43,29,0,0,0,0,1561,1232,1000,808
2026/02/05/15:48:58,5165.988951,0.756000,0.662415,0.756000,0.662415,66,45,43,29,0,0,0,0,1561,1232,1000,808
2026/02/05/15:48:59,5166.989599,0.749000,0.653316,0.749000,0.653316,66,45,42,27,0,0,0,0,1561,1232,1001,810
2026/02/05/15:49:00,5167.990181,0.749000,0.653316,0.749000,0.653316,66,45,42,27,0,0,0,0,1561,1232,1001,810
2026/02/05/15:49:01,5168.990856,0.749000,0.653316,0.749000,0.653316,66,45,42,27,0,0,0,0,1561,1232,1001,810
2026/02/05/15:49:02,5169.991488,0.749000,0.653316,0.749000,0.653316,66,45,42,27,0,0,0,0,1561,1232,1001,810
2026/02/05/15:49:03,5170.992138,0.755906,0.673484,0.755906,0.673484,69,46,42,27,0,0,0,0,1561,1232,1001,810
2026/02/05/15:49:04,5171.992819,0.761469,0.678390,0.761469,0.678390,71,46,42,27,0,0,0,0,1561,1232,1001,810
2026/02/05/15:49:05,5172.993509,0.830750,0.713067,0.830750,0.713067,73,53,43,27,0,0,0,0,1561,1232,1001,810
2026/02/05/15:49:06,5173.994256,0.848094,0.715727,0.848094,0.715727,74,56,44,27,0,0,0,0,1561,1233,1001,810
2026/02/05/15:49:07,5174.994816,0.802250,0.693107,0.807187,0.698196,73,53,43,27,0,0,2,0,1562,1236,1002,810
2026/02/05/15:49:08,5175.995565,0.812312,0.710853,0.812312,0.710853,73,54,48,27,0,0,0,0,1562,1237,1002,810
2026/02/05/15:49:09,5176.996370,0.803687,0.714098,0.803687,0.714098,73,53,48,27,0,0,0,0,1562,1240,1002,810
2026/02/05/15:49:10,5177.997144,0.798156,0.706493,0.798156,0.706493,76,53,43,27,0,0,0,0,1562,1240,1007,810
2026/02/05/15:49:11,5178.997730,0.792781,0.700027,0.792781,0.700027,76,53,41,27,0,0,0,0,1562,1240,1009,810
2026/02/05/15:49:12,5179.998666,0.783594,0.691641,0.783594,0.691641,76,51,41,27,0,0,0,0,1562,1242,1009,810
2026/02/05/15:49:13,5180.999363,0.783594,0.691641,0.783594,0.691641,76,51,41,27,0,0,0,0,1562,1242,1009,810
2026/02/05/15:49:14,5182.000260,0.783594,0.691641,0.783594,0.691641,76,51,41,27,0,0,0,0,1562,1242,1009,810
2026/02/05/15:49:15,5183.001052,0.783594,0.691641,0.783594,0.691641,76,51,41,27,0,0,0,0,1562,1242,1009,810
2026/02/05/15:49:16,5184.001606,0.770469,0.677396,0.770469,0.677396,72,49,41,27,0,0,0,0,1566,1244,1009,810
2026/02/05/15:49:17,5185.002355,0.766344,0.669358,0.766344,0.669358,72,47,41,27,0,0,0,0,1566,1246,1009,810
2026/02/05/15:49:18,5186.003137,0.766344,0.669358,0.766344,0.669358,72,47,41,27,0,0,0,0,1566,1246,1009,810
2026/02/05/15:49:19,5187.003881,0.766344,0.669358,0.766344,0.669358,72,47,41,27,0,0,0,0,1566,1246,1009,810
2026/02/05/15:49:20,5188.004729,0.766344,0.669358,0.766344,0.669358,72,47,41,27,0,0,0,0,1566,1246,1009,810
2026/02/05/15:49:21,5189.005668,0.761094,0.663340,0.761094,0.663340,69,47,41,27,0,0,0,0,1569,1246,1009,810
2026/02/05/15:49:22,5190.006396,0.811063,0.676294,0.811063,0.676294,72,47,42,30,0,0,0,0,1570,1246,1009,810
2026/02/05/15:49:23,5191.007173,0.811063,0.676294,0.811063,0.676294,72,47,42,30,0,0,0,0,1570,1246,1009,810
2026/02/05/15:49:24,5192.008003,0.805500,0.671388,0.805500,0.671388,70,47,42,30,0,0,0,0,1572,1246,1009,810
2026/02/05/15:49:25,5193.008775,0.803406,0.667979,0.803406,0.667979,69,47,42,30,0,0,0,0,1573,1246,1009,810
2026/02/05/15:49:26,5194.009381,0.761625,0.659291,0.761625,0.659291,67,47,42,27,0,0,0,0,1575,1246,1009,813
2026/02/05/15:49:27,5195.009960,0.761625,0.659291,0.761625,0.659291,67,47,42,27,0,0,0,0,1575,1246,1009,813
2026/02/05/15:49:28,5196.010849,0.761625,0.659291,0.761625,0.659291,67,47,42,27,0,0,0,0,1575,1246,1009,813
2026/02/05/15:49:29,5197.011513,0.761625,0.659291,0.761625,0.659291,67,47,42,27,0,0,0,0,1575,1246,1009,813
2026/02/05/15:49:30,5198.012200,0.761625,0.659291,0.761625,0.659291,67,47,42,27,0,0,0,0,1575,1246,1009,813
2026/02/05/15:49:31,5199.012850,0.761625,0.659291,0.761625,0.659291,67,47,42,27,0,0,0,0,1575,1246,1009,813
2026/02/05/15:49:32,5200.013501,0.761625,0.659291,0.761625,0.659291,67,47,42,27,0,0,0,0,1575,1246,1009,813
2026/02/05/15:49:33,5201.014231,0.759156,0.657724,0.759156,0.657724,67,47,41,27,0,0,0,0,1575,1246,1010,813
2026/02/05/15:49:34,5202.014955,0.759156,0.657724,0.759156,0.657724,67,47,41,27,0,0,0,0,1575,1246,1010,813
2026/02/05/15:49:35,5203.015671,0.759156,0.657724,0.759156,0.657724,67,47,41,27,0,0,0,0,1575,1246,1010,813
2026/02/05/15:49:36,5204.016422,0.752656,0.652543,0.752656,0.652543,67,45,41,27,0,0,0,0,1575,1248,1010,813
2026/02/05/15:49:37,5205.017021,0.752656,0.652543,0.752656,0.652543,67,45,41,27,0,0,0,0,1575,1248,1010,813
2026/02/05/15:49:38,5206.017804,0.752656,0.652543,0.752656,0.652543,67,45,41,27,0,0,0,0,1575,1248,1010,813
2026/02/05/15:49:39,5207.018664,0.723969,0.635014,0.723969,0.635014,65,45,41,27,0,0,0,0,1577,1248,1010,813
2026/02/05/15:49:40,5208.019490,0.723969,0.635014,0.723969,0.635014,65,45,41,27,0,0,0,0,1577,1248,1010,813
2026/02/05/15:49:41,5209.020003,0.723969,0.635014,0.723969,0.635014,65,45,41,27,0,0,0,0,1577,1248,1010,813
2026/02/05/15:49:42,5210.020637,0.723969,0.635014,0.723969,0.635014,65,45,41,27,0,0,0,0,1577,1248,1010,813
2026/02/05/15:49:43,5211.021507,0.723969,0.635014,0.723969,0.635014,65,45,41,27,0,0,0,0,1577,1248,1010,813
2026/02/05/15:49:44,5212.022332,0.723969,0.635014,0.723969,0.635014,65,45,41,27,0,0,0,0,1577,1248,1010,813
2026/02/05/15:49:45,5213.023065,0.723969,0.635014,0.723969,0.635014,65,45,41,27,0,0,0,0,1577,1248,1010,813
2026/02/05/15:49:46,5214.023732,0.723969,0.635014,0.723969,0.635014,65,45,41,27,0,0,0,0,1577,1248,1010,813
2026/02/05/15:49:47,5215.024556,0.723969,0.635014,0.723969,0.635014,65,45,41,27,0,0,0,0,1577,1248,1010,813
2026/02/05/15:49:48,5216.025386,0.723969,0.635014,0.723969,0.635014,65,45,41,27,0,0,0,0,1577,1248,1010,813
2026/02/05/15:49:49,5217.026177,0.723969,0.635014,0.723969,0.635014,65,45,41,27,0,0,0,0,1577,1248,1010,813
2026/02/05/15:49:50,5218.026918,0.723969,0.635014,0.723969,0.635014,65,45,41,27,0,0,0,0,1577,1248,1010,813
2026/02/05/15:49:51,5219.027677,0.723969,0.635014,0.723969,0.635014,65,45,41,27,0,0,0,0,1577,1248,1010,813
2026/02/05/15:49:52,5220.028651,0.727906,0.639711,0.727906,0.639711,65,45,42,27,0,0,0,0,1577,1248,1010,813
2026/02/05/15:49:53,5221.029214,0.771344,0.650527,0.771344,0.650527,67,45,42,30,0,0,0,0,1577,1248,1010,813
2026/02/05/15:49:54,5222.030011,0.771344,0.650527,0.771344,0.650527,67,45,42,30,0,0,0,0,1577,1248,1010,813
2026/02/05/15:49:55,5223.030756,0.771344,0.650527,0.771344,0.650527,67,45,42,30,0,0,0,0,1577,1248,1010,813
2026/02/05/15:49:56,5224.031473,0.788906,0.676909,0.788906,0.676909,71,47,42,30,0,0,0,0,1577,1248,1010,813
2026/02/05/15:49:57,5225.032165,0.797719,0.681644,0.797719,0.681644,73,47,42,30,0,0,0,0,1577,1248,1010,813
2026/02/05/15:49:58,5226.032911,0.778094,0.660783,0.778094,0.660783,71,47,42,27,0,0,0,0,1579,1248,1010,816
2026/02/05/15:49:59,5227.033631,0.774156,0.656085,0.774156,0.656085,71,47,41,27,0,0,0,0,1579,1248,1011,816
2026/02/05/15:50:00,5228.034358,0.774156,0.656085,0.774156,0.656085,71,47,41,27,0,0,0,0,1579,1248,1011,816
2026/02/05/15:50:01,5229.035173,0.774156,0.656085,0.774156,0.656085,71,47,41,27,0,0,0,0,1579,1248,1011,816
2026/02/05/15:50:02,5230.035955,0.774156,0.656085,0.774156,0.656085,71,47,41,27,0,0,0,0,1579,1248,1011,816
2026/02/05/15:50:03,5231.036801,0.774156,0.656085,0.774156,0.656085,71,47,41,27,0,0,0,0,1579,1248,1011,816
2026/02/05/15:50:04,5232.037553,0.770656,0.649148,0.770656,0.649148,69,47,41,27,0,0,0,0,1581,1248,1011,816
2026/02/05/15:50:05,5233.038171,0.770656,0.649148,0.770656,0.649148,69,47,41,27,0,0,0,0,1581,1248,1011,816
2026/02/05/15:50:06,5234.038841,0.770656,0.649148,0.770656,0.649148,69,47,41,27,0,0,0,0,1581,1248,1011,816
2026/02/05/15:50:07,5235.039623,0.770656,0.649148,0.770656,0.649148,69,47,41,27,0,0,0,0,1581,1248,1011,816
2026/02/05/15:50:08,5236.040365,0.739781,0.645852,0.739781,0.645852,67,47,41,27,0,0,0,0,1583,1248,1011,816
2026/02/05/15:50:09,5237.041176,0.739781,0.645852,0.739781,0.645852,67,47,41,27,0,0,0,0,1583,1248,1011,816
2026/02/05/15:50:10,5238.041719,0.739781,0.645852,0.739781,0.645852,67,47,41,27,0,0,0,0,1583,1248,1011,816
2026/02/05/15:50:11,5239.042381,0.739781,0.645852,0.739781,0.645852,67,47,41,27,0,0,0,0,1583,1248,1011,816
2026/02/05/15:50:12,5240.043051,0.739781,0.645852,0.739781,0.645852,67,47,41,27,0,0,0,0,1583,1248,1011,816
2026/02/05/15:50:13,5241.043685,0.739781,0.645852,0.739781,0.645852,67,47,41,27,0,0,0,0,1583,1248,1011,816
2026/02/05/15:50:14,5242.044223,0.739781,0.645852,0.739781,0.645852,67,47,41,27,0,0,0,0,1583,1248,1011,816
2026/02/05/15:50:15,5243.044786,0.745406,0.650284,0.745406,0.650284,67,49,41,27,0,0,0,0,1583,1248,1011,816
2026/02/05/15:50:16,5244.045528,0.745406,0.650284,0.745406,0.650284,67,49,41,27,0,0,0,0,1583,1248,1011,816
2026/02/05/15:50:17,5245.046191,0.751219,0.667167,0.751219,0.667167,69,49,41,27,0,0,0,0,1583,1248,1011,816
2026/02/05/15:50:18,5246.046715,0.769813,0.675663,0.784813,0.690884,68,52,41,27,1,0,0,0,1585,1248,1011,816
2026/02/05/15:50:19,5247.047282,0.769813,0.675663,0.784813,0.690884,68,52,41,27,1,0,0,0,1585,1248,1011,816
2026/02/05/15:50:20,5248.048061,0.769813,0.675663,0.784813,0.690884,68,52,41,27,1,0,0,0,1585,1248,1011,816
2026/02/05/15:50:21,5249.048810,0.769813,0.675663,0.784813,0.690884,68,52,41,27,1,0,0,0,1585,1248,1011,816
2026/02/05/15:50:22,5250.049438,0.769813,0.675663,0.784813,0.690884,68,52,41,27,1,0,0,0,1585,1248,1011,816
2026/02/05/15:50:23,5251.050165,0.768719,0.682023,0.768719,0.682023,68,51,41,27,0,0,0,0,1586,1249,1011,816
2026/02/05/15:50:24,5252.052010,0.768719,0.682023,0.768719,0.682023,68,51,41,27,0,0,0,0,1586,1249,1011,816
2026/02/05/15:50:25,5253.052458,0.781969,0.725742,0.784719,0.727760,73,55,42,28,0,0,1,0,1587,1249,1011,816
2026/02/05/15:50:26,5254.053283,0.819875,0.743465,0.821469,0.746605,73,56,44,32,0,0,0,1,1587,1249,1011,816
2026/02/05/15:50:27,5255.054043,0.796687,0.731725,0.796687,0.731725,71,56,44,33,0,0,0,0,1589,1249,1011,819
2026/02/05/15:50:28,5256.054715,0.816312,0.765162,0.816312,0.765162,73,56,46,33,0,0,0,0,1589,1249,1011,819
2026/02/05/15:50:29,5257.055317,0.817250,0.761065,0.817250,0.761065,73,56,46,33,0,0,0,0,1589,1250,1011,819
2026/02/05/15:50:30,5258.055848,0.840906,0.754434,0.893437,0.774852,74,57,42,39,3,1,0,0,1589,1250,1015,819
2026/02/05/15:50:31,5259.056390,0.839063,0.763115,0.882844,0.772221,73,57,42,37,3,0,0,0,1590,1251,1015,822
2026/02/05/15:50:32,5260.056850,0.832000,0.751124,0.875781,0.760229,73,56,42,36,3,0,0,0,1590,1252,1015,823
2026/02/05/15:50:33,5261.057337,0.830656,0.719592,0.845250,0.722627,75,54,42,33,1,0,0,0,1590,1254,1015,826
2026/02/05/15:50:34,5262.057881,0.828469,0.713734,0.843063,0.716770,75,54,41,33,1,0,0,0,1590,1254,1016,826
2026/02/05/15:50:35,5263.058648,0.828469,0.713734,0.843063,0.716770,75,54,41,33,1,0,0,0,1590,1254,1016,826
2026/02/05/15:50:36,5264.059161,0.825031,0.707314,0.839625,0.710350,73,54,41,33,1,0,0,0,1592,1254,1016,826
2026/02/05/15:50:37,5265.059781,0.815562,0.700027,0.830156,0.703063,73,54,41,30,1,0,0,0,1592,1254,1016,829
2026/02/05/15:50:38,5266.060345,0.815562,0.700027,0.830156,0.703063,73,54,41,30,1,0,0,0,1592,1254,1016,829
2026/02/05/15:50:39,5267.060904,0.815562,0.700027,0.830156,0.703063,73,54,41,30,1,0,0,0,1592,1254,1016,829
2026/02/05/15:50:40,5268.061778,0.847750,0.737277,0.864625,0.742574,77,59,41,31,1,1,0,0,1593,1254,1016,830
2026/02/05/15:50:41,5269.062659,0.858781,0.750844,0.873375,0.753879,77,62,41,33,1,0,0,0,1593,1254,1016,830
2026/02/05/15:50:42,5270.063243,0.867000,0.738641,0.881594,0.741676,76,62,41,32,1,0,0,0,1594,1257,1016,831
2026/02/05/15:50:43,5271.064157,0.867000,0.738641,0.881594,0.741676,76,62,41,32,1,0,0,0,1594,1257,1016,831
2026/02/05/15:50:44,5272.064913,0.867000,0.738641,0.881594,0.741676,76,62,41,32,1,0,0,0,1594,1257,1016,831
2026/02/05/15:50:45,5273.065751,0.860719,0.726832,0.875313,0.729867,73,62,41,32,1,0,0,0,1597,1257,1016,831
2026/02/05/15:50:46,5274.066299,0.858313,0.724931,0.872906,0.727967,73,61,41,32,1,0,0,0,1597,1258,1016,831
2026/02/05/15:50:47,5275.066989,0.803719,0.706288,0.803719,0.706288,71,55,41,32,0,0,0,0,1599,1264,1016,831
2026/02/05/15:50:48,5276.067627,0.785094,0.695972,0.785094,0.695972,71,53,41,30,0,0,0,0,1599,1266,1016,833
2026/02/05/15:50:49,5277.068193,0.785094,0.695972,0.785094,0.695972,71,53,41,30,0,0,0,0,1599,1266,1016,833
2026/02/05/15:50:50,5278.068876,0.785094,0.695972,0.785094,0.695972,71,53,41,30,0,0,0,0,1599,1266,1016,833
2026/02/05/15:50:51,5279.069446,0.785094,0.695972,0.785094,0.695972,71,53,41,30,0,0,0,0,1599,1266,1016,833
2026/02/05/15:50:52,5280.070154,0.785094,0.695972,0.785094,0.695972,71,53,41,30,0,0,0,0,1599,1266,1016,833
2026/02/05/15:50:53,5281.070819,0.785094,0.695972,0.785094,0.695972,71,53,41,30,0,0,0,0,1599,1266,1016,833
2026/02/05/15:50:54,5282.071352,0.785094,0.695972,0.785094,0.695972,71,53,41,30,0,0,0,0,1599,1266,1016,833
2026/02/05/15:50:55,5283.072220,0.781031,0.679289,0.781031,0.679289,71,51,41,30,0,0,0,0,1599,1268,1016,833
2026/02/05/15:50:56,5284.072975,0.764906,0.672226,0.764906,0.672226,69,51,41,30,0,0,0,0,1601,1268,1016,833
2026/02/05/15:50:57,5285.073550,0.764906,0.672226,0.764906,0.672226,69,51,41,30,0,0,0,0,1601,1268,1016,833
2026/02/05/15:50:58,5286.074456,0.778125,0.700208,0.778125,0.700208,71,55,41,30,0,0,0,0,1601,1268,1016,833
2026/02/05/15:50:59,5287.075206,0.778125,0.700208,0.778125,0.700208,71,55,41,30,0,0,0,0,1601,1268,1016,833
2026/02/05/15:51:00,5288.076014,0.774844,0.693483,0.774844,0.693483,71,55,41,29,0,0,0,0,1601,1268,1016,834
2026/02/05/15:51:01,5289.076852,0.764156,0.673678,0.764156,0.673678,69,52,41,29,0,0,0,0,1603,1271,1016,834
2026/02/05/15:51:02,5290.077475,0.764156,0.673678,0.764156,0.673678,69,52,41,29,0,0,0,0,1603,1271,1016,834
2026/02/05/15:51:03,5291.078161,0.764156,0.673678,0.764156,0.673678,69,52,41,29,0,0,0,0,1603,1271,1016,834
2026/02/05/15:51:04,5292.078763,0.764156,0.673678,0.764156,0.673678,69,52,41,29,0,0,0,0,1603,1271,1016,834
2026/02/05/15:51:05,5293.079339,0.752844,0.669309,0.752844,0.669309,69,50,41,29,0,0,0,0,1603,1273,1016,834
2026/02/05/15:51:06,5294.079950,0.752844,0.669309,0.752844,0.669309,69,50,41,29,0,0,0,0,1603,1273,1016,834
2026/02/05/15:51:07,5295.080604,0.752844,0.669309,0.752844,0.669309,69,50,41,29,0,0,0,0,1603,1273,1016,834
2026/02/05/15:51:08,5296.081257,0.772531,0.679661,0.772531,0.679661,71,50,41,29,0,0,0,0,1603,1273,1016,834
2026/02/05/15:51:09,5297.082050,0.766719,0.672175,0.766719,0.672175,71,48,41,29,0,0,0,0,1603,1275,1016,834
2026/02/05/15:51:10,5298.082668,0.764719,0.663317,0.764719,0.663317,71,47,41,29,0,0,0,0,1603,1276,1016,834
2026/02/05/15:51:11,5299.083367,0.764719,0.663317,0.764719,0.663317,71,47,41,29,0,0,0,0,1603,1276,1016,834
2026/02/05/15:51:12,5300.084149,0.764719,0.663317,0.764719,0.663317,71,47,41,29,0,0,0,0,1603,1276,1016,834
2026/02/05/15:51:13,5301.084978,0.764719,0.663317,0.764719,0.663317,71,47,41,29,0,0,0,0,1603,1276,1016,834
2026/02/05/15:51:14,5302.085747,0.764719,0.663317,0.764719,0.663317,71,47,41,29,0,0,0,0,1603,1276,1016,834
2026/02/05/15:51:15,5303.086563,0.764719,0.663317,0.764719,0.663317,71,47,41,29,0,0,0,0,1603,1276,1016,834
2026/02/05/15:51:16,5304.087407,0.759156,0.658756,0.759156,0.658756,69,47,41,29,0,0,0,0,1605,1276,1016,834
2026/02/05/15:51:17,5305.088071,0.759156,0.658756,0.759156,0.658756,69,47,41,29,0,0,0,0,1605,1276,1016,834
2026/02/05/15:51:18,5306.088872,0.759156,0.658756,0.759156,0.658756,69,47,41,29,0,0,0,0,1605,1276,1016,834
2026/02/05/15:51:19,5307.089624,0.739469,0.648404,0.739469,0.648404,67,47,41,29,0,0,0,0,1607,1276,1016,834
2026/02/05/15:51:20,5308.090391,0.739469,0.648404,0.739469,0.648404,67,47,41,29,0,0,0,0,1607,1276,1016,834
2026/02/05/15:51:21,5309.091057,0.739469,0.648404,0.739469,0.648404,67,47,41,29,0,0,0,0,1607,1276,1016,834
2026/02/05/15:51:22,5310.091847,0.739469,0.648404,0.739469,0.648404,67,47,41,29,0,0,0,0,1607,1276,1016,834
2026/02/05/15:51:23,5311.092570,0.739469,0.648404,0.739469,0.648404,67,47,41,29,0,0,0,0,1607,1276,1016,834
2026/02/05/15:51:24,5312.093459,0.750969,0.652137,0.750969,0.652137,69,47,41,29,0,0,0,0,1607,1276,1016,834
2026/02/05/15:51:25,5313.094181,0.750969,0.652137,0.750969,0.652137,69,47,41,29,0,0,0,0,1607,1276,1016,834
2026/02/05/15:51:26,5314.094738,0.787563,0.705393,0.787563,0.705393,75,50,42,29,0,0,0,0,1610,1276,1016,834
2026/02/05/15:51:27,5315.095351,0.792781,0.708179,0.792781,0.708179,75,51,42,29,0,0,0,0,1610,1276,1016,834
2026/02/05/15:51:28,5316.096067,0.804562,0.759295,0.804562,0.759295,74,55,42,33,0,0,0,0,1611,1276,1016,834
2026/02/05/15:51:29,5317.096680,0.800875,0.730854,0.800875,0.730854,72,55,42,33,0,0,0,0,1613,1276,1016,834
2026/02/05/15:51:30,5318.097263,0.784062,0.697405,0.784062,0.697405,69,53,42,33,0,0,0,0,1616,1278,1016,834
2026/02/05/15:51:31,5319.102860,0.780625,0.690590,0.780625,0.690590,71,51,41,33,0,0,0,0,1616,1280,1017,834
2026/02/05/15:51:32,5320.103599,0.780625,0.690590,0.780625,0.690590,71,51,41,33,0,0,0,0,1616,1280,1017,834
2026/02/05/15:51:33,5321.104291,0.778594,0.688729,0.778594,0.688729,71,51,41,32,0,0,0,0,1616,1280,1017,835
2026/02/05/15:51:34,5322.105054,0.778594,0.688729,0.778594,0.688729,71,51,41,32,0,0,0,0,1616,1280,1017,835
2026/02/05/15:51:35,5323.105740,0.778594,0.688729,0.778594,0.688729,71,51,41,32,0,0,0,0,1616,1280,1017,835
2026/02/05/15:51:36,5324.106435,0.807813,0.704578,0.807813,0.704578,71,52,42,35,0,0,0,0,1616,1280,1017,835
2026/02/05/15:51:37,5325.107123,0.807813,0.704578,0.807813,0.704578,71,52,42,35,0,0,0,0,1616,1280,1017,835
2026/02/05/15:51:38,5326.107935,0.793781,0.693162,0.793781,0.693162,66,52,42,35,0,0,0,0,1621,1280,1017,835
2026/02/05/15:51:39,5327.108589,0.782969,0.686208,0.782969,0.686208,66,50,41,35,0,0,0,0,1621,1282,1018,835
2026/02/05/15:51:40,5328.109196,0.782969,0.686208,0.782969,0.686208,66,50,41,35,0,0,0,0,1621,1282,1018,835
2026/02/05/15:51:41,5329.109915,0.762156,0.676683,0.762156,0.676683,66,50,41,32,0,0,0,0,1621,1282,1018,838
2026/02/05/15:51:42,5330.110601,0.754938,0.658194,0.754938,0.658194,66,50,41,29,0,0,0,0,1621,1282,1018,841
2026/02/05/15:51:43,5331.111449,0.754938,0.658194,0.754938,0.658194,66,50,41,29,0,0,0,0,1621,1282,1018,841
2026/02/05/15:51:44,5332.112233,0.754938,0.658194,0.754938,0.658194,66,50,41,29,0,0,0,0,1621,1282,1018,841
2026/02/05/15:51:45,5333.113172,0.754938,0.658194,0.754938,0.658194,66,50,41,29,0,0,0,0,1621,1282,1018,841
2026/02/05/15:51:46,5334.113820,0.732000,0.650885,0.732000,0.650885,65,47,41,29,0,0,0,0,1622,1285,1018,841
2026/02/05/15:51:47,5335.114627,0.732000,0.650885,0.732000,0.650885,65,47,41,29,0,0,0,0,1622,1285,1018,841
2026/02/05/15:51:48,5336.115208,0.732000,0.650885,0.732000,0.650885,65,47,41,29,0,0,0,0,1622,1285,1018,841
2026/02/05/15:51:49,5337.115857,0.732000,0.650885,0.732000,0.650885,65,47,41,29,0,0,0,0,1622,1285,1018,841
2026/02/05/15:51:50,5338.116457,0.732000,0.650885,0.732000,0.650885,65,47,41,29,0,0,0,0,1622,1285,1018,841
2026/02/05/15:51:51,5339.117275,0.732000,0.650885,0.732000,0.650885,65,47,41,29,0,0,0,0,1622,1285,1018,841
2026/02/05/15:51:52,5340.118003,0.732000,0.650885,0.732000,0.650885,65,47,41,29,0,0,0,0,1622,1285,1018,841
2026/02/05/15:51:53,5341.118561,0.732000,0.650885,0.732000,0.650885,65,47,41,29,0,0,0,0,1622,1285,1018,841
2026/02/05/15:51:54,5342.119403,0.732000,0.650885,0.732000,0.650885,65,47,41,29,0,0,0,0,1622,1285,1018,841
2026/02/05/15:51:55,5343.120152,0.732000,0.650885,0.732000,0.650885,65,47,41,29,0,0,0,0,1622,1285,1018,841
2026/02/05/15:51:56,5344.120862,0.732000,0.650885,0.732000,0.650885,65,47,41,29,0,0,0,0,1622,1285,1018,841
2026/02/05/15:51:57,5345.121705,0.728812,0.644606,0.728812,0.644606,65,47,41,27,0,0,0,0,1622,1285,1018,843
2026/02/05/15:51:58,5346.122346,0.728812,0.644606,0.728812,0.644606,65,47,41,27,0,0,0,0,1622,1285,1018,843
2026/02/05/15:51:59,5347.123168,0.728812,0.644606,0.728812,0.644606,65,47,41,27,0,0,0,0,1622,1285,1018,843
2026/02/05/15:52:00,5348.123976,0.732000,0.653244,0.749719,0.676274,66,47,41,27,4,0,0,0,1622,1285,1018,843
2026/02/05/15:52:01,5349.124554,0.755750,0.694389,0.755750,0.694389,70,48,41,28,0,0,0,0,1623,1285,1018,843
2026/02/05/15:52:02,5350.125314,0.755750,0.694389,0.755750,0.694389,70,48,41,28,0,0,0,0,1623,1285,1018,843
2026/02/05/15:52:03,5351.135603,0.778594,0.758885,0.778594,0.758885,75,48,44,27,0,0,0,0,1623,1285,1018,844
2026/02/05/15:52:04,5352.136233,0.771219,0.736335,0.771219,0.736335,73,47,44,27,0,0,0,0,1625,1286,1018,844
2026/02/05/15:52:05,5353.137115,0.767906,0.733009,0.767906,0.733009,72,47,44,27,0,0,0,0,1626,1286,1018,844
2026/02/05/15:52:06,5354.137888,0.767906,0.733009,0.767906,0.733009,72,47,44,27,0,0,0,0,1626,1286,1018,844
2026/02/05/15:52:07,5355.138443,0.767906,0.733009,0.767906,0.733009,72,47,44,27,0,0,0,0,1626,1286,1018,844
2026/02/05/15:52:08,5356.139009,0.767906,0.733009,0.767906,0.733009,72,47,44,27,0,0,0,0,1626,1286,1018,844
2026/02/05/15:52:09,5357.139846,0.767906,0.733009,0.767906,0.733009,72,47,44,27,0,0,0,0,1626,1286,1018,844
2026/02/05/15:52:10,5358.140595,0.786875,0.746542,0.786875,0.746542,73,52,47,27,0,0,0,0,1628,1286,1018,844
2026/02/05/15:52:11,5359.141167,0.827562,0.765136,0.827562,0.765136,73,55,47,30,0,0,0,0,1628,1286,1018,844
2026/02/05/15:52:12,5360.141798,0.817094,0.763198,0.817094,0.763198,72,55,47,30,0,0,0,0,1629,1286,1018,844
2026/02/05/15:52:13,5361.142404,0.804719,0.719783,0.804719,0.719783,69,55,44,30,0,0,0,0,1632,1286,1021,844
2026/02/05/15:52:14,5362.143317,0.774875,0.683988,0.774875,0.683988,65,52,44,30,0,0,0,0,1636,1289,1021,844
2026/02/05/15:52:15,5363.143983,0.769125,0.668591,0.769125,0.668591,65,50,44,30,0,0,0,0,1636,1291,1021,844
2026/02/05/15:52:16,5364.144787,0.769125,0.668591,0.769125,0.668591,65,50,44,30,0,0,0,0,1636,1291,1021,844
2026/02/05/15:52:17,5365.145350,0.769125,0.668591,0.769125,0.668591,65,50,44,30,0,0,0,0,1636,1291,1021,844
2026/02/05/15:52:18,5366.146007,0.769125,0.668591,0.769125,0.668591,65,50,44,30,0,0,0,0,1636,1291,1021,844
2026/02/05/15:52:19,5367.146556,0.769125,0.668591,0.769125,0.668591,65,50,44,30,0,0,0,0,1636,1291,1021,844
2026/02/05/15:52:20,5368.147290,0.769125,0.668591,0.769125,0.668591,65,50,44,30,0,0,0,0,1636,1291,1021,844
2026/02/05/15:52:21,5369.147833,0.769125,0.668591,0.769125,0.668591,65,50,44,30,0,0,0,0,1636,1291,1021,844
2026/02/05/15:52:22,5370.148463,0.769125,0.668591,0.769125,0.668591,65,50,44,30,0,0,0,0,1636,1291,1021,844
2026/02/05/15:52:23,5371.149228,0.765437,0.665440,0.765437,0.665440,65,48,44,30,0,0,0,0,1636,1293,1021,844
2026/02/05/15:52:24,5372.149917,0.759500,0.646353,0.759500,0.646353,65,48,42,30,0,0,0,0,1636,1293,1023,844
2026/02/05/15:52:25,5373.150506,0.759500,0.646353,0.759500,0.646353,65,48,42,30,0,0,0,0,1636,1293,1023,844
2026/02/05/15:52:26,5374.151199,0.759500,0.646353,0.759500,0.646353,65,48,42,30,0,0,0,0,1636,1293,1023,844
2026/02/05/15:52:27,5375.152030,0.757125,0.642453,0.757125,0.642453,64,48,42,30,0,0,0,0,1637,1293,1023,844
2026/02/05/15:52:28,5376.152870,0.757125,0.642453,0.757125,0.642453,64,48,42,30,0,0,0,0,1637,1293,1023,844
2026/02/05/15:52:29,5377.153535,0.745781,0.635780,0.745781,0.635780,64,45,42,30,0,0,0,0,1637,1296,1023,844
2026/02/05/15:52:30,5378.154368,0.745781,0.635780,0.745781,0.635780,64,45,42,30,0,0,0,0,1637,1296,1023,844
2026/02/05/15:52:31,5379.155201,0.745781,0.635780,0.745781,0.635780,64,45,42,30,0,0,0,0,1637,1296,1023,844
2026/02/05/15:52:32,5380.155952,0.741094,0.630226,0.741094,0.630226,62,45,42,30,0,0,0,0,1639,1296,1023,844
2026/02/05/15:52:33,5381.156808,0.741094,0.630226,0.741094,0.630226,62,45,42,30,0,0,0,0,1639,1296,1023,844
2026/02/05/15:52:34,5382.157470,0.741094,0.630226,0.741094,0.630226,62,45,42,30,0,0,0,0,1639,1296,1023,844
2026/02/05/15:52:35,5383.158328,0.741094,0.630226,0.741094,0.630226,62,45,42,30,0,0,0,0,1639,1296,1023,844
2026/02/05/15:52:36,5384.159081,0.742812,0.632245,0.742812,0.632245,63,45,42,30,0,0,0,0,1639,1296,1023,844
2026/02/05/15:52:37,5385.160002,0.760500,0.638216,0.773094,0.643750,63,47,42,31,0,0,3,0,1639,1296,1023,844
2026/02/05/15:52:38,5386.160506,0.805063,0.695348,0.807219,0.697672,67,54,46,31,0,1,0,0,1639,1296,1023,844
2026/02/05/15:52:39,5387.161079,0.827250,0.740278,0.837562,0.747976,71,57,46,32,0,0,0,1,1640,1296,1023,844
2026/02/05/15:52:40,5388.161686,0.850469,0.749198,0.860781,0.756896,76,58,46,31,0,0,0,1,1641,1296,1023,845
2026/02/05/15:52:41,5389.162366,0.840437,0.725130,0.850750,0.732828,72,58,46,31,0,0,0,1,1645,1296,1023,845
2026/02/05/15:52:42,5390.163049,0.828063,0.716312,0.838375,0.724010,69,58,46,31,0,0,0,1,1648,1296,1023,845
2026/02/05/15:52:43,5391.163789,0.824063,0.714649,0.824063,0.714649,66,58,44,32,0,0,0,0,1651,1296,1025,845
2026/02/05/15:52:44,5392.164379,0.822500,0.716481,0.822500,0.716481,66,57,45,32,0,0,0,0,1651,1297,1025,845
2026/02/05/15:52:45,5393.165130,0.811625,0.710110,0.811625,0.710110,66,54,45,32,0,0,0,0,1651,1300,1025,845
2026/02/05/15:52:46,5394.165770,0.807969,0.708355,0.807969,0.708355,65,53,45,32,0,0,0,0,1654,1301,1025,845
2026/02/05/15:52:47,5395.166351,0.808094,0.701515,0.808094,0.701515,67,51,45,32,0,0,0,0,1654,1303,1025,845
2026/02/05/15:52:48,5396.166904,0.801531,0.696996,0.801531,0.696996,67,51,44,32,0,0,0,0,1654,1303,1026,845
2026/02/05/15:52:49,5397.167474,0.801531,0.696996,0.801531,0.696996,67,51,44,32,0,0,0,0,1654,1303,1026,845
2026/02/05/15:52:50,5398.168056,0.801531,0.696996,0.801531,0.696996,67,51,44,32,0,0,0,0,1654,1303,1026,845
2026/02/05/15:52:51,5399.168829,0.801531,0.696996,0.801531,0.696996,67,51,44,32,0,0,0,0,1654,1303,1026,845
2026/02/05/15:52:52,5400.169474,0.801531,0.696996,0.801531,0.696996,67,51,44,32,0,0,0,0,1654,1303,1026,845
2026/02/05/15:52:53,5401.170035,0.787781,0.684087,0.787781,0.684087,65,51,42,32,0,0,0,0,1656,1303,1028,845
2026/02/05/15:52:54,5402.170805,0.787781,0.684087,0.787781,0.684087,65,51,42,32,0,0,0,0,1656,1303,1028,845
2026/02/05/15:52:55,5403.171458,0.787781,0.684087,0.787781,0.684087,65,51,42,32,0,0,0,0,1656,1303,1028,845
2026/02/05/15:52:56,5404.172103,0.787781,0.684087,0.787781,0.684087,65,51,42,32,0,0,0,0,1656,1303,1028,845
2026/02/05/15:52:57,5405.172748,0.777469,0.676389,0.777469,0.676389,65,51,42,31,0,0,0,0,1656,1303,1028,846
2026/02/05/15:52:58,5406.173389,0.777469,0.676389,0.777469,0.676389,65,51,42,31,0,0,0,0,1656,1303,1028,846
2026/02/05/15:52:59,5407.173893,0.813625,0.728866,0.818562,0.732930,71,54,46,34,0,1,1,0,1656,1303,1028,846
2026/02/05/15:53:00,5408.174437,0.852313,0.751292,0.860281,0.752906,72,59,48,36,0,1,0,0,1656,1303,1028,846
2026/02/05/15:53:01,5409.175111,0.869687,0.778528,0.877656,0.780141,77,61,48,37,0,1,0,0,1656,1305,1028,846
2026/02/05/15:53:02,5410.175469,0.865906,0.785361,0.865906,0.785361,75,58,49,37,0,0,0,0,1658,1309,1028,846
2026/02/05/15:53:03,5411.176120,0.844750,0.791337,0.844750,0.791337,73,54,50,37,0,0,0,0,1660,1313,1028,846
2026/02/05/15:53:04,5412.176722,0.841063,0.783744,0.841063,0.783744,73,54,50,35,0,0,0,0,1660,1313,1028,848
2026/02/05/15:53:05,5413.177459,0.841063,0.783744,0.841063,0.783744,73,54,50,35,0,0,0,0,1660,1313,1028,848
2026/02/05/15:53:06,5414.178201,0.841063,0.783744,0.841063,0.783744,73,54,50,35,0,0,0,0,1660,1313,1028,848
2026/02/05/15:53:07,5415.179005,0.830719,0.765166,0.830719,0.765166,73,53,48,35,0,0,0,0,1660,1314,1030,848
2026/02/05/15:53:08,5416.179551,0.830719,0.765166,0.830719,0.765166,73,53,48,35,0,0,0,0,1660,1314,1030,848
2026/02/05/15:53:09,5417.180220,0.816438,0.744574,0.816438,0.744574,69,53,47,35,0,0,0,0,1664,1314,1031,848
2026/02/05/15:53:10,5418.180834,0.816438,0.744574,0.816438,0.744574,69,53,47,35,0,0,0,0,1664,1314,1031,848
2026/02/05/15:53:11,5419.181563,0.816438,0.744574,0.816438,0.744574,69,53,47,35,0,0,0,0,1664,1314,1031,848
2026/02/05/15:53:12,5420.182147,0.816438,0.744574,0.816438,0.744574,69,53,47,35,0,0,0,0,1664,1314,1031,848
2026/02/05/15:53:13,5421.182949,0.816438,0.744574,0.816438,0.744574,69,53,47,35,0,0,0,0,1664,1314,1031,848
2026/02/05/15:53:14,5422.183381,0.814344,0.741824,0.814344,0.741824,69,53,47,34,0,0,0,0,1664,1314,1031,849
2026/02/05/15:53:15,5423.188854,0.814344,0.741824,0.814344,0.741824,69,53,47,34,0,0,0,0,1664,1314,1031,849
2026/02/05/15:53:16,5424.189450,0.814344,0.741824,0.814344,0.741824,69,53,47,34,0,0,0,0,1664,1314,1031,849
2026/02/05/15:53:17,5425.190080,0.797937,0.736855,0.797937,0.736855,69,50,47,34,0,0,0,0,1664,1317,1031,849
2026/02/05/15:53:18,5426.190732,0.797937,0.758114,0.797937,0.758114,69,52,47,31,0,0,0,0,1664,1317,1031,852
2026/02/05/15:53:19,5427.191328,0.797937,0.758114,0.797937,0.758114,69,52,47,31,0,0,0,0,1664,1317,1031,852
2026/02/05/15:53:20,5428.191898,0.797937,0.758114,0.797937,0.758114,69,52,47,31,0,0,0,0,1664,1317,1031,852
2026/02/05/15:53:21,5429.192498,0.801813,0.763858,0.801813,0.763858,69,52,49,31,0,0,0,0,1664,1317,1031,852
2026/02/05/15:53:22,5430.193273,0.801813,0.763858,0.801813,0.763858,69,52,49,31,0,0,0,0,1664,1317,1031,852
2026/02/05/15:53:23,5431.194009,0.801813,0.763858,0.801813,0.763858,69,52,49,31,0,0,0,0,1664,1317,1031,852
2026/02/05/15:53:24,5432.194734,0.793656,0.757827,0.793656,0.757827,69,52,46,31,0,0,0,0,1664,1317,1034,852
2026/02/05/15:53:25,5433.195388,0.778656,0.699291,0.778656,0.699291,68,47,46,31,0,0,0,0,1665,1322,1034,852
2026/02/05/15:53:26,5434.195980,0.778656,0.699291,0.778656,0.699291,68,47,46,31,0,0,0,0,1665,1322,1034,852
2026/02/05/15:53:27,5435.196836,0.778656,0.699291,0.778656,0.699291,68,47,46,31,0,0,0,0,1665,1322,1034,852
2026/02/05/15:53:28,5436.197490,0.770844,0.660899,0.770844,0.660899,68,45,44,31,0,0,0,0,1665,1324,1036,852
2026/02/05/15:53:29,5437.198303,0.770844,0.660899,0.770844,0.660899,68,45,44,31,0,0,0,0,1665,1324,1036,852
2026/02/05/15:53:30,5438.199106,0.770844,0.660899,0.770844,0.660899,68,45,44,31,0,0,0,0,1665,1324,1036,852
2026/02/05/15:53:31,5439.199859,0.770844,0.660899,0.770844,0.660899,68,45,44,31,0,0,0,0,1665,1324,1036,852
2026/02/05/15:53:32,5440.200491,0.770844,0.660899,0.770844,0.660899,68,45,44,31,0,0,0,0,1665,1324,1036,852
2026/02/05/15:53:33,5441.201180,0.788000,0.679630,0.788000,0.679630,68,45,48,32,0,0,0,0,1665,1324,1036,852
2026/02/05/15:53:34,5442.201788,0.792531,0.711651,0.792531,0.711651,69,45,46,35,0,0,0,0,1665,1324,1038,852
2026/02/05/15:53:35,5443.202587,0.792531,0.711651,0.792531,0.711651,69,45,46,35,0,0,0,0,1665,1324,1038,852
2026/02/05/15:53:36,5444.203254,0.789656,0.705386,0.789656,0.705386,68,45,46,35,0,0,0,0,1666,1324,1038,852
2026/02/05/15:53:37,5445.204014,0.789656,0.705386,0.789656,0.705386,68,45,46,35,0,0,0,0,1666,1324,1038,852
2026/02/05/15:53:38,5446.204834,0.789656,0.705386,0.789656,0.705386,68,45,46,35,0,0,0,0,1666,1324,1038,852
2026/02/05/15:53:39,5447.205657,0.789656,0.705386,0.789656,0.705386,68,45,46,35,0,0,0,0,1666,1324,1038,852
2026/02/05/15:53:40,5448.206232,0.795594,0.718674,0.795594,0.718674,68,46,46,36,0,0,0,0,1666,1324,1038,852
2026/02/05/15:53:41,5449.206795,0.786094,0.716634,0.786094,0.716634,68,46,46,35,0,0,0,0,1666,1324,1038,853
2026/02/05/15:53:42,5450.207530,0.800188,0.719240,0.807937,0.729507,68,46,46,36,0,1,3,0,1666,1324,1038,853
2026/02/05/15:53:43,5451.208116,0.796469,0.685703,0.796469,0.685703,68,46,49,32,0,0,0,0,1668,1325,1038,857
2026/02/05/15:53:44,5452.208676,0.796469,0.685703,0.796469,0.685703,68,46,49,32,0,0,0,0,1668,1325,1038,857
2026/02/05/15:53:45,5453.209384,0.796469,0.685703,0.796469,0.685703,68,46,49,32,0,0,0,0,1668,1325,1038,857
2026/02/05/15:53:46,5454.210114,0.794344,0.682127,0.794344,0.682127,68,45,49,32,0,0,0,0,1668,1326,1038,857
2026/02/05/15:53:47,5455.210934,0.790031,0.677480,0.790031,0.677480,68,43,49,32,0,0,0,0,1668,1328,1038,857
2026/02/05/15:53:48,5456.211837,0.782250,0.665964,0.782250,0.665964,66,43,48,32,0,0,0,0,1670,1328,1039,857
2026/02/05/15:53:49,5457.212394,0.796281,0.679462,0.796281,0.679462,69,44,48,34,0,0,0,0,1670,1328,1039,857
2026/02/05/15:53:50,5458.213037,0.796281,0.679462,0.796281,0.679462,69,44,48,34,0,0,0,0,1670,1328,1039,857
2026/02/05/15:53:51,5459.213829,0.796281,0.679462,0.796281,0.679462,69,44,48,34,0,0,0,0,1670,1328,1039,857
2026/02/05/15:53:52,5460.214411,0.783406,0.664156,0.783406,0.664156,68,44,45,34,0,0,0,0,1671,1328,1042,857
2026/02/05/15:53:53,5461.215070,0.783406,0.664156,0.783406,0.664156,68,44,45,34,0,0,0,0,1671,1328,1042,857
2026/02/05/15:53:54,5462.215631,0.781000,0.662114,0.781000,0.662114,68,43,45,34,0,0,0,0,1671,1329,1042,857
2026/02/05/15:53:55,5463.216344,0.796375,0.685307,0.808000,0.692032,68,45,46,37,2,0,1,0,1671,1329,1042,857
2026/02/05/15:53:56,5464.217077,0.793906,0.689426,0.793906,0.689426,70,45,47,36,0,0,0,0,1671,1329,1042,858
2026/02/05/15:53:57,5465.217931,0.792125,0.687568,0.792125,0.687568,70,44,47,36,0,0,0,0,1671,1330,1042,858
2026/02/05/15:53:58,5466.218445,0.767500,0.669612,0.767500,0.669612,65,44,45,34,0,0,0,0,1676,1330,1044,860
2026/02/05/15:53:59,5467.219209,0.765594,0.658281,0.765594,0.658281,65,44,45,33,0,0,0,0,1676,1330,1044,861
2026/02/05/15:54:00,5468.219903,0.799750,0.694616,0.799750,0.694616,67,52,47,34,0,0,0,0,1676,1330,1044,861
2026/02/05/15:54:01,5469.220666,0.830844,0.732399,0.830844,0.732399,69,53,51,35,0,0,0,0,1676,1330,1044,861
2026/02/05/15:54:02,5470.221227,0.814781,0.718881,0.814781,0.718881,67,53,51,34,0,0,0,0,1678,1330,1044,862
2026/02/05/15:54:03,5471.221709,0.806187,0.714456,0.806187,0.714456,67,52,50,34,0,0,0,0,1678,1331,1045,862
2026/02/05/15:54:04,5472.222263,0.804594,0.708654,0.804594,0.708654,67,52,50,33,0,0,0,0,1678,1331,1045,863
2026/02/05/15:54:05,5473.223106,0.794281,0.698425,0.794281,0.698425,67,51,50,31,0,0,0,0,1678,1332,1045,865
2026/02/05/15:54:06,5474.223718,0.778875,0.686271,0.778875,0.686271,66,49,47,31,0,0,0,0,1679,1334,1048,865
2026/02/05/15:54:07,5475.224398,0.778875,0.686271,0.778875,0.686271,66,49,47,31,0,0,0,0,1679,1334,1048,865
2026/02/05/15:54:08,5476.224972,0.771469,0.681200,0.771469,0.681200,66,46,47,31,0,0,0,0,1679,1337,1048,865
2026/02/05/15:54:09,5477.225523,0.771469,0.681200,0.771469,0.681200,66,46,47,31,0,0,0,0,1679,1337,1048,865
2026/02/05/15:54:10,5478.226153,0.771469,0.681200,0.771469,0.681200,66,46,47,31,0,0,0,0,1679,1337,1048,865
2026/02/05/15:54:11,5479.226763,0.773219,0.692018,0.773219,0.692018,67,46,47,31,0,0,0,0,1679,1337,1048,865
2026/02/05/15:54:12,5480.227491,0.782375,0.698805,0.782375,0.698805,67,46,49,32,0,0,0,0,1679,1337,1048,865
2026/02/05/15:54:13,5481.228316,0.782375,0.698805,0.782375,0.698805,67,46,49,32,0,0,0,0,1679,1337,1048,865
2026/02/05/15:54:14,5482.229057,0.779969,0.696171,0.779969,0.696171,67,46,49,31,0,0,0,0,1679,1337,1048,866
2026/02/05/15:54:15,5483.229826,0.774344,0.689479,0.774344,0.689479,67,46,46,31,0,0,0,0,1679,1337,1051,866
2026/02/05/15:54:16,5484.230623,0.774344,0.689479,0.774344,0.689479,67,46,46,31,0,0,0,0,1679,1337,1051,866
2026/02/05/15:54:17,5485.231352,0.774344,0.689479,0.774344,0.689479,67,46,46,31,0,0,0,0,1679,1337,1051,866
2026/02/05/15:54:18,5486.232154,0.767594,0.685326,0.767594,0.685326,67,46,44,31,0,0,0,0,1679,1337,1053,866
2026/02/05/15:54:19,5487.232635,0.765687,0.683636,0.765687,0.683636,67,46,44,30,0,0,0,0,1679,1337,1053,867
2026/02/05/15:54:20,5488.233296,0.765687,0.683636,0.765687,0.683636,67,46,44,30,0,0,0,0,1679,1337,1053,867
2026/02/05/15:54:21,5489.234103,0.765687,0.683636,0.765687,0.683636,67,46,44,30,0,0,0,0,1679,1337,1053,867
2026/02/05/15:54:22,5490.234893,0.765687,0.683636,0.765687,0.683636,67,46,44,30,0,0,0,0,1679,1337,1053,867
2026/02/05/15:54:23,5491.235753,0.765687,0.683636,0.765687,0.683636,67,46,44,30,0,0,0,0,1679,1337,1053,867
2026/02/05/15:54:24,5492.237221,0.765687,0.683636,0.765687,0.683636,67,46,44,30,0,0,0,0,1679,1337,1053,867
2026/02/05/15:54:25,5493.238005,0.765687,0.683636,0.765687,0.683636,67,46,44,30,0,0,0,0,1679,1337,1053,867
2026/02/05/15:54:26,5494.238738,0.765687,0.683636,0.765687,0.683636,67,46,44,30,0,0,0,0,1679,1337,1053,867
2026/02/05/15:54:27,5495.239422,0.765687,0.683636,0.765687,0.683636,67,46,44,30,0,0,0,0,1679,1337,1053,867
2026/02/05/15:54:28,5496.240027,0.765687,0.683636,0.765687,0.683636,67,46,44,30,0,0,0,0,1679,1337,1053,867
2026/02/05/15:54:29,5497.240789,0.765687,0.683636,0.765687,0.683636,67,46,44,30,0,0,0,0,1679,1337,1053,867
2026/02/05/15:54:30,5498.241443,0.757812,0.671537,0.757812,0.671537,67,43,44,30,0,0,0,0,1679,1340,1053,867
2026/02/05/15:54:31,5499.242222,0.757812,0.671537,0.757812,0.671537,67,43,44,30,0,0,0,0,1679,1340,1053,867
2026/02/05/15:54:32,5500.242815,0.756062,0.660719,0.756062,0.660719,66,43,44,30,0,0,0,0,1680,1340,1053,867
2026/02/05/15:54:33,5501.243541,0.756062,0.660719,0.756062,0.660719,66,43,44,30,0,0,0,0,1680,1340,1053,867
2026/02/05/15:54:34,5502.244412,0.756062,0.660719,0.756062,0.660719,66,43,44,30,0,0,0,0,1680,1340,1053,867
2026/02/05/15:54:35,5503.245177,0.751500,0.641913,0.751500,0.641913,66,43,42,30,0,0,0,0,1680,1340,1055,867
2026/02/05/15:54:36,5504.246178,0.751500,0.641913,0.751500,0.641913,66,43,42,30,0,0,0,0,1680,1340,1055,867
2026/02/05/15:54:37,5505.247053,0.751500,0.641913,0.751500,0.641913,66,43,42,30,0,0,0,0,1680,1340,1055,867
2026/02/05/15:54:38,5506.247653,0.751500,0.641913,0.751500,0.641913,66,43,42,30,0,0,0,0,1680,1340,1055,867
2026/02/05/15:54:39,5507.248377,0.751500,0.641913,0.751500,0.641913,66,43,42,30,0,0,0,0,1680,1340,1055,867
2026/02/05/15:54:40,5508.248971,0.751500,0.641913,0.751500,0.641913,66,43,42,30,0,0,0,0,1680,1340,1055,867
2026/02/05/15:54:41,5509.249860,0.754812,0.643802,0.754812,0.643802,67,43,42,30,0,0,0,0,1680,1340,1055,867
2026/02/05/15:54:42,5510.250578,0.765750,0.650024,0.765750,0.650024,67,43,42,32,0,0,0,0,1680,1340,1055,867
2026/02/05/15:54:43,5511.251221,0.779625,0.655527,0.779625,0.655527,67,46,42,32,0,0,0,0,1680,1340,1055,867
2026/02/05/15:54:44,5512.252046,0.768687,0.649305,0.768687,0.649305,67,46,42,30,0,0,0,0,1680,1340,1055,869
2026/02/05/15:54:45,5513.252635,0.772469,0.650931,0.772469,0.650931,67,47,42,30,0,0,0,0,1680,1340,1055,869
2026/02/05/15:54:46,5514.253320,0.790781,0.681379,0.790781,0.681379,70,48,43,30,0,0,0,0,1681,1340,1056,869
2026/02/05/15:54:47,5515.254042,0.790781,0.681379,0.790781,0.681379,70,48,43,30,0,0,0,0,1681,1340,1056,869
2026/02/05/15:54:48,5516.254573,0.787000,0.679753,0.787000,0.679753,70,47,43,30,0,0,0,0,1681,1341,1056,869
2026/02/05/15:54:49,5517.255402,0.787000,0.679753,0.787000,0.679753,70,47,43,30,0,0,0,0,1681,1341,1056,869
2026/02/05/15:54:50,5518.256224,0.779031,0.673455,0.779031,0.673455,70,46,41,30,0,0,0,0,1681,1342,1058,869
2026/02/05/15:54:51,5519.257057,0.779031,0.673455,0.779031,0.673455,70,46,41,30,0,0,0,0,1681,1342,1058,869
2026/02/05/15:54:52,5520.257824,0.779031,0.673455,0.779031,0.673455,70,46,41,30,0,0,0,0,1681,1342,1058,869
2026/02/05/15:54:53,5521.258591,0.765156,0.667952,0.765156,0.667952,70,43,41,30,0,0,0,0,1681,1345,1058,869
2026/02/05/15:54:54,5522.259186,0.759344,0.650151,0.759344,0.650151,67,43,41,30,0,0,0,0,1684,1345,1058,869
2026/02/05/15:54:55,5523.259858,0.759344,0.650151,0.759344,0.650151,67,43,41,30,0,0,0,0,1684,1345,1058,869
2026/02/05/15:54:56,5524.260512,0.759344,0.650151,0.759344,0.650151,67,43,41,30,0,0,0,0,1684,1345,1058,869
2026/02/05/15:54:57,5525.261121,0.759344,0.650151,0.759344,0.650151,67,43,41,30,0,0,0,0,1684,1345,1058,869
2026/02/05/15:54:58,5526.261651,0.759344,0.650151,0.759344,0.650151,67,43,41,30,0,0,0,0,1684,1345,1058,869
2026/02/05/15:54:59,5527.262400,0.759344,0.650151,0.759344,0.650151,67,43,41,30,0,0,0,0,1684,1345,1058,869
2026/02/05/15:55:00,5528.263423,0.759344,0.650151,0.759344,0.650151,67,43,41,30,0,0,0,0,1684,1345,1058,869
2026/02/05/15:55:01,5529.264180,0.759344,0.650151,0.759344,0.650151,67,43,41,30,0,0,0,0,1684,1345,1058,869
2026/02/05/15:55:02,5530.264708,0.798281,0.674827,0.798281,0.674827,71,46,41,30,0,0,0,0,1684,1345,1058,869
2026/02/05/15:55:03,5531.265418,0.798281,0.674827,0.798281,0.674827,71,46,41,30,0,0,0,0,1684,1345,1058,869
2026/02/05/15:55:04,5532.266024,0.821094,0.698649,0.821094,0.698649,74,46,45,30,0,0,0,0,1684,1345,1058,869
2026/02/05/15:55:05,5533.266746,0.842844,0.724001,0.844469,0.727233,76,50,47,30,0,1,0,0,1684,1345,1058,869
2026/02/05/15:55:06,5534.267427,0.843812,0.731664,0.843812,0.731664,77,53,47,30,0,0,0,0,1684,1345,1061,869
2026/02/05/15:55:07,5535.268113,0.838375,0.717731,0.838375,0.717731,77,50,47,30,0,0,0,0,1684,1348,1061,869
2026/02/05/15:55:08,5536.268678,0.823313,0.701249,0.823313,0.701249,74,50,44,30,0,0,0,0,1687,1348,1064,869
2026/02/05/15:55:09,5537.269161,0.823313,0.701249,0.823313,0.701249,74,50,44,30,0,0,0,0,1687,1348,1064,869
2026/02/05/15:55:10,5538.269880,0.795844,0.689322,0.795844,0.689322,71,50,44,30,0,0,0,0,1690,1348,1064,869
2026/02/05/15:55:11,5539.270743,0.786094,0.678683,0.786094,0.678683,69,50,42,30,0,0,0,0,1692,1348,1066,869
2026/02/05/15:55:12,5540.271437,0.786094,0.678683,0.786094,0.678683,69,50,42,30,0,0,0,0,1692,1348,1066,869
2026/02/05/15:55:13,5541.272006,0.772250,0.652783,0.772250,0.652783,66,50,42,30,0,0,0,0,1695,1348,1066,869
2026/02/05/15:55:14,5542.273221,0.809156,0.675360,0.809156,0.675360,72,50,42,31,0,0,0,0,1695,1351,1067,869
2026/02/05/15:55:15,5543.273955,0.811406,0.687417,0.815906,0.711531,73,50,42,31,2,0,0,0,1695,1351,1067,869
2026/02/05/15:55:16,5544.274607,0.802906,0.685826,0.802906,0.685826,73,47,42,30,0,0,0,0,1697,1357,1067,870
2026/02/05/15:55:17,5545.275315,0.800188,0.682558,0.800188,0.682558,73,47,41,30,0,0,0,0,1697,1357,1068,870
2026/02/05/15:55:18,5546.276150,0.798125,0.680478,0.798125,0.680478,73,46,41,30,0,0,0,0,1697,1358,1068,870
2026/02/05/15:55:19,5547.276813,0.798125,0.680478,0.798125,0.680478,73,46,41,30,0,0,0,0,1697,1358,1068,870
2026/02/05/15:55:20,5548.277428,0.793813,0.676785,0.793813,0.676785,73,44,41,30,0,0,0,0,1697,1360,1068,870
2026/02/05/15:55:21,5549.278125,0.769938,0.672595,0.769938,0.672595,71,44,41,30,0,0,0,0,1699,1360,1068,870
2026/02/05/15:55:22,5550.279009,0.769938,0.672595,0.769938,0.672595,71,44,41,30,0,0,0,0,1699,1360,1068,870
2026/02/05/15:55:23,5551.279772,0.769938,0.672595,0.769938,0.672595,71,44,41,30,0,0,0,0,1699,1360,1068,870
2026/02/05/15:55:24,5552.280514,0.769938,0.672595,0.769938,0.672595,71,44,41,30,0,0,0,0,1699,1360,1068,870
2026/02/05/15:55:25,5553.281168,0.767656,0.669498,0.767656,0.669498,70,44,41,30,0,0,0,0,1700,1360,1068,870
2026/02/05/15:55:26,5554.281921,0.767656,0.669498,0.767656,0.669498,70,44,41,30,0,0,0,0,1700,1360,1068,870
2026/02/05/15:55:27,5555.282604,0.767656,0.669498,0.767656,0.669498,70,44,41,30,0,0,0,0,1700,1360,1068,870
2026/02/05/15:55:28,5556.283165,0.767656,0.669498,0.767656,0.669498,70,44,41,30,0,0,0,0,1700,1360,1068,870
2026/02/05/15:55:29,5557.283724,0.797406,0.688344,0.797406,0.688344,71,47,42,30,0,0,0,0,1700,1360,1068,870
2026/02/05/15:55:30,5558.284514,0.804469,0.700724,0.804469,0.700724,71,51,42,30,0,0,0,0,1700,1360,1068,870
2026/02/05/15:55:31,5559.285240,0.808187,0.704343,0.821094,0.715283,72,52,42,30,2,0,1,1,1700,1360,1068,870
2026/02/05/15:55:32,5560.285715,0.821094,0.715283,0.821094,0.715283,74,52,43,31,0,0,0,0,1700,1360,1068,870
2026/02/05/15:55:33,5561.286288,0.817844,0.708055,0.817844,0.708055,74,50,43,31,0,0,0,0,1700,1362,1068,870
2026/02/05/15:55:34,5562.286891,0.810312,0.700781,0.810312,0.700781,71,49,43,31,0,0,0,0,1703,1363,1068,870
2026/02/05/15:55:35,5563.287511,0.806500,0.695628,0.806500,0.695628,71,47,43,31,0,0,0,0,1703,1365,1068,870
2026/02/05/15:55:36,5564.288300,0.797750,0.692486,0.797750,0.692486,69,47,43,31,0,0,0,0,1705,1365,1068,870
2026/02/05/15:55:37,5565.289012,0.797750,0.692486,0.805469,0.699478,69,47,43,31,0,0,1,0,1705,1365,1068,870
2026/02/05/15:55:38,5566.289614,0.811625,0.680336,0.811625,0.680336,66,49,45,31,0,0,0,0,1708,1365,1069,870
2026/02/05/15:55:39,5567.290476,0.802125,0.674421,0.802125,0.674421,68,46,45,31,0,0,0,0,1708,1368,1069,871
2026/02/05/15:55:40,5568.291245,0.802125,0.674421,0.802125,0.674421,68,46,45,31,0,0,0,0,1708,1368,1069,871
2026/02/05/15:55:41,5569.291934,0.799531,0.672676,0.799531,0.672676,68,46,45,30,0,0,0,0,1708,1368,1069,872
2026/02/05/15:55:42,5570.292781,0.799531,0.672676,0.799531,0.672676,68,46,45,30,0,0,0,0,1708,1368,1069,872
2026/02/05/15:55:43,5571.293581,0.780344,0.656448,0.780344,0.656448,67,46,43,30,0,0,0,0,1709,1368,1071,872
2026/02/05/15:55:44,5572.294376,0.780344,0.656448,0.780344,0.656448,67,46,43,30,0,0,0,0,1709,1368,1071,872
2026/02/05/15:55:45,5573.295032,0.771594,0.647285,0.771594,0.647285,65,45,43,30,0,0,0,0,1711,1369,1071,872
2026/02/05/15:55:46,5574.295703,0.771594,0.647285,0.771594,0.647285,65,45,43,30,0,0,0,0,1711,1369,1071,872
2026/02/05/15:55:47,5575.296497,0.771594,0.647285,0.771594,0.647285,65,45,43,30,0,0,0,0,1711,1369,1071,872
2026/02/05/15:55:48,5576.297173,0.771594,0.647285,0.771594,0.647285,65,45,43,30,0,0,0,0,1711,1369,1071,872
2026/02/05/15:55:49,5577.297903,0.771594,0.647285,0.771594,0.647285,65,45,43,30,0,0,0,0,1711,1369,1071,872
2026/02/05/15:55:50,5578.298677,0.771594,0.647285,0.771594,0.647285,65,45,43,30,0,0,0,0,1711,1369,1071,872
2026/02/05/15:55:51,5579.299359,0.771594,0.647285,0.771594,0.647285,65,45,43,30,0,0,0,0,1711,1369,1071,872
2026/02/05/15:55:52,5580.300133,0.771594,0.647285,0.771594,0.647285,65,45,43,30,0,0,0,0,1711,1369,1071,872
2026/02/05/15:55:53,5581.300887,0.783687,0.652126,0.783687,0.652126,68,45,43,30,0,0,0,0,1711,1369,1071,872
2026/02/05/15:55:54,5582.301495,0.783687,0.652126,0.783687,0.652126,68,45,43,30,0,0,0,0,1711,1369,1071,872
2026/02/05/15:55:55,5583.302219,0.771656,0.647590,0.771656,0.647590,67,45,43,30,0,0,0,0,1712,1369,1071,872
2026/02/05/15:55:56,5584.302892,0.759563,0.642749,0.759563,0.642749,64,45,43,30,0,0,0,0,1715,1369,1071,872
2026/02/05/15:55:57,5585.303594,0.759563,0.642749,0.759563,0.642749,64,45,43,30,0,0,0,0,1715,1369,1071,872
2026/02/05/15:55:58,5586.304340,0.755719,0.635145,0.755719,0.635145,64,45,42,30,0,0,0,0,1715,1369,1072,872
2026/02/05/15:55:59,5587.305308,0.755719,0.635145,0.755719,0.635145,64,45,42,30,0,0,0,0,1715,1369,1072,872
2026/02/05/15:56:00,5588.305965,0.755719,0.635145,0.755719,0.635145,64,45,42,30,0,0,0,0,1715,1369,1072,872
2026/02/05/15:56:01,5589.306887,0.755719,0.635145,0.755719,0.635145,64,45,42,30,0,0,0,0,1715,1369,1072,872
2026/02/05/15:56:02,5590.307565,0.755719,0.635145,0.755719,0.635145,64,45,42,30,0,0,0,0,1715,1369,1072,872
2026/02/05/15:56:03,5591.308484,0.755719,0.635145,0.755719,0.635145,64,45,42,30,0,0,0,0,1715,1369,1072,872
2026/02/05/15:56:04,5592.309030,0.755719,0.635145,0.755719,0.635145,64,45,42,30,0,0,0,0,1715,1369,1072,872
2026/02/05/15:56:05,5593.309730,0.751844,0.631050,0.751844,0.631050,64,43,42,30,0,0,0,0,1715,1371,1072,872
2026/02/05/15:56:06,5594.310399,0.751844,0.631050,0.751844,0.631050,64,43,42,30,0,0,0,0,1715,1371,1072,872
2026/02/05/15:56:07,5595.311027,0.751844,0.631050,0.751844,0.631050,64,43,42,30,0,0,0,0,1715,1371,1072,872
2026/02/05/15:56:08,5596.311588,0.751844,0.631050,0.751844,0.631050,64,43,42,30,0,0,0,0,1715,1371,1072,872
2026/02/05/15:56:09,5597.312490,0.751844,0.631050,0.751844,0.631050,64,43,42,30,0,0,0,0,1715,1371,1072,872
2026/02/05/15:56:10,5598.313382,0.751844,0.631050,0.751844,0.631050,64,43,42,30,0,0,0,0,1715,1371,1072,872
2026/02/05/15:56:11,5599.314074,0.751844,0.631050,0.751844,0.631050,64,43,42,30,0,0,0,0,1715,1371,1072,872
2026/02/05/15:56:12,5600.314712,0.751844,0.631050,0.751844,0.631050,64,43,42,30,0,0,0,0,1715,1371,1072,872
2026/02/05/15:56:13,5601.315348,0.751844,0.631050,0.751844,0.631050,64,43,42,30,0,0,0,0,1715,1371,1072,872
2026/02/05/15:56:14,5602.316097,0.751844,0.631050,0.751844,0.631050,64,43,42,30,0,0,0,0,1715,1371,1072,872
2026/02/05/15:56:15,5603.316837,0.751844,0.631050,0.751844,0.631050,64,43,42,30,0,0,0,0,1715,1371,1072,872
2026/02/05/15:56:16,5604.317582,0.751844,0.631050,0.751844,0.631050,64,43,42,30,0,0,0,0,1715,1371,1072,872
2026/02/05/15:56:17,5605.318377,0.785312,0.691594,0.785312,0.691594,67,50,42,30,0,0,0,0,1715,1371,1072,872
2026/02/05/15:56:18,5606.319188,0.799000,0.717714,0.799000,0.717714,69,51,44,30,0,0,0,0,1715,1371,1072,872
2026/02/05/15:56:19,5607.319760,0.799188,0.693905,0.803438,0.696486,70,49,45,30,1,0,0,0,1715,1378,1072,872
2026/02/05/15:56:20,5608.320419,0.807688,0.699068,0.807688,0.699068,72,49,45,30,0,0,0,0,1715,1378,1072,872
2026/02/05/15:56:21,5609.321174,0.797125,0.680055,0.797125,0.680055,70,49,45,30,0,0,0,0,1717,1378,1072,872
2026/02/05/15:56:22,5610.322159,0.794813,0.678341,0.794813,0.678341,70,48,45,30,0,0,0,0,1717,1379,1072,872
2026/02/05/15:56:23,5611.322946,0.789375,0.673562,0.789375,0.673562,70,45,45,30,0,0,0,0,1717,1382,1072,872
2026/02/05/15:56:24,5612.323490,0.789375,0.673562,0.789375,0.673562,70,45,45,30,0,0,0,0,1717,1382,1072,872
2026/02/05/15:56:25,5613.324128,0.781156,0.669212,0.781156,0.669212,70,45,44,30,0,0,0,0,1717,1382,1073,872
2026/02/05/15:56:26,5614.324816,0.768406,0.661468,0.768406,0.661468,67,45,44,30,0,0,0,0,1720,1382,1073,872
2026/02/05/15:56:27,5615.325408,0.760219,0.642175,0.760219,0.642175,65,45,44,30,0,0,0,0,1722,1382,1073,872
2026/02/05/15:56:28,5616.326169,0.776594,0.672505,0.776594,0.672505,67,47,42,34,0,0,0,0,1722,1382,1075,872
2026/02/05/15:56:29,5617.326750,0.778312,0.679850,0.778312,0.679850,67,47,43,34,0,0,0,0,1722,1382,1075,872
2026/02/05/15:56:30,5618.327481,0.772813,0.672429,0.772813,0.672429,65,47,43,34,0,0,0,0,1724,1382,1075,872
2026/02/05/15:56:31,5619.328126,0.762500,0.649353,0.762500,0.649353,63,47,43,31,0,0,0,0,1726,1382,1075,875
2026/02/05/15:56:32,5620.328655,0.762500,0.649353,0.762500,0.649353,63,47,43,31,0,0,0,0,1726,1382,1075,875
2026/02/05/15:56:33,5621.329476,0.764156,0.662095,0.764156,0.662095,65,47,42,31,0,0,0,0,1726,1382,1076,875
2026/02/05/15:56:34,5622.330349,0.764156,0.662095,0.764156,0.662095,65,47,42,31,0,0,0,0,1726,1382,1076,875
2026/02/05/15:56:35,5623.331394,0.764156,0.662095,0.764156,0.662095,65,47,42,31,0,0,0,0,1726,1382,1076,875
2026/02/05/15:56:36,5624.332359,0.764156,0.662095,0.764156,0.662095,65,47,42,31,0,0,0,0,1726,1382,1076,875
2026/02/05/15:56:37,5625.333063,0.764156,0.662095,0.764156,0.662095,65,47,42,31,0,0,0,0,1726,1382,1076,875
2026/02/05/15:56:38,5626.333643,0.755969,0.633207,0.755969,0.633207,63,45,42,31,0,0,0,0,1728,1384,1076,875
2026/02/05/15:56:39,5627.334522,0.761312,0.638350,0.761312,0.638350,66,45,42,31,0,0,0,0,1728,1384,1076,875
2026/02/05/15:56:40,5628.335227,0.761312,0.638350,0.761312,0.638350,66,45,42,31,0,0,0,0,1728,1384,1076,875
2026/02/05/15:56:41,5629.336011,0.761312,0.638350,0.761312,0.638350,66,45,42,31,0,0,0,0,1728,1384,1076,875
2026/02/05/15:56:42,5630.336987,0.757812,0.634413,0.757812,0.634413,66,43,42,31,0,0,0,0,1728,1386,1076,875
2026/02/05/15:56:43,5631.337910,0.757812,0.634413,0.757812,0.634413,66,43,42,31,0,0,0,0,1728,1386,1076,875
2026/02/05/15:56:44,5632.338696,0.757812,0.634413,0.757812,0.634413,66,43,42,31,0,0,0,0,1728,1386,1076,875
2026/02/05/15:56:45,5633.339473,0.757812,0.634413,0.757812,0.634413,66,43,42,31,0,0,0,0,1728,1386,1076,875
2026/02/05/15:56:46,5634.340312,0.757812,0.634413,0.757812,0.634413,66,43,42,31,0,0,0,0,1728,1386,1076,875
2026/02/05/15:56:47,5635.341274,0.757812,0.634413,0.757812,0.634413,66,43,42,31,0,0,0,0,1728,1386,1076,875
2026/02/05/15:56:48,5636.342200,0.757812,0.634413,0.757812,0.634413,66,43,42,31,0,0,0,0,1728,1386,1076,875
2026/02/05/15:56:49,5637.342937,0.757812,0.634413,0.757812,0.634413,66,43,42,31,0,0,0,0,1728,1386,1076,875
2026/02/05/15:56:50,5638.343946,0.757812,0.634413,0.757812,0.634413,66,43,42,31,0,0,0,0,1728,1386,1076,875
2026/02/05/15:56:51,5639.344575,0.757812,0.634413,0.757812,0.634413,66,43,42,31,0,0,0,0,1728,1386,1076,875
2026/02/05/15:56:52,5640.345495,0.757812,0.634413,0.757812,0.634413,66,43,42,31,0,0,0,0,1728,1386,1076,875
2026/02/05/15:56:53,5641.346171,0.757812,0.634413,0.757812,0.634413,66,43,42,31,0,0,0,0,1728,1386,1076,875
2026/02/05/15:56:54,5642.346853,0.757812,0.634413,0.757812,0.634413,66,43,42,31,0,0,0,0,1728,1386,1076,875
2026/02/05/15:56:55,5643.347584,0.757812,0.634413,0.757812,0.634413,66,43,42,31,0,0,0,0,1728,1386,1076,875
2026/02/05/15:56:56,5644.348267,0.752469,0.629270,0.752469,0.629270,63,43,42,31,0,0,0,0,1731,1386,1076,875
2026/02/05/15:56:57,5645.349073,0.752469,0.629270,0.752469,0.629270,63,43,42,31,0,0,0,0,1731,1386,1076,875
2026/02/05/15:56:58,5646.349804,0.752469,0.629270,0.752469,0.629270,63,43,42,31,0,0,0,0,1731,1386,1076,875
2026/02/05/15:56:59,5647.350318,0.768594,0.654408,0.782781,0.656252,66,45,45,31,1,0,0,0,1731,1386,1076,875
2026/02/05/15:57:00,5648.351177,0.797813,0.680179,0.826187,0.683868,67,49,45,31,2,0,0,0,1731,1386,1076,875
2026/02/05/15:57:01,5649.351948,0.793250,0.670477,0.821625,0.674167,67,47,45,31,2,0,0,0,1731,1388,1076,875
2026/02/05/15:57:02,5650.352578,0.810063,0.658730,0.810063,0.658730,66,47,42,31,0,0,0,0,1734,1388,1079,875
2026/02/05/15:57:03,5651.353390,0.810063,0.658730,0.810063,0.658730,66,47,42,31,0,0,0,0,1734,1388,1079,875
2026/02/05/15:57:04,5652.353982,0.802250,0.657140,0.802250,0.657140,66,46,42,31,0,0,0,0,1734,1389,1079,875
2026/02/05/15:57:05,5653.354897,0.802250,0.657140,0.802250,0.657140,66,46,42,31,0,0,0,0,1734,1389,1079,875
2026/02/05/15:57:06,5654.355556,0.802250,0.657140,0.802250,0.657140,66,46,42,31,0,0,0,0,1734,1389,1079,875
2026/02/05/15:57:07,5655.356344,0.759687,0.651606,0.759687,0.651606,63,46,42,31,0,0,0,0,1737,1389,1079,875
2026/02/05/15:57:08,5656.357160,0.759687,0.651606,0.759687,0.651606,63,46,42,31,0,0,0,0,1737,1389,1079,875
2026/02/05/15:57:09,5657.357788,0.752469,0.629270,0.752469,0.629270,63,43,42,31,0,0,0,0,1737,1392,1079,875
2026/02/05/15:57:10,5658.358452,0.752469,0.629270,0.752469,0.629270,63,43,42,31,0,0,0,0,1737,1392,1079,875
2026/02/05/15:57:11,5659.359450,0.752469,0.629270,0.752469,0.629270,63,43,42,31,0,0,0,0,1737,1392,1079,875
2026/02/05/15:57:12,5660.360440,0.752469,0.629270,0.752469,0.629270,63,43,42,31,0,0,0,0,1737,1392,1079,875
2026/02/05/15:57:13,5661.361468,0.752469,0.629270,0.752469,0.629270,63,43,42,31,0,0,0,0,1737,1392,1079,875
2026/02/05/15:57:14,5662.362304,0.773781,0.689245,0.773781,0.689245,64,47,42,31,0,0,0,0,1737,1392,1079,875
2026/02/05/15:57:15,5663.363169,0.773781,0.689245,0.773781,0.689245,64,47,42,31,0,0,0,0,1737,1392,1079,875
2026/02/05/15:57:16,5664.364032,0.764125,0.631321,0.764125,0.631321,64,43,42,31,0,0,0,0,1737,1396,1079,875
2026/02/05/15:57:17,5665.364854,0.764125,0.631321,0.764125,0.631321,64,43,42,31,0,0,0,0,1737,1396,1079,875
2026/02/05/15:57:18,5666.365759,0.764125,0.631321,0.764125,0.631321,64,43,42,31,0,0,0,0,1737,1396,1079,875
2026/02/05/15:57:19,5667.366714,0.764125,0.631321,0.764125,0.631321,64,43,42,31,0,0,0,0,1737,1396,1079,875
2026/02/05/15:57:20,5668.367471,0.752469,0.629270,0.752469,0.629270,63,43,42,31,0,0,0,0,1738,1396,1079,875
2026/02/05/15:57:21,5669.368074,0.746844,0.624088,0.746844,0.624088,63,43,39,31,0,0,0,0,1738,1396,1082,875
2026/02/05/15:57:22,5670.368959,0.738531,0.620223,0.738531,0.620223,63,41,39,31,0,0,0,0,1738,1398,1082,875
2026/02/05/15:57:23,5671.369691,0.738531,0.620223,0.738531,0.620223,63,41,39,31,0,0,0,0,1738,1398,1082,875
2026/02/05/15:57:24,5672.370686,0.738531,0.620223,0.738531,0.620223,63,41,39,31,0,0,0,0,1738,1398,1082,875
2026/02/05/15:57:25,5673.371438,0.738531,0.620223,0.738531,0.620223,63,41,39,31,0,0,0,0,1738,1398,1082,875
2026/02/05/15:57:26,5674.372236,0.738531,0.620223,0.738531,0.620223,63,41,39,31,0,0,0,0,1738,1398,1082,875
2026/02/05/15:57:27,5675.373213,0.738531,0.620223,0.738531,0.620223,63,41,39,31,0,0,0,0,1738,1398,1082,875
2026/02/05/15:57:28,5676.373966,0.738531,0.620223,0.738531,0.620223,63,41,39,31,0,0,0,0,1738,1398,1082,875
2026/02/05/15:57:29,5677.374722,0.738531,0.620223,0.738531,0.620223,63,41,39,31,0,0,0,0,1738,1398,1082,875
2026/02/05/15:57:30,5678.375355,0.738531,0.620223,0.738531,0.620223,63,41,39,31,0,0,0,0,1738,1398,1082,875
2026/02/05/15:57:31,5679.376030,0.738531,0.620223,0.738531,0.620223,63,41,39,31,0,0,0,0,1738,1398,1082,875
2026/02/05/15:57:32,5680.376513,0.738531,0.620223,0.738531,0.620223,63,41,39,31,0,0,0,0,1738,1398,1082,875
2026/02/05/15:57:33,5681.377080,0.738531,0.620223,0.738531,0.620223,63,41,39,31,0,0,0,0,1738,1398,1082,875
2026/02/05/15:57:34,5682.377778,0.738531,0.620223,0.738531,0.620223,63,41,39,31,0,0,0,0,1738,1398,1082,875
2026/02/05/15:57:35,5683.378473,0.738531,0.620223,0.738531,0.620223,63,41,39,31,0,0,0,0,1738,1398,1082,875
2026/02/05/15:57:36,5684.379187,0.738531,0.620223,0.738531,0.620223,63,41,39,31,0,0,0,0,1738,1398,1082,875
2026/02/05/15:57:37,5685.380060,0.738531,0.620223,0.738531,0.620223,63,41,39,31,0,0,0,0,1738,1398,1082,875
2026/02/05/15:57:38,5686.380828,0.738531,0.620223,0.738531,0.620223,63,41,39,31,0,0,0,0,1738,1398,1082,875
2026/02/05/15:57:39,5687.381467,0.738531,0.620223,0.738531,0.620223,63,41,39,31,0,0,0,0,1738,1398,1082,875
2026/02/05/15:57:40,5688.382062,0.738531,0.620223,0.738531,0.620223,63,41,39,31,0,0,0,0,1738,1398,1082,875
2026/02/05/15:57:41,5689.382762,0.738531,0.620223,0.738531,0.620223,63,41,39,31,0,0,0,0,1738,1398,1082,875
2026/02/05/15:57:42,5690.383361,0.738531,0.620223,0.738531,0.620223,63,41,39,31,0,0,0,0,1738,1398,1082,875
2026/02/05/15:57:43,5691.384271,0.738531,0.620223,0.738531,0.620223,63,41,39,31,0,0,0,0,1738,1398,1082,875
2026/02/05/15:57:44,5692.385106,0.738531,0.620223,0.738531,0.620223,63,41,39,31,0,0,0,0,1738,1398,1082,875
2026/02/05/15:57:45,5693.385886,0.740594,0.623364,0.740594,0.623364,63,42,39,31,0,0,0,0,1738,1398,1082,875
2026/02/05/15:57:46,5694.386664,0.740594,0.623364,0.740594,0.623364,63,42,39,31,0,0,0,0,1738,1398,1082,875
2026/02/05/15:57:47,5695.387654,0.740594,0.623364,0.740594,0.623364,63,42,39,31,0,0,0,0,1738,1398,1082,875
2026/02/05/15:57:48,5696.388563,0.740594,0.623364,0.740594,0.623364,63,42,39,31,0,0,0,0,1738,1398,1082,875
2026/02/05/15:57:49,5697.389334,0.740594,0.623364,0.740594,0.623364,63,42,39,31,0,0,0,0,1738,1398,1082,875
2026/02/05/15:57:50,5698.389944,0.740594,0.623364,0.740594,0.623364,63,42,39,31,0,0,0,0,1738,1398,1082,875
2026/02/05/15:57:51,5699.390706,0.740594,0.623364,0.740594,0.623364,63,42,39,31,0,0,0,0,1738,1398,1082,875
2026/02/05/15:57:52,5700.391278,0.740594,0.623364,0.740594,0.623364,63,42,39,31,0,0,0,0,1738,1398,1082,875
2026/02/05/15:57:53,5701.391999,0.738531,0.620223,0.738531,0.620223,63,41,39,31,0,0,0,0,1738,1399,1082,875
2026/02/05/15:57:54,5702.392676,0.738531,0.620223,0.749563,0.628626,63,41,39,31,2,0,0,1,1738,1399,1082,875
2026/02/05/15:57:55,5703.393152,0.776844,0.662714,0.776844,0.662714,73,41,39,34,0,0,0,0,1738,1399,1082,875
2026/02/05/15:57:56,5704.393819,0.789125,0.672448,0.789125,0.672448,73,41,41,37,0,0,0,0,1738,1399,1082,875
2026/02/05/15:57:57,5705.394368,0.789125,0.672448,0.789125,0.672448,73,41,41,37,0,0,0,0,1738,1399,1082,875
2026/02/05/15:57:58,5706.395137,0.785250,0.668868,0.785250,0.668868,71,41,41,37,0,0,0,0,1740,1399,1082,875
2026/02/05/15:57:59,5707.395931,0.783687,0.668644,0.783687,0.668644,72,41,41,36,0,0,0,0,1740,1399,1082,876
2026/02/05/15:58:00,5708.396478,0.781312,0.666381,0.781312,0.666381,71,41,41,36,0,0,0,0,1741,1399,1082,876
2026/02/05/15:58:01,5709.397321,0.779687,0.664690,0.779687,0.664690,70,41,41,36,0,0,0,0,1742,1399,1082,876
2026/02/05/15:58:02,5710.398123,0.779687,0.664690,0.779687,0.664690,70,41,41,36,0,0,0,0,1742,1399,1082,876
2026/02/05/15:58:03,5711.398664,0.805500,0.710009,0.805500,0.710009,70,43,46,37,0,0,0,0,1742,1399,1082,877
2026/02/05/15:58:04,5712.399462,0.797813,0.692492,0.797813,0.692492,67,43,46,37,0,0,0,0,1745,1399,1082,877
2026/02/05/15:58:05,5713.400056,0.792250,0.683736,0.792250,0.683736,67,43,46,35,0,0,0,0,1745,1399,1082,879
2026/02/05/15:58:06,5714.400929,0.792250,0.683736,0.792250,0.683736,67,43,46,35,0,0,0,0,1745,1399,1082,879
2026/02/05/15:58:07,5715.401594,0.789844,0.680056,0.789844,0.680056,66,43,46,35,0,0,0,0,1746,1399,1082,879
2026/02/05/15:58:08,5716.402158,0.783281,0.660723,0.783281,0.660723,66,41,46,35,0,0,0,0,1746,1401,1082,879
2026/02/05/15:58:09,5717.402726,0.783281,0.660723,0.783281,0.660723,66,41,46,35,0,0,0,0,1746,1401,1082,879
2026/02/05/15:58:10,5718.403363,0.770813,0.654286,0.770813,0.654286,66,41,43,35,0,0,0,0,1746,1401,1085,879
2026/02/05/15:58:11,5719.404030,0.770813,0.654286,0.770813,0.654286,66,41,43,35,0,0,0,0,1746,1401,1085,879
2026/02/05/15:58:12,5720.404575,0.806969,0.682537,0.806969,0.682537,67,49,41,38,0,0,0,0,1746,1401,1087,879
2026/02/05/15:58:13,5721.405204,0.820094,0.690957,0.820094,0.690957,69,49,41,40,0,0,0,0,1746,1401,1087,879
2026/02/05/15:58:14,5722.405777,0.795344,0.671470,0.795344,0.671470,69,43,41,40,0,0,0,0,1746,1407,1087,879
2026/02/05/15:58:15,5723.406341,0.791906,0.668097,0.791906,0.668097,69,41,41,40,0,0,0,0,1746,1409,1087,879
2026/02/05/15:58:16,5724.406903,0.785219,0.665082,0.785219,0.665082,68,41,41,40,0,0,0,0,1747,1409,1087,879
2026/02/05/15:58:17,5725.407485,0.785219,0.665082,0.785219,0.665082,68,41,41,40,0,0,0,0,1747,1409,1087,879
2026/02/05/15:58:18,5726.408077,0.783281,0.662566,0.783281,0.662566,68,41,41,39,0,0,0,0,1747,1409,1087,880
2026/02/05/15:58:19,5727.408576,0.821438,0.695224,0.821438,0.695224,68,42,47,42,0,0,0,0,1749,1409,1087,883
2026/02/05/15:58:20,5728.409021,0.850750,0.733890,0.850750,0.733890,70,42,51,42,0,0,0,0,1749,1409,1087,883
2026/02/05/15:58:21,5729.409579,0.879719,0.764386,0.891844,0.767915,70,44,55,43,0,0,0,1,1749,1409,1087,885
2026/02/05/15:58:22,5730.410222,0.864781,0.764188,0.885219,0.769395,69,46,52,46,0,1,0,1,1750,1409,1090,885
2026/02/05/15:58:23,5731.410950,0.871938,0.764303,0.888563,0.767660,69,48,53,45,0,2,0,0,1750,1410,1090,887
2026/02/05/15:58:24,5732.411467,0.883094,0.781749,0.888531,0.791293,70,49,53,46,0,0,0,1,1750,1410,1091,887
2026/02/05/15:58:25,5733.411901,0.873531,0.782805,0.873531,0.782805,69,48,53,46,0,0,0,0,1751,1411,1091,888
2026/02/05/15:58:26,5734.412457,0.854156,0.766270,0.854156,0.766270,69,46,50,46,0,0,0,0,1751,1413,1094,888
2026/02/05/15:58:27,5735.412968,0.836781,0.729786,0.836781,0.729786,69,44,48,42,0,0,0,0,1751,1415,1096,892
2026/02/05/15:58:28,5736.413538,0.828906,0.724427,0.828906,0.724427,69,44,48,39,0,0,0,0,1751,1415,1096,895
2026/02/05/15:58:29,5737.414172,0.824406,0.720235,0.824406,0.720235,69,42,48,39,0,0,0,0,1751,1417,1096,895
2026/02/05/15:58:30,5738.415012,0.824406,0.720235,0.824406,0.720235,69,42,48,39,0,0,0,0,1751,1417,1096,895
2026/02/05/15:58:31,5739.415801,0.817344,0.716860,0.817344,0.716860,69,42,46,39,0,0,0,0,1751,1417,1098,895
2026/02/05/15:58:32,5740.416520,0.817344,0.716860,0.817344,0.716860,69,42,46,39,0,0,0,0,1751,1417,1098,895
2026/02/05/15:58:33,5741.417291,0.817344,0.716860,0.817344,0.716860,69,42,46,39,0,0,0,0,1751,1417,1098,895
2026/02/05/15:58:34,5742.418051,0.813969,0.715192,0.813969,0.715192,69,42,46,38,0,0,0,0,1751,1417,1098,896
2026/02/05/15:58:35,5743.418889,0.807094,0.704205,0.807094,0.704205,69,42,44,38,0,0,0,0,1751,1417,1100,896
2026/02/05/15:58:36,5744.419448,0.803438,0.698735,0.803438,0.698735,69,42,43,38,0,0,0,0,1751,1417,1101,896
2026/02/05/15:58:37,5745.420004,0.803438,0.698735,0.803438,0.698735,69,42,43,38,0,0,0,0,1751,1417,1101,896
2026/02/05/15:58:38,5746.420650,0.793250,0.690337,0.793250,0.690337,69,42,43,34,0,0,0,0,1751,1417,1101,900
2026/02/05/15:58:39,5747.421353,0.782375,0.671249,0.782375,0.671249,69,42,43,32,0,0,0,0,1751,1417,1101,902
2026/02/05/15:58:40,5748.421894,0.780312,0.661430,0.780312,0.661430,68,42,43,32,0,0,0,0,1752,1417,1101,902
2026/02/05/15:58:41,5749.422568,0.780312,0.661430,0.780312,0.661430,68,42,43,32,0,0,0,0,1752,1417,1101,902
2026/02/05/15:58:42,5750.423476,0.780312,0.661430,0.780312,0.661430,68,42,43,32,0,0,0,0,1752,1417,1101,902
2026/02/05/15:58:43,5751.424295,0.780312,0.661430,0.780312,0.661430,68,42,43,32,0,0,0,0,1752,1417,1101,902
2026/02/05/15:58:44,5752.424906,0.780312,0.661430,0.780312,0.661430,68,42,43,32,0,0,0,0,1752,1417,1101,902
2026/02/05/15:58:45,5753.425492,0.780312,0.661430,0.780312,0.661430,68,42,43,32,0,0,0,0,1752,1417,1101,902
2026/02/05/15:58:46,5754.426314,0.780312,0.661430,0.780312,0.661430,68,42,43,32,0,0,0,0,1752,1417,1101,902
2026/02/05/15:58:47,5755.426894,0.780312,0.661430,0.780312,0.661430,68,42,43,32,0,0,0,0,1752,1417,1101,902
2026/02/05/15:58:48,5756.427462,0.780312,0.661430,0.780312,0.661430,68,42,43,32,0,0,0,0,1752,1417,1101,902
2026/02/05/15:58:49,5757.428253,0.780312,0.661430,0.780312,0.661430,68,42,43,32,0,0,0,0,1752,1417,1101,902
2026/02/05/15:58:50,5758.429125,0.776625,0.653271,0.776625,0.653271,66,42,43,32,0,0,0,0,1754,1417,1101,902
2026/02/05/15:58:51,5759.429794,0.774906,0.650351,0.774906,0.650351,66,41,43,32,0,0,0,0,1754,1418,1101,902
2026/02/05/15:58:52,5760.430525,0.774906,0.650351,0.774906,0.650351,66,41,43,32,0,0,0,0,1754,1418,1101,902
2026/02/05/15:58:53,5761.431153,0.785000,0.656355,0.785000,0.656355,68,41,43,32,0,0,0,0,1754,1418,1101,902
2026/02/05/15:58:54,5762.431690,0.785000,0.656355,0.785000,0.656355,68,41,43,32,0,0,0,0,1754,1418,1101,902
2026/02/05/15:58:55,5763.432261,0.785000,0.656355,0.785000,0.656355,68,41,43,32,0,0,0,0,1754,1418,1101,902
2026/02/05/15:58:56,5764.432862,0.785000,0.656355,0.785000,0.656355,68,41,43,32,0,0,0,0,1754,1418,1101,902
2026/02/05/15:58:57,5765.433509,0.795438,0.662221,0.795438,0.662221,68,43,43,32,0,0,0,0,1754,1418,1101,902
2026/02/05/15:58:58,5766.434156,0.795438,0.662221,0.795438,0.662221,68,43,43,32,0,0,0,0,1754,1418,1101,902
2026/02/05/15:58:59,5767.434769,0.795438,0.662221,0.795438,0.662221,68,43,43,32,0,0,0,0,1754,1418,1101,902
2026/02/05/15:59:00,5768.435591,0.782312,0.652837,0.782312,0.652837,67,41,43,32,0,0,0,0,1755,1420,1101,902
2026/02/05/15:59:01,5769.436315,0.782312,0.652837,0.782312,0.652837,67,41,43,32,0,0,0,0,1755,1420,1101,902
2026/02/05/15:59:02,5770.436980,0.782312,0.652837,0.782312,0.652837,67,41,43,32,0,0,0,0,1755,1420,1101,902
2026/02/05/15:59:03,5771.437647,0.800031,0.673298,0.800031,0.673298,70,41,46,32,0,0,0,0,1755,1420,1101,902
2026/02/05/15:59:04,5772.438301,0.831719,0.708150,0.831719,0.708150,76,41,46,35,0,0,0,0,1755,1420,1101,902
2026/02/05/15:59:05,5773.438881,0.823562,0.692231,0.823562,0.692231,72,41,46,35,0,0,0,0,1759,1420,1101,902
2026/02/05/15:59:06,5774.439417,0.820844,0.690278,0.820844,0.690278,71,41,46,35,0,0,0,0,1760,1420,1101,902
2026/02/05/15:59:07,5775.440065,0.820844,0.690278,0.820844,0.690278,71,41,46,35,0,0,0,0,1760,1420,1101,902
2026/02/05/15:59:08,5776.440992,0.820844,0.690278,0.820844,0.690278,71,41,46,35,0,0,0,0,1760,1420,1101,902
2026/02/05/15:59:09,5777.441663,0.820844,0.690278,0.820844,0.690278,71,41,46,35,0,0,0,0,1760,1420,1101,902
2026/02/05/15:59:10,5778.442361,0.820844,0.690278,0.820844,0.690278,71,41,46,35,0,0,0,0,1760,1420,1101,902
2026/02/05/15:59:11,5779.442980,0.809219,0.685259,0.809219,0.685259,71,41,43,35,0,0,0,0,1760,1420,1104,902
2026/02/05/15:59:12,5780.443540,0.809219,0.685259,0.809219,0.685259,71,41,43,35,0,0,0,0,1760,1420,1104,902
2026/02/05/15:59:13,5781.444154,0.816344,0.692183,0.816344,0.692183,71,43,43,35,0,0,0,0,1760,1420,1104,902
2026/02/05/15:59:14,5782.444800,0.816344,0.692183,0.816344,0.692183,71,43,43,35,0,0,0,0,1760,1420,1104,902
2026/02/05/15:59:15,5783.445551,0.816344,0.692183,0.816344,0.692183,71,43,43,35,0,0,0,0,1760,1420,1104,902
2026/02/05/15:59:16,5784.446261,0.812031,0.686986,0.812031,0.686986,69,43,43,35,0,0,0,0,1762,1420,1104,902
2026/02/05/15:59:17,5785.446987,0.812031,0.686986,0.812031,0.686986,69,43,43,35,0,0,0,0,1762,1420,1104,902
2026/02/05/15:59:18,5786.447817,0.812031,0.686986,0.812031,0.686986,69,43,43,35,0,0,0,0,1762,1420,1104,902
2026/02/05/15:59:19,5787.448442,0.812031,0.686986,0.812031,0.686986,69,43,43,35,0,0,0,0,1762,1420,1104,902
2026/02/05/15:59:20,5788.449152,0.799844,0.677221,0.799844,0.677221,69,43,43,32,0,0,0,0,1762,1420,1104,905
2026/02/05/15:59:21,5789.449920,0.799844,0.677221,0.799844,0.677221,69,43,43,32,0,0,0,0,1762,1420,1104,905
2026/02/05/15:59:22,5790.450459,0.799844,0.677221,0.799844,0.677221,69,43,43,32,0,0,0,0,1762,1420,1104,905
2026/02/05/15:59:23,5791.451272,0.792719,0.670297,0.792719,0.670297,69,41,43,32,0,0,0,0,1762,1422,1104,905
2026/02/05/15:59:24,5792.452116,0.792719,0.670297,0.792719,0.670297,69,41,43,32,0,0,0,0,1762,1422,1104,905
2026/02/05/15:59:25,5793.452831,0.792719,0.670297,0.792719,0.670297,69,41,43,32,0,0,0,0,1762,1422,1104,905
2026/02/05/15:59:26,5794.453612,0.792719,0.670297,0.792719,0.670297,69,41,43,32,0,0,0,0,1762,1422,1104,905
2026/02/05/15:59:27,5795.454457,0.792719,0.670297,0.792719,0.670297,69,41,43,32,0,0,0,0,1762,1422,1104,905
2026/02/05/15:59:28,5796.455085,0.792719,0.670297,0.792719,0.670297,69,41,43,32,0,0,0,0,1762,1422,1104,905
2026/02/05/15:59:29,5797.455877,0.792719,0.670297,0.792719,0.670297,69,41,43,32,0,0,0,0,1762,1422,1104,905
2026/02/05/15:59:30,5798.456649,0.792719,0.670297,0.792719,0.670297,69,41,43,32,0,0,0,0,1762,1422,1104,905
2026/02/05/15:59:31,5799.457153,0.792719,0.670297,0.792719,0.670297,69,41,43,32,0,0,0,0,1762,1422,1104,905
2026/02/05/15:59:32,5800.457805,0.792719,0.670297,0.792719,0.670297,69,41,43,32,0,0,0,0,1762,1422,1104,905
2026/02/05/15:59:33,5801.458488,0.792719,0.670297,0.792719,0.670297,69,41,43,32,0,0,0,0,1762,1422,1104,905
2026/02/05/15:59:34,5802.459066,0.835969,0.704626,0.845219,0.707546,70,45,45,35,1,0,0,0,1762,1422,1104,905
2026/02/05/15:59:35,5803.459676,0.847625,0.717300,0.856875,0.720220,70,48,47,35,1,0,0,0,1762,1422,1104,905
2026/02/05/15:59:36,5804.460249,0.847625,0.717300,0.856875,0.720220,70,48,47,35,1,0,0,0,1762,1422,1104,905
2026/02/05/15:59:37,5805.460865,0.849719,0.738625,0.849719,0.738625,74,44,47,38,0,0,0,0,1763,1426,1104,905
2026/02/05/15:59:38,5806.461457,0.856187,0.745644,0.856187,0.745644,75,45,47,38,0,0,0,0,1763,1426,1104,905
2026/02/05/15:59:39,5807.462174,0.848688,0.738658,0.848688,0.738658,75,45,47,35,0,0,0,0,1763,1426,1104,908
2026/02/05/15:59:40,5808.462980,0.848688,0.738658,0.848688,0.738658,75,45,47,35,0,0,0,0,1763,1426,1104,908
2026/02/05/15:59:41,5809.463623,0.855219,0.768678,0.855219,0.768678,75,46,49,35,0,0,0,0,1763,1426,1104,908
2026/02/05/15:59:42,5810.464377,0.855219,0.768678,0.855219,0.768678,75,46,49,35,0,0,0,0,1763,1426,1104,908
2026/02/05/15:59:43,5811.464960,0.826063,0.746000,0.826063,0.746000,73,44,49,32,0,0,0,0,1765,1428,1104,911
2026/02/05/15:59:44,5812.465715,0.815937,0.737499,0.815937,0.737499,73,44,47,32,0,0,0,0,1765,1428,1106,911
2026/02/05/15:59:45,5813.466369,0.853031,0.768025,0.853031,0.768025,72,50,47,35,0,0,0,0,1767,1428,1106,911
2026/02/05/15:59:46,5814.467013,0.854531,0.755881,0.892406,0.771593,72,52,46,35,0,0,0,3,1767,1428,1108,911
2026/02/05/15:59:47,5815.467672,0.867469,0.779640,0.921281,0.803680,74,53,50,35,0,0,0,5,1767,1428,1108,911
2026/02/05/15:59:48,5816.468181,0.870094,0.784135,0.956156,0.819415,74,54,50,35,0,3,0,5,1767,1428,1108,911
2026/02/05/15:59:49,5817.468753,0.861563,0.770006,0.931688,0.796959,74,54,45,35,0,3,0,3,1767,1428,1113,911
2026/02/05/15:59:50,5818.469309,0.861563,0.770006,0.931688,0.796959,74,54,45,35,0,3,0,3,1767,1428,1113,911
2026/02/05/15:59:51,5819.469847,0.859594,0.768048,0.929719,0.795001,74,53,45,35,0,3,0,3,1767,1429,1113,911
2026/02/05/15:59:52,5820.470583,0.855531,0.755435,0.902281,0.773403,72,51,45,36,0,2,0,2,1769,1432,1113,911
2026/02/05/15:59:53,5821.471316,0.858000,0.748715,0.892125,0.761446,72,50,45,34,0,2,0,1,1769,1433,1113,914
2026/02/05/15:59:54,5822.471856,0.850187,0.733792,0.884312,0.746524,69,49,45,34,0,2,0,1,1772,1434,1113,914
2026/02/05/15:59:55,5823.472419,0.888219,0.758028,0.940031,0.775638,73,49,48,38,0,4,0,1,1772,1434,1113,914
2026/02/05/15:59:56,5824.472970,0.888219,0.758028,0.940031,0.775638,73,49,48,38,0,4,0,1,1772,1434,1113,914
2026/02/05/15:59:57,5825.473623,0.881031,0.750743,0.915156,0.763474,73,51,46,35,0,2,0,1,1772,1434,1115,917
2026/02/05/15:59:58,5826.474164,0.879031,0.747935,0.913156,0.760666,72,51,46,35,0,2,0,1,1773,1434,1115,917
2026/02/05/15:59:59,5827.474743,0.873969,0.742879,0.908094,0.755610,69,51,46,35,0,2,0,1,1776,1434,1115,917
2026/02/05/16:00:00,5828.475527,0.873969,0.742879,0.908094,0.755610,69,51,46,35,0,2,0,1,1776,1434,1115,917
2026/02/05/16:00:01,5829.476113,0.873969,0.742879,0.908094,0.755610,69,51,46,35,0,2,0,1,1776,1434,1115,917
2026/02/05/16:00:02,5830.476676,0.875594,0.750160,0.909719,0.762891,69,51,47,35,0,2,0,1,1776,1434,1115,917
2026/02/05/16:00:03,5831.477480,0.867219,0.738986,0.901344,0.751718,69,49,47,34,0,2,0,1,1776,1436,1115,918
2026/02/05/16:00:04,5832.478117,0.873406,0.774160,0.907531,0.786891,69,52,47,34,0,2,0,1,1776,1436,1115,918
2026/02/05/16:00:05,5833.478758,0.883062,0.783949,0.917188,0.796681,72,53,47,34,0,2,0,1,1776,1436,1115,918
2026/02/05/16:00:06,5834.479539,0.863688,0.776996,0.897813,0.789727,71,51,47,34,0,2,0,1,1777,1438,1115,918
2026/02/05/16:00:07,5835.480394,0.870750,0.777180,0.894125,0.786164,70,51,47,34,0,1,0,1,1778,1439,1115,918
2026/02/05/16:00:08,5836.481104,0.870750,0.777180,0.894125,0.786164,70,51,47,34,0,1,0,1,1778,1439,1115,918
2026/02/05/16:00:09,5837.481859,0.870750,0.777180,0.894125,0.786164,70,51,47,34,0,1,0,1,1778,1439,1115,918
2026/02/05/16:00:10,5838.482703,0.870750,0.777180,0.894125,0.786164,70,51,47,34,0,1,0,1,1778,1439,1115,918
2026/02/05/16:00:11,5839.483356,0.870750,0.777180,0.894125,0.786164,70,51,47,34,0,1,0,1,1778,1439,1115,918
2026/02/05/16:00:12,5840.484252,0.870750,0.777180,0.894125,0.786164,70,51,47,34,0,1,0,1,1778,1439,1115,918
2026/02/05/16:00:13,5841.484963,0.866125,0.773978,0.889500,0.782962,70,51,45,34,0,1,0,1,1778,1439,1117,918
2026/02/05/16:00:14,5842.485759,0.866125,0.773978,0.889500,0.782962,70,51,45,34,0,1,0,1,1778,1439,1117,918
2026/02/05/16:00:15,5843.486547,0.863156,0.771955,0.886531,0.780939,70,51,44,34,0,1,0,1,1778,1439,1118,918
2026/02/05/16:00:16,5844.487408,0.863156,0.771955,0.886531,0.780939,70,51,44,34,0,1,0,1,1778,1439,1118,918
2026/02/05/16:00:17,5845.488030,0.856969,0.736782,0.880344,0.745766,70,48,44,34,0,1,0,1,1778,1442,1118,918
2026/02/05/16:00:18,5846.488544,0.856969,0.736782,0.880344,0.745766,70,48,44,34,0,1,0,1,1778,1442,1118,918
2026/02/05/16:00:19,5847.489161,0.865156,0.740064,0.888531,0.749048,70,50,44,34,0,1,0,1,1778,1442,1118,918
2026/02/05/16:00:20,5848.489745,0.857187,0.731841,0.880563,0.740825,67,50,44,34,0,1,0,1,1781,1442,1118,918
2026/02/05/16:00:21,5849.490584,0.854812,0.729828,0.878188,0.738813,67,49,44,34,0,1,0,1,1781,1443,1118,918
2026/02/05/16:00:22,5850.491176,0.854812,0.729828,0.878188,0.738813,67,49,44,34,0,1,0,1,1781,1443,1118,918
2026/02/05/16:00:23,5851.491960,0.854812,0.729828,0.878188,0.738813,67,49,44,34,0,1,0,1,1781,1443,1118,918
2026/02/05/16:00:24,5852.492718,0.854812,0.729828,0.878188,0.738813,67,49,44,34,0,1,0,1,1781,1443,1118,918
2026/02/05/16:00:25,5853.493502,0.859031,0.731934,0.871656,0.737172,67,49,44,34,0,0,0,1,1781,1444,1118,918
2026/02/05/16:00:26,5854.494127,0.859031,0.731934,0.871656,0.737172,67,49,44,34,0,0,0,1,1781,1444,1118,918
2026/02/05/16:00:27,5855.494888,0.882906,0.743242,0.895531,0.748479,71,49,44,34,0,0,0,1,1781,1444,1118,918
2026/02/05/16:00:28,5856.495756,0.882906,0.743242,0.895531,0.748479,71,49,44,34,0,0,0,1,1781,1444,1118,918
2026/02/05/16:00:29,5857.496541,0.882906,0.743242,0.895531,0.748479,71,49,44,34,0,0,0,1,1781,1444,1118,918
2026/02/05/16:00:30,5858.497276,0.882906,0.743242,0.895531,0.748479,71,49,44,34,0,0,0,1,1781,1444,1118,918
2026/02/05/16:00:31,5859.497997,0.862094,0.734274,0.874719,0.739512,68,49,44,34,0,0,0,1,1784,1444,1118,918
2026/02/05/16:00:32,5860.498440,0.871844,0.752551,0.884469,0.757788,69,50,45,34,0,0,0,1,1784,1445,1118,918
2026/02/05/16:00:33,5861.499078,0.879594,0.761678,0.902969,0.768802,71,50,46,34,0,1,0,1,1784,1445,1118,918
2026/02/05/16:00:34,5862.499778,0.895719,0.770328,0.933969,0.790956,71,53,46,34,0,3,0,1,1784,1445,1118,918
2026/02/05/16:00:35,5863.500430,0.891719,0.764604,0.929969,0.785232,69,53,46,34,0,3,0,1,1786,1445,1118,918
2026/02/05/16:00:36,5864.501288,0.891719,0.764604,0.929969,0.785232,69,53,46,34,0,3,0,1,1786,1445,1118,918
2026/02/05/16:00:37,5865.502157,0.895406,0.767953,0.915469,0.779942,69,54,45,34,0,1,0,1,1786,1445,1119,918
2026/02/05/16:00:38,5866.502901,0.895406,0.767953,0.915469,0.779942,69,54,45,34,0,1,0,1,1786,1445,1119,918
2026/02/05/16:00:39,5867.503669,0.886344,0.753919,0.898969,0.759157,69,53,44,34,0,0,0,1,1786,1446,1120,918
2026/02/05/16:00:40,5868.504395,0.886344,0.753919,0.898969,0.759157,69,53,44,34,0,0,0,1,1786,1446,1120,918
2026/02/05/16:00:41,5869.505176,0.886344,0.753919,0.898969,0.759157,69,53,44,34,0,0,0,1,1786,1446,1120,918
2026/02/05/16:00:42,5870.505832,0.886344,0.753919,0.898969,0.759157,69,53,44,34,0,0,0,1,1786,1446,1120,918
2026/02/05/16:00:43,5871.506620,0.886344,0.753919,0.898969,0.759157,69,53,44,34,0,0,0,1,1786,1446,1120,918
2026/02/05/16:00:44,5872.507453,0.886344,0.753919,0.898969,0.759157,69,53,44,34,0,0,0,1,1786,1446,1120,918
2026/02/05/16:00:45,5873.508314,0.886344,0.753919,0.898969,0.759157,69,53,44,34,0,0,0,1,1786,1446,1120,918
2026/02/05/16:00:46,5874.508887,0.886344,0.753919,0.898969,0.759157,69,53,44,34,0,0,0,1,1786,1446,1120,918
2026/02/05/16:00:47,5875.509706,0.880656,0.738938,0.893281,0.744175,69,53,42,34,0,0,0,1,1786,1446,1122,918
2026/02/05/16:00:48,5876.510334,0.864531,0.730288,0.877156,0.735525,69,50,42,34,0,0,0,1,1786,1449,1122,918
2026/02/05/16:00:49,5877.511056,0.901844,0.795218,0.916594,0.813062,74,50,43,38,1,0,0,1,1786,1449,1122,918
2026/02/05/16:00:50,5878.511674,0.901844,0.795218,0.916594,0.813062,74,50,43,38,1,0,0,1,1786,1449,1122,918
2026/02/05/16:00:51,5879.512289,0.904406,0.800397,0.919156,0.818241,74,51,46,36,1,0,0,1,1786,1449,1122,920
2026/02/05/16:00:52,5880.512853,0.902250,0.798267,0.929562,0.821273,74,51,45,36,1,1,0,1,1786,1449,1123,920
2026/02/05/16:00:53,5881.513524,0.882563,0.792188,0.897312,0.810032,74,49,45,36,1,0,0,1,1786,1452,1123,920
2026/02/05/16:00:54,5882.514195,0.878781,0.788312,0.893531,0.806156,74,48,45,36,1,0,0,1,1786,1453,1123,920
2026/02/05/16:00:55,5883.514998,0.878781,0.788312,0.893531,0.806156,74,48,45,36,1,0,0,1,1786,1453,1123,920
2026/02/05/16:00:56,5884.515692,0.878844,0.788387,0.880969,0.800995,74,47,45,37,1,0,0,0,1786,1454,1123,920
2026/02/05/16:00:57,5885.516285,0.872563,0.786193,0.874687,0.798801,73,47,45,37,1,0,0,0,1787,1454,1123,920
2026/02/05/16:00:58,5886.517186,0.862125,0.794412,0.862125,0.794412,72,47,45,37,0,0,0,0,1789,1454,1123,920
2026/02/05/16:00:59,5887.517850,0.862125,0.794412,0.862125,0.794412,72,47,45,37,0,0,0,0,1789,1454,1123,920
2026/02/05/16:01:00,5888.518796,0.862125,0.794412,0.862125,0.794412,72,47,45,37,0,0,0,0,1789,1454,1123,920
2026/02/05/16:01:01,5889.519373,0.864062,0.796111,0.930375,0.831223,72,47,46,37,2,4,0,0,1789,1454,1123,920
2026/02/05/16:01:02,5890.520038,0.864062,0.796111,0.930375,0.831223,72,47,46,37,2,4,0,0,1789,1454,1123,920
2026/02/05/16:01:03,5891.520585,0.864062,0.796111,0.930375,0.831223,72,47,46,37,2,4,0,0,1789,1454,1123,920
2026/02/05/16:01:04,5892.521251,0.872719,0.800538,0.883312,0.806663,73,47,45,37,1,0,0,0,1789,1454,1124,920
2026/02/05/16:01:05,5893.521771,0.872719,0.800538,0.883312,0.806663,73,47,45,37,1,0,0,0,1789,1454,1124,920
2026/02/05/16:01:06,5894.522554,0.862125,0.794412,0.862125,0.794412,72,47,45,37,0,0,0,0,1790,1454,1124,920
2026/02/05/16:01:07,5895.523254,0.858719,0.791213,0.858719,0.791213,71,47,45,37,0,0,0,0,1791,1454,1124,920
2026/02/05/16:01:08,5896.523988,0.853594,0.764556,0.853594,0.764556,71,47,45,35,0,0,0,0,1791,1454,1124,922
2026/02/05/16:01:09,5897.524631,0.853594,0.764556,0.853594,0.764556,71,47,45,35,0,0,0,0,1791,1454,1124,922
2026/02/05/16:01:10,5898.525149,0.853594,0.764556,0.853594,0.764556,71,47,45,35,0,0,0,0,1791,1454,1124,922
2026/02/05/16:01:11,5899.525789,0.853594,0.764556,0.853594,0.764556,71,47,45,35,0,0,0,0,1791,1454,1124,922
2026/02/05/16:01:12,5900.526354,0.851094,0.760534,0.851094,0.760534,71,47,45,34,0,0,0,0,1791,1454,1124,923
2026/02/05/16:01:13,5901.527109,0.851094,0.760534,0.851094,0.760534,71,47,45,34,0,0,0,0,1791,1454,1124,923
2026/02/05/16:01:14,5902.527854,0.851094,0.760534,0.851094,0.760534,71,47,45,34,0,0,0,0,1791,1454,1124,923
2026/02/05/16:01:15,5903.528570,0.851094,0.760534,0.851094,0.760534,71,47,45,34,0,0,0,0,1791,1454,1124,923
2026/02/05/16:01:16,5904.529121,0.851094,0.760534,0.851094,0.760534,71,47,45,34,0,0,0,0,1791,1454,1124,923
2026/02/05/16:01:17,5905.529737,0.851094,0.760534,0.851094,0.760534,71,47,45,34,0,0,0,0,1791,1454,1124,923
2026/02/05/16:01:18,5906.530458,0.851094,0.760534,0.851094,0.760534,71,47,45,34,0,0,0,0,1791,1454,1124,923
2026/02/05/16:01:19,5907.531217,0.851094,0.760534,0.851094,0.760534,71,47,45,34,0,0,0,0,1791,1454,1124,923
2026/02/05/16:01:20,5908.531992,0.851094,0.760534,0.851094,0.760534,71,47,45,34,0,0,0,0,1791,1454,1124,923
2026/02/05/16:01:21,5909.532672,0.851094,0.760534,0.851094,0.760534,71,47,45,34,0,0,0,0,1791,1454,1124,923
2026/02/05/16:01:22,5910.533486,0.851094,0.760534,0.851094,0.760534,71,47,45,34,0,0,0,0,1791,1454,1124,923
2026/02/05/16:01:23,5911.534031,0.879344,0.818143,0.912000,0.839085,73,51,45,34,0,4,0,0,1791,1454,1124,923
2026/02/05/16:01:24,5912.534566,0.883563,0.815318,0.906312,0.834461,71,52,45,34,0,3,0,0,1793,1454,1124,923
2026/02/05/16:01:25,5913.535080,0.873281,0.806803,0.873281,0.806803,71,50,45,34,0,0,0,0,1793,1457,1124,923
2026/02/05/16:01:26,5914.535968,0.863750,0.804672,0.863750,0.804672,70,50,45,34,0,0,0,0,1794,1457,1124,923
2026/02/05/16:01:27,5915.536513,0.845406,0.755909,0.845406,0.755909,69,47,45,34,0,0,0,0,1795,1460,1124,923
2026/02/05/16:01:28,5916.537055,0.845406,0.755909,0.845406,0.755909,69,47,45,34,0,0,0,0,1795,1460,1124,923
2026/02/05/16:01:29,5917.537797,0.845406,0.755909,0.845406,0.755909,69,47,45,34,0,0,0,0,1795,1460,1124,923
2026/02/05/16:01:30,5918.538433,0.840594,0.741354,0.840594,0.741354,69,45,45,34,0,0,0,0,1795,1462,1124,923
2026/02/05/16:01:31,5919.538993,0.840594,0.741354,0.840594,0.741354,69,45,45,34,0,0,0,0,1795,1462,1124,923
2026/02/05/16:01:32,5920.539771,0.840594,0.741354,0.840594,0.741354,69,45,45,34,0,0,0,0,1795,1462,1124,923
2026/02/05/16:01:33,5921.540313,0.840594,0.741354,0.840594,0.741354,69,45,45,34,0,0,0,0,1795,1462,1124,923
2026/02/05/16:01:34,5922.540979,0.840594,0.741354,0.840594,0.741354,69,45,45,34,0,0,0,0,1795,1462,1124,923
2026/02/05/16:01:35,5923.541834,0.840594,0.741354,0.840594,0.741354,69,45,45,34,0,0,0,0,1795,1462,1124,923
2026/02/05/16:01:36,5924.542437,0.840594,0.741354,0.840594,0.741354,69,45,45,34,0,0,0,0,1795,1462,1124,923
2026/02/05/16:01:37,5925.543178,0.840594,0.741354,0.840594,0.741354,69,45,45,34,0,0,0,0,1795,1462,1124,923
2026/02/05/16:01:38,5926.544003,0.840594,0.741354,0.840594,0.741354,69,45,45,34,0,0,0,0,1795,1462,1124,923
2026/02/05/16:01:39,5927.544807,0.840594,0.741354,0.840594,0.741354,69,45,45,34,0,0,0,0,1795,1462,1124,923
2026/02/05/16:01:40,5928.545632,0.840594,0.741354,0.840594,0.741354,69,45,45,34,0,0,0,0,1795,1462,1124,923
2026/02/05/16:01:41,5929.546421,0.840594,0.741354,0.840594,0.741354,69,45,45,34,0,0,0,0,1795,1462,1124,923
2026/02/05/16:01:42,5930.547184,0.854156,0.755484,0.869375,0.757307,71,45,45,36,0,1,0,0,1795,1462,1124,923
2026/02/05/16:01:43,5931.547713,0.854156,0.755484,0.869375,0.757307,71,45,45,36,0,1,0,0,1795,1462,1124,923
2026/02/05/16:01:44,5932.548368,0.854156,0.755484,0.869375,0.757307,71,45,45,36,0,1,0,0,1795,1462,1124,923
2026/02/05/16:01:45,5933.549078,0.853000,0.751507,0.853000,0.751507,71,46,43,36,0,0,0,0,1795,1462,1126,923
2026/02/05/16:01:46,5934.549819,0.853000,0.751507,0.853000,0.751507,71,46,43,36,0,0,0,0,1795,1462,1126,923
2026/02/05/16:01:47,5935.550396,0.853000,0.751507,0.853000,0.751507,71,46,43,36,0,0,0,0,1795,1462,1126,923
2026/02/05/16:01:48,5936.551024,0.853000,0.751507,0.853000,0.751507,71,46,43,36,0,0,0,0,1795,1462,1126,923
2026/02/05/16:01:49,5937.551829,0.853000,0.751507,0.853000,0.751507,71,46,43,36,0,0,0,0,1795,1462,1126,923
2026/02/05/16:01:50,5938.552558,0.853000,0.751507,0.853000,0.751507,71,46,43,36,0,0,0,0,1795,1462,1126,923
2026/02/05/16:01:51,5939.553157,0.853000,0.751507,0.853000,0.751507,71,46,43,36,0,0,0,0,1795,1462,1126,923
2026/02/05/16:01:52,5940.553787,0.853000,0.751507,0.853000,0.751507,71,46,43,36,0,0,0,0,1795,1462,1126,923
2026/02/05/16:01:53,5941.554425,0.858062,0.756243,0.858062,0.756243,74,46,43,36,0,0,0,0,1795,1462,1126,923
2026/02/05/16:01:54,5942.555125,0.883156,0.779407,0.883156,0.779407,74,54,43,36,0,0,0,0,1795,1462,1126,923
2026/02/05/16:01:55,5943.555670,0.883156,0.779407,0.883156,0.779407,74,54,43,36,0,0,0,0,1795,1462,1126,923
2026/02/05/16:01:56,5944.556236,0.880281,0.777722,0.880281,0.777722,74,53,43,36,0,0,0,0,1795,1463,1126,923
2026/02/05/16:01:57,5945.557136,0.875219,0.772987,0.875219,0.772987,71,53,43,36,0,0,0,0,1798,1463,1126,923
2026/02/05/16:01:58,5946.557706,0.888875,0.777658,0.888875,0.777658,74,53,43,36,0,0,0,0,1798,1465,1126,923
2026/02/05/16:01:59,5947.558393,0.915562,0.804189,0.915562,0.804189,77,55,43,39,0,0,0,0,1798,1465,1126,923
2026/02/05/16:02:00,5948.559072,0.918219,0.814077,0.918219,0.814077,80,53,43,39,0,0,0,0,1799,1467,1126,923
2026/02/05/16:02:01,5949.559785,0.920969,0.834147,0.920969,0.834147,78,56,43,39,0,0,0,0,1801,1467,1126,923
2026/02/05/16:02:02,5950.560278,0.901094,0.806553,0.901094,0.806553,78,53,43,36,0,0,0,0,1801,1470,1126,926
2026/02/05/16:02:03,5951.560809,0.897750,0.804946,0.897750,0.804946,78,52,43,36,0,0,0,0,1801,1471,1126,926
2026/02/05/16:02:04,5952.561355,0.890250,0.797611,0.890250,0.797611,75,52,43,36,0,0,0,0,1804,1471,1126,926
2026/02/05/16:02:05,5953.562006,0.890250,0.797611,0.890250,0.797611,75,52,43,36,0,0,0,0,1804,1471,1126,926
2026/02/05/16:02:06,5954.562748,0.890250,0.797611,0.890250,0.797611,75,52,43,36,0,0,0,0,1804,1471,1126,926
2026/02/05/16:02:07,5955.563484,0.890250,0.797611,0.890250,0.797611,75,52,43,36,0,0,0,0,1804,1471,1126,926
2026/02/05/16:02:08,5956.563919,0.914687,0.827504,0.914687,0.827504,77,56,43,39,0,0,0,0,1804,1471,1126,926
2026/02/05/16:02:09,5957.564558,0.910719,0.830740,0.910719,0.830740,77,56,46,37,0,0,0,0,1804,1473,1126,928
2026/02/05/16:02:10,5958.565114,0.910719,0.830740,0.910719,0.830740,77,56,46,37,0,0,0,0,1804,1473,1126,928
2026/02/05/16:02:11,5959.565665,0.898281,0.819403,0.898281,0.819403,77,54,46,34,0,0,0,0,1804,1475,1126,931
2026/02/05/16:02:12,5960.566427,0.924250,0.828444,0.929969,0.871350,82,54,46,34,3,0,0,0,1804,1475,1126,931
2026/02/05/16:02:13,5961.567015,0.921625,0.826011,0.927344,0.868917,82,53,46,34,3,0,0,0,1804,1476,1126,931
2026/02/05/16:02:14,5962.567678,0.917813,0.816689,0.923531,0.859595,81,53,46,34,3,0,0,0,1805,1476,1126,931
2026/02/05/16:02:15,5963.568433,0.900500,0.825586,0.904312,0.854190,79,53,46,34,2,0,0,0,1808,1476,1126,931
2026/02/05/16:02:16,5964.569055,0.897719,0.823191,0.901531,0.851794,79,52,46,34,2,0,0,0,1808,1477,1126,931
2026/02/05/16:02:17,5965.569845,0.895594,0.817681,0.899406,0.846285,79,51,46,34,2,0,0,0,1808,1478,1126,931
2026/02/05/16:02:18,5966.570593,0.922781,0.837009,0.926594,0.865613,83,56,46,34,2,0,0,0,1808,1478,1126,931
2026/02/05/16:02:19,5967.571200,0.925906,0.840233,0.935125,0.874774,83,58,46,34,3,0,0,0,1808,1478,1126,931
2026/02/05/16:02:20,5968.571766,0.923906,0.838324,0.933125,0.872865,82,58,46,34,3,0,0,0,1809,1478,1126,931
2026/02/05/16:02:21,5969.572360,0.922875,0.840540,0.926687,0.869144,81,58,46,34,2,0,0,0,1811,1478,1126,931
2026/02/05/16:02:22,5970.572938,0.909719,0.818913,0.909719,0.818913,80,55,46,34,0,0,0,0,1812,1481,1126,931
2026/02/05/16:02:23,5971.573508,0.907469,0.816676,0.907469,0.816676,79,55,46,34,0,0,0,0,1813,1481,1126,931
2026/02/05/16:02:24,5972.574122,0.907469,0.816676,0.907469,0.816676,79,55,46,34,0,0,0,0,1813,1481,1126,931
2026/02/05/16:02:25,5973.574674,0.897625,0.811209,0.897625,0.811209,79,55,43,34,0,0,0,0,1813,1481,1129,931
2026/02/05/16:02:26,5974.575278,0.905125,0.818467,0.922531,0.828571,79,55,43,36,1,0,2,0,1813,1481,1129,931
2026/02/05/16:02:27,5975.576046,0.911438,0.828205,0.944656,0.833985,79,55,46,36,1,0,2,0,1813,1481,1129,931
2026/02/05/16:02:28,5976.576616,0.911438,0.828205,0.944656,0.833985,79,55,46,36,1,0,2,0,1813,1481,1129,931
2026/02/05/16:02:29,5977.577168,0.914250,0.832293,0.934312,0.835793,79,55,45,39,0,0,2,0,1813,1481,1130,931
2026/02/05/16:02:30,5978.577614,0.934031,0.861719,0.939312,0.867730,81,58,49,40,0,0,0,1,1813,1481,1130,931
2026/02/05/16:02:31,5979.578224,0.940500,0.854848,0.949688,0.863014,81,60,49,41,0,0,0,2,1813,1483,1130,931
2026/02/05/16:02:32,5980.578774,0.927937,0.839462,0.927937,0.839462,79,60,45,41,0,0,0,0,1815,1483,1134,933
2026/02/05/16:02:33,5981.579271,0.925406,0.837695,0.925406,0.837695,78,60,45,41,0,0,0,0,1816,1483,1134,933
2026/02/05/16:02:34,5982.580042,0.925406,0.837695,0.925406,0.837695,78,60,45,41,0,0,0,0,1816,1483,1134,933
2026/02/05/16:02:35,5983.580932,0.922281,0.834471,0.922281,0.834471,78,58,45,41,0,0,0,0,1816,1485,1134,933
2026/02/05/16:02:36,5984.581434,0.920125,0.825780,0.920125,0.825780,78,57,45,41,0,0,0,0,1816,1486,1134,933
2026/02/05/16:02:37,5985.582286,0.930594,0.849034,0.930594,0.849034,81,58,45,41,0,0,0,0,1816,1486,1134,933
2026/02/05/16:02:38,5986.582724,0.930594,0.849034,0.954344,0.864588,81,58,45,41,0,2,0,0,1816,1486,1134,933
2026/02/05/16:02:39,5987.583189,0.925250,0.829709,0.960406,0.847750,78,58,45,41,1,2,0,0,1819,1486,1134,933
2026/02/05/16:02:40,5988.583887,0.913062,0.816909,0.924469,0.819396,78,53,45,41,1,0,0,0,1819,1491,1134,933
2026/02/05/16:02:41,5989.584665,0.913062,0.816909,0.924469,0.819396,78,53,45,41,1,0,0,0,1819,1491,1134,933
2026/02/05/16:02:42,5990.585392,0.907937,0.812980,0.907937,0.812980,78,52,45,41,0,0,0,0,1819,1492,1134,933
2026/02/05/16:02:43,5991.586083,0.907937,0.812980,0.907937,0.812980,78,52,45,41,0,0,0,0,1819,1492,1134,933
2026/02/05/16:02:44,5992.586812,0.902875,0.802353,0.902875,0.802353,78,49,45,41,0,0,0,0,1819,1495,1134,933
2026/02/05/16:02:45,5993.587599,0.902875,0.802353,0.902875,0.802353,78,49,45,41,0,0,0,0,1819,1495,1134,933
2026/02/05/16:02:46,5994.588058,0.902875,0.802353,0.902875,0.802353,78,49,45,41,0,0,0,0,1819,1495,1134,933
2026/02/05/16:02:47,5995.588622,0.902875,0.802353,0.902875,0.802353,78,49,45,41,0,0,0,0,1819,1495,1134,933
2026/02/05/16:02:48,5996.589381,0.902875,0.802353,0.902875,0.802353,78,49,45,41,0,0,0,0,1819,1495,1134,933
2026/02/05/16:02:49,5997.589914,0.902875,0.802353,0.902875,0.802353,78,49,45,41,0,0,0,0,1819,1495,1134,933
2026/02/05/16:02:50,5998.590410,0.902875,0.802353,0.902875,0.802353,78,49,45,41,0,0,0,0,1819,1495,1134,933
2026/02/05/16:02:51,5999.591022,0.897469,0.796416,0.897469,0.796416,77,49,45,41,0,0,0,0,1820,1495,1134,933
2026/02/05/16:02:52,6000.591543,0.892219,0.792280,0.892219,0.792280,77,47,45,41,0,0,0,0,1820,1497,1134,933
2026/02/05/16:02:53,6001.592057,0.892219,0.792280,0.892219,0.792280,77,47,45,41,0,0,0,0,1820,1497,1134,933
2026/02/05/16:02:54,6002.592675,0.892219,0.792280,0.892219,0.792280,77,47,45,41,0,0,0,0,1820,1497,1134,933
2026/02/05/16:02:55,6003.593152,0.892219,0.792280,0.892219,0.792280,77,47,45,41,0,0,0,0,1820,1497,1134,933
2026/02/05/16:02:56,6004.593985,0.892219,0.792280,0.892219,0.792280,77,47,45,41,0,0,0,0,1820,1497,1134,933
2026/02/05/16:02:57,6005.594625,0.892219,0.792280,0.892219,0.792280,77,47,45,41,0,0,0,0,1820,1497,1134,933
2026/02/05/16:02:58,6006.595153,0.892219,0.792280,0.892219,0.792280,77,47,45,41,0,0,0,0,1820,1497,1134,933
2026/02/05/16:02:59,6007.595856,0.892219,0.792280,0.892219,0.792280,77,47,45,41,0,0,0,0,1820,1497,1134,933
2026/02/05/16:03:00,6008.596459,0.895000,0.795510,0.895000,0.795510,78,47,45,41,0,0,0,0,1820,1497,1134,933
2026/02/05/16:03:01,6009.597018,0.891938,0.793170,0.891938,0.793170,77,47,45,41,0,0,0,0,1821,1497,1134,933
2026/02/05/16:03:02,6010.597474,0.915531,0.818141,0.915531,0.818141,80,47,50,41,0,0,0,0,1821,1497,1134,933
2026/02/05/16:03:03,6011.598049,0.926750,0.822065,0.974000,0.846096,80,49,50,41,0,2,2,0,1822,1497,1134,933
2026/02/05/16:03:04,6012.598571,0.926750,0.822065,0.979250,0.852481,80,49,50,41,3,2,2,0,1822,1497,1134,933
2026/02/05/16:03:05,6013.599297,0.922375,0.824802,0.969625,0.848833,83,47,50,41,0,2,2,0,1822,1499,1134,933
2026/02/05/16:03:06,6014.600037,0.909687,0.814490,0.956937,0.838521,83,47,50,36,0,2,2,0,1822,1499,1134,938
2026/02/05/16:03:07,6015.600825,0.899875,0.804647,0.947125,0.828678,80,47,48,36,0,2,2,0,1825,1499,1136,938
2026/02/05/16:03:08,6016.601380,0.899062,0.802156,0.910719,0.811996,80,47,46,36,0,0,1,0,1825,1499,1139,938
2026/02/05/16:03:09,6017.601929,0.894687,0.798650,0.906344,0.808490,79,47,46,36,0,0,1,0,1826,1499,1139,938
2026/02/05/16:03:10,6018.602757,0.894687,0.798650,0.906344,0.808490,79,47,46,36,0,0,1,0,1826,1499,1139,938
2026/02/05/16:03:11,6019.603409,0.894687,0.798650,0.906344,0.808490,79,47,46,36,0,0,1,0,1826,1499,1139,938
2026/02/05/16:03:12,6020.604160,0.894687,0.798650,0.906344,0.808490,79,47,46,36,0,0,1,0,1826,1499,1139,938
2026/02/05/16:03:13,6021.604968,0.868469,0.792778,0.868469,0.792778,79,47,47,33,0,0,0,0,1826,1499,1139,941
2026/02/05/16:03:14,6022.605650,0.866656,0.790846,0.866656,0.790846,78,47,47,33,0,0,0,0,1827,1499,1139,941
2026/02/05/16:03:15,6023.606492,0.866656,0.790846,0.866656,0.790846,78,47,47,33,0,0,0,0,1827,1499,1139,941
2026/02/05/16:03:16,6024.607318,0.866656,0.790846,0.866656,0.790846,78,47,47,33,0,0,0,0,1827,1499,1139,941
2026/02/05/16:03:17,6025.608104,0.860094,0.781664,0.860094,0.781664,75,47,47,33,0,0,0,0,1830,1499,1139,941
2026/02/05/16:03:18,6026.608932,0.860094,0.781664,0.860094,0.781664,75,47,47,33,0,0,0,0,1830,1499,1139,941
2026/02/05/16:03:19,6027.609709,0.860094,0.781664,0.860094,0.781664,75,47,47,33,0,0,0,0,1830,1499,1139,941
2026/02/05/16:03:20,6028.610433,0.860094,0.781664,0.860094,0.781664,75,47,47,33,0,0,0,0,1830,1499,1139,941
2026/02/05/16:03:21,6029.611078,0.877031,0.807752,0.877031,0.807752,80,47,48,33,0,0,0,0,1830,1499,1139,941
2026/02/05/16:03:22,6030.611971,0.877031,0.807752,0.877031,0.807752,80,47,48,33,0,0,0,0,1830,1499,1139,941
2026/02/05/16:03:23,6031.612721,0.872344,0.801229,0.872344,0.801229,78,47,48,33,0,0,0,0,1832,1499,1139,941
2026/02/05/16:03:24,6032.613464,0.872344,0.801229,0.872344,0.801229,78,47,48,33,0,0,0,0,1832,1499,1139,941
2026/02/05/16:03:25,6033.614388,0.872344,0.801229,0.872344,0.801229,78,47,48,33,0,0,0,0,1832,1499,1139,941
2026/02/05/16:03:26,6034.615215,0.872344,0.801229,0.872344,0.801229,78,47,48,33,0,0,0,0,1832,1499,1139,941
2026/02/05/16:03:27,6035.615801,0.870500,0.787740,0.870500,0.787740,78,47,47,33,0,0,0,0,1832,1499,1140,941
2026/02/05/16:03:28,6036.616523,0.870500,0.787740,0.870500,0.787740,78,47,47,33,0,0,0,0,1832,1499,1140,941
2026/02/05/16:03:29,6037.617446,0.890437,0.803905,0.902375,0.806580,78,50,48,36,0,1,0,0,1832,1499,1140,941
2026/02/05/16:03:30,6038.618074,0.890437,0.803905,0.902375,0.806580,78,50,48,36,0,1,0,0,1832,1499,1140,941
2026/02/05/16:03:31,6039.618701,0.890437,0.803905,0.902375,0.806580,78,50,48,36,0,1,0,0,1832,1499,1140,941
2026/02/05/16:03:32,6040.619162,0.890437,0.803905,0.902375,0.806580,78,50,48,36,0,1,0,0,1832,1499,1140,941
2026/02/05/16:03:33,6041.619967,0.902813,0.812886,0.914750,0.815561,78,50,48,39,0,1,0,0,1832,1499,1140,941
2026/02/05/16:03:34,6042.620685,0.902813,0.812886,0.914750,0.815561,78,50,48,39,0,1,0,0,1832,1499,1140,941
2026/02/05/16:03:35,6043.621326,0.895813,0.810250,0.907750,0.812925,78,50,47,39,0,1,0,0,1832,1499,1141,941
2026/02/05/16:03:36,6044.621956,0.895813,0.810250,0.907750,0.812925,78,50,47,39,0,1,0,0,1832,1499,1141,941
2026/02/05/16:03:37,6045.622891,0.888781,0.803070,0.900719,0.805745,78,50,47,36,0,1,0,0,1832,1499,1141,944
2026/02/05/16:03:38,6046.623581,0.888781,0.803070,0.900719,0.805745,78,50,47,36,0,1,0,0,1832,1499,1141,944
2026/02/05/16:03:39,6047.624256,0.888781,0.803070,0.900719,0.805745,78,50,47,36,0,1,0,0,1832,1499,1141,944
2026/02/05/16:03:40,6048.624842,0.888781,0.803070,0.900719,0.805745,78,50,47,36,0,1,0,0,1832,1499,1141,944
2026/02/05/16:03:41,6049.625612,0.888781,0.803070,0.900719,0.805745,78,50,47,36,0,1,0,0,1832,1499,1141,944
2026/02/05/16:03:42,6050.626312,0.888781,0.803070,0.900719,0.805745,78,50,47,36,0,1,0,0,1832,1499,1141,944
2026/02/05/16:03:43,6051.627173,0.888781,0.803070,0.900719,0.805745,78,50,47,36,0,1,0,0,1832,1499,1141,944
2026/02/05/16:03:44,6052.627776,0.892344,0.809874,0.904281,0.812549,78,50,49,36,0,1,0,0,1832,1499,1141,944
2026/02/05/16:03:45,6053.628597,0.892344,0.809874,0.904281,0.812549,78,50,49,36,0,1,0,0,1832,1499,1141,944
2026/02/05/16:03:46,6054.629391,0.892344,0.809874,0.904281,0.812549,78,50,49,36,0,1,0,0,1832,1499,1141,944
2026/02/05/16:03:47,6055.630132,0.888781,0.803070,0.900719,0.805745,78,50,47,36,0,1,0,0,1832,1499,1143,944
2026/02/05/16:03:48,6056.630614,0.892719,0.813318,0.892719,0.813318,78,50,47,38,0,0,0,0,1832,1499,1143,944
2026/02/05/16:03:49,6057.631220,0.892719,0.813318,0.892719,0.813318,78,50,47,38,0,0,0,0,1832,1499,1143,944
2026/02/05/16:03:50,6058.631774,0.892719,0.813318,0.892719,0.813318,78,50,47,38,0,0,0,0,1832,1499,1143,944
2026/02/05/16:03:51,6059.632327,0.892719,0.813318,0.892719,0.813318,78,50,47,38,0,0,0,0,1832,1499,1143,944
2026/02/05/16:03:52,6060.633013,0.892719,0.813318,0.892719,0.813318,78,50,47,38,0,0,0,0,1832,1499,1143,944
2026/02/05/16:03:53,6061.633563,0.891000,0.810103,0.891000,0.810103,78,50,47,37,0,0,0,0,1832,1499,1143,945
2026/02/05/16:03:54,6062.634213,0.891000,0.810103,0.891000,0.810103,78,50,47,37,0,0,0,0,1832,1499,1143,945
2026/02/05/16:03:55,6063.634950,0.891000,0.810103,0.891000,0.810103,78,50,47,37,0,0,0,0,1832,1499,1143,945
2026/02/05/16:03:56,6064.635564,0.891000,0.810103,0.891000,0.810103,78,50,47,37,0,0,0,0,1832,1499,1143,945
2026/02/05/16:03:57,6065.636320,0.906219,0.833742,0.906219,0.833742,83,50,48,37,0,0,0,0,1832,1499,1143,945
2026/02/05/16:03:58,6066.636965,0.906219,0.833742,0.906219,0.833742,83,50,48,37,0,0,0,0,1832,1499,1143,945
2026/02/05/16:03:59,6067.637767,0.906219,0.833742,0.906219,0.833742,83,50,48,37,0,0,0,0,1832,1499,1143,945
2026/02/05/16:04:00,6068.638453,0.906219,0.833742,0.906219,0.833742,83,50,48,37,0,0,0,0,1832,1499,1143,945
2026/02/05/16:04:01,6069.639068,0.890625,0.808081,0.890625,0.808081,77,50,48,37,0,0,0,0,1838,1499,1143,945
2026/02/05/16:04:02,6070.639618,0.888594,0.806167,0.888594,0.806167,77,50,47,37,0,0,0,0,1838,1499,1144,945
2026/02/05/16:04:03,6071.640477,0.888594,0.806167,0.888594,0.806167,77,50,47,37,0,0,0,0,1838,1499,1144,945
2026/02/05/16:04:04,6072.641172,0.888594,0.806167,0.888594,0.806167,77,50,47,37,0,0,0,0,1838,1499,1144,945
2026/02/05/16:04:05,6073.648487,0.888594,0.806167,0.888594,0.806167,77,50,47,37,0,0,0,0,1838,1499,1144,945
2026/02/05/16:04:06,6074.649051,0.908844,0.821334,0.966250,0.832621,78,55,48,37,0,3,0,2,1838,1499,1144,945
2026/02/05/16:04:07,6075.649517,0.913031,0.823667,0.980281,0.844067,78,55,48,38,1,3,1,2,1838,1499,1144,945
2026/02/05/16:04:08,6076.650159,0.907969,0.819091,0.912687,0.825748,79,53,48,38,0,0,1,0,1838,1501,1144,945
2026/02/05/16:04:09,6077.650636,0.903781,0.816758,0.908500,0.823415,79,53,48,37,0,0,1,0,1838,1501,1144,946
2026/02/05/16:04:10,6078.651162,0.915656,0.827117,0.915656,0.827117,79,53,51,37,0,0,0,0,1838,1504,1144,946
2026/02/05/16:04:11,6079.651878,0.909531,0.815193,0.909531,0.815193,79,53,50,35,0,0,0,0,1838,1504,1145,948
2026/02/05/16:04:12,6080.652503,0.892563,0.804147,0.892563,0.804147,76,50,50,35,0,0,0,0,1841,1507,1145,948
2026/02/05/16:04:13,6081.653033,0.889437,0.799896,0.889437,0.799896,76,50,49,35,0,0,0,0,1841,1507,1146,948
2026/02/05/16:04:14,6082.653641,0.889437,0.799896,0.889437,0.799896,76,50,49,35,0,0,0,0,1841,1507,1146,948
2026/02/05/16:04:15,6083.654218,0.886531,0.798156,0.886531,0.798156,75,50,49,35,0,0,0,0,1842,1507,1146,948
2026/02/05/16:04:16,6084.654851,0.886531,0.798156,0.886531,0.798156,75,50,49,35,0,0,0,0,1842,1507,1146,948
2026/02/05/16:04:17,6085.655551,0.880969,0.794705,0.880969,0.794705,75,50,47,35,0,0,0,0,1842,1507,1148,948
2026/02/05/16:04:18,6086.656148,0.880969,0.794705,0.880969,0.794705,75,50,47,35,0,0,0,0,1842,1507,1148,948
2026/02/05/16:04:19,6087.656787,0.880969,0.794705,0.880969,0.794705,75,50,47,35,0,0,0,0,1842,1507,1148,948
2026/02/05/16:04:20,6088.657402,0.880969,0.794705,0.880969,0.794705,75,50,47,35,0,0,0,0,1842,1507,1148,948
2026/02/05/16:04:21,6089.658169,0.880969,0.794705,0.880969,0.794705,75,50,47,35,0,0,0,0,1842,1507,1148,948
2026/02/05/16:04:22,6090.658871,0.880969,0.794705,0.880969,0.794705,75,50,47,35,0,0,0,0,1842,1507,1148,948
2026/02/05/16:04:23,6091.659400,0.900125,0.815441,0.900125,0.815441,78,51,49,35,0,0,0,0,1842,1507,1148,948
2026/02/05/16:04:24,6092.660151,0.906250,0.827333,0.906250,0.827333,79,53,49,35,0,0,0,0,1842,1507,1148,948
2026/02/05/16:04:25,6093.660716,0.890750,0.808644,0.890750,0.808644,75,52,49,35,0,0,0,0,1846,1508,1148,948
2026/02/05/16:04:26,6094.661380,0.890750,0.808644,0.890750,0.808644,75,52,49,35,0,0,0,0,1846,1508,1148,948
2026/02/05/16:04:27,6095.662056,0.889156,0.806976,0.889156,0.806976,75,52,48,35,0,0,0,0,1846,1508,1149,948
2026/02/05/16:04:28,6096.662779,0.884813,0.801899,0.884813,0.801899,75,52,47,35,0,0,0,0,1846,1508,1150,948
2026/02/05/16:04:29,6097.663580,0.879281,0.796606,0.879281,0.796606,74,52,47,33,0,0,0,0,1847,1508,1150,950
2026/02/05/16:04:30,6098.664178,0.873156,0.784714,0.873156,0.784714,73,50,47,33,0,0,0,0,1848,1510,1150,950
2026/02/05/16:04:31,6099.664742,0.873156,0.784714,0.873156,0.784714,73,50,47,33,0,0,0,0,1848,1510,1150,950
2026/02/05/16:04:32,6100.665230,0.873156,0.784714,0.873156,0.784714,73,50,47,33,0,0,0,0,1848,1510,1150,950
2026/02/05/16:04:33,6101.666079,0.874750,0.755874,0.874750,0.755874,70,52,47,34,0,0,0,0,1851,1510,1150,950
2026/02/05/16:04:34,6102.666862,0.874750,0.755874,0.874750,0.755874,70,52,47,34,0,0,0,0,1851,1510,1150,950
2026/02/05/16:04:35,6103.667488,0.868625,0.751097,0.868625,0.751097,70,50,47,34,0,0,0,0,1851,1512,1150,950
2026/02/05/16:04:36,6104.668113,0.868625,0.751097,0.868625,0.751097,70,50,47,34,0,0,0,0,1851,1512,1150,950
2026/02/05/16:04:37,6105.668705,0.863938,0.735979,0.863938,0.735979,68,50,47,34,0,0,0,0,1853,1512,1150,950
2026/02/05/16:04:38,6106.669337,0.863938,0.735979,0.863938,0.735979,68,50,47,34,0,0,0,0,1853,1512,1150,950
2026/02/05/16:04:39,6107.669870,0.863938,0.735979,0.863938,0.735979,68,50,47,34,0,0,0,0,1853,1512,1150,950
2026/02/05/16:04:40,6108.670577,0.863938,0.735979,0.863938,0.735979,68,50,47,34,0,0,0,0,1853,1512,1150,950
2026/02/05/16:04:41,6109.671259,0.858812,0.733524,0.858812,0.733524,67,50,47,34,0,0,0,0,1854,1512,1150,950
2026/02/05/16:04:42,6110.672028,0.858812,0.733524,0.858812,0.733524,67,50,47,34,0,0,0,0,1854,1512,1150,950
2026/02/05/16:04:43,6111.672638,0.858812,0.733524,0.858812,0.733524,67,50,47,34,0,0,0,0,1854,1512,1150,950
2026/02/05/16:04:44,6112.673314,0.858812,0.733524,0.858812,0.733524,67,50,47,34,0,0,0,0,1854,1512,1150,950
2026/02/05/16:04:45,6113.674028,0.858812,0.733524,0.858812,0.733524,67,50,47,34,0,0,0,0,1854,1512,1150,950
2026/02/05/16:04:46,6114.674644,0.858812,0.733524,0.858812,0.733524,67,50,47,34,0,0,0,0,1854,1512,1150,950
2026/02/05/16:04:47,6115.675439,0.858812,0.733524,0.858812,0.733524,67,50,47,34,0,0,0,0,1854,1512,1150,950
2026/02/05/16:04:48,6116.676251,0.858812,0.733524,0.858812,0.733524,67,50,47,34,0,0,0,0,1854,1512,1150,950
2026/02/05/16:04:49,6117.677041,0.851313,0.730145,0.851313,0.730145,65,50,47,34,0,0,0,0,1856,1512,1150,950
2026/02/05/16:04:50,6118.677932,0.851313,0.730145,0.851313,0.730145,65,50,47,34,0,0,0,0,1856,1512,1150,950
2026/02/05/16:04:51,6119.678519,0.851313,0.730145,0.851313,0.730145,65,50,47,34,0,0,0,0,1856,1512,1150,950
2026/02/05/16:04:52,6120.679398,0.851313,0.730145,0.851313,0.730145,65,50,47,34,0,0,0,0,1856,1512,1150,950
2026/02/05/16:04:53,6121.680028,0.851313,0.730145,0.851313,0.730145,65,50,47,34,0,0,0,0,1856,1512,1150,950
2026/02/05/16:04:54,6122.680847,0.851313,0.730145,0.851313,0.730145,65,50,47,34,0,0,0,0,1856,1512,1150,950
2026/02/05/16:04:55,6123.681628,0.851313,0.730145,0.851313,0.730145,65,50,47,34,0,0,0,0,1856,1512,1150,950
2026/02/05/16:04:56,6124.682318,0.851313,0.730145,0.851313,0.730145,65,50,47,34,0,0,0,0,1856,1512,1150,950
2026/02/05/16:04:57,6125.682893,0.885750,0.762571,0.898844,0.770044,68,52,50,34,0,3,0,0,1856,1512,1150,950
2026/02/05/16:04:58,6126.683305,0.899438,0.778828,0.908406,0.781173,68,56,52,34,0,1,0,0,1856,1512,1150,950
2026/02/05/16:04:59,6127.683795,0.894813,0.781047,0.911625,0.784296,68,56,53,34,0,0,2,0,1856,1513,1150,950
2026/02/05/16:05:00,6128.684364,0.903875,0.780143,0.912281,0.781768,71,53,54,34,0,0,1,0,1856,1516,1150,950
2026/02/05/16:05:01,6129.684989,0.907000,0.792327,0.915406,0.793952,73,54,52,35,0,0,1,0,1856,1518,1152,950
2026/02/05/16:05:02,6130.685395,0.907000,0.792327,0.915406,0.793952,73,54,52,35,0,0,1,0,1856,1518,1152,950
2026/02/05/16:05:03,6131.686141,0.907000,0.792327,0.915406,0.793952,73,54,52,35,0,0,1,0,1856,1518,1152,950
2026/02/05/16:05:04,6132.686761,0.921344,0.802474,0.974344,0.814583,73,56,54,35,3,0,2,1,1856,1518,1152,950
2026/02/05/16:05:05,6133.687346,0.938375,0.844130,0.999156,0.868098,74,60,54,36,4,0,3,0,1859,1518,1152,950
2026/02/05/16:05:06,6134.687987,0.940781,0.844565,1.002188,0.867564,74,60,54,36,4,1,2,0,1859,1518,1153,951
2026/02/05/16:05:07,6135.688540,0.923844,0.809070,0.973656,0.827902,68,61,53,36,4,0,1,0,1865,1518,1155,951
2026/02/05/16:05:08,6136.689216,0.921000,0.804892,0.970812,0.823724,67,61,53,36,4,0,1,0,1866,1518,1155,951
2026/02/05/16:05:09,6137.689780,0.923594,0.805066,0.954000,0.820474,68,61,52,36,3,0,0,0,1866,1518,1156,951
2026/02/05/16:05:10,6138.690505,0.923594,0.805066,0.954000,0.820474,68,61,52,36,3,0,0,0,1866,1518,1156,951
2026/02/05/16:05:11,6139.690982,0.918250,0.801864,0.948656,0.817273,68,61,52,35,3,0,0,0,1866,1518,1156,952
2026/02/05/16:05:12,6140.691643,0.909719,0.797273,0.940125,0.812682,68,60,51,35,3,0,0,0,1866,1519,1157,952
2026/02/05/16:05:13,6141.692189,0.909719,0.797273,0.940125,0.812682,68,60,51,35,3,0,0,0,1866,1519,1157,952
2026/02/05/16:05:14,6142.692930,0.909719,0.797273,0.940125,0.812682,68,60,51,35,3,0,0,0,1866,1519,1157,952
2026/02/05/16:05:15,6143.693746,0.903469,0.793594,0.933875,0.809003,66,60,51,35,3,0,0,0,1868,1519,1157,952
2026/02/05/16:05:16,6144.694482,0.896031,0.788682,0.926438,0.804091,66,58,51,35,3,0,0,0,1868,1521,1157,952
2026/02/05/16:05:17,6145.695158,0.890687,0.786404,0.921094,0.801812,66,57,51,35,3,0,0,0,1868,1522,1157,952
2026/02/05/16:05:18,6146.695934,0.890687,0.786404,0.921094,0.801812,66,57,51,35,3,0,0,0,1868,1522,1157,952
2026/02/05/16:05:19,6147.696734,0.897250,0.794013,0.919250,0.797608,67,57,51,34,2,0,0,0,1868,1522,1157,953
2026/02/05/16:05:20,6148.697491,0.912813,0.807939,0.934813,0.811535,67,57,54,35,2,0,0,0,1868,1522,1157,953
2026/02/05/16:05:21,6149.698229,0.912813,0.807939,0.934813,0.811535,67,57,54,35,2,0,0,0,1868,1522,1157,953
2026/02/05/16:05:22,6150.699013,0.902031,0.798672,0.924031,0.802268,67,57,51,35,2,0,0,0,1868,1522,1160,953
2026/02/05/16:05:23,6151.699600,0.897250,0.794013,0.919250,0.797608,67,57,51,34,2,0,0,0,1868,1522,1160,954
2026/02/05/16:05:24,6152.700275,0.895938,0.777928,0.895938,0.777928,69,57,49,34,0,0,0,0,1868,1522,1162,954
2026/02/05/16:05:25,6153.700798,0.895938,0.777928,0.895938,0.777928,69,57,49,34,0,0,0,0,1868,1522,1162,954
2026/02/05/16:05:26,6154.701418,0.895938,0.777928,0.895938,0.777928,69,57,49,34,0,0,0,0,1868,1522,1162,954
2026/02/05/16:05:27,6155.702137,0.895938,0.777928,0.895938,0.777928,69,57,49,34,0,0,0,0,1868,1522,1162,954
2026/02/05/16:05:28,6156.702743,0.895938,0.777928,0.895938,0.777928,69,57,49,34,0,0,0,0,1868,1522,1162,954
2026/02/05/16:05:29,6157.703401,0.895938,0.777928,0.895938,0.777928,69,57,49,34,0,0,0,0,1868,1522,1162,954
2026/02/05/16:05:30,6158.704079,0.895938,0.777928,0.895938,0.777928,69,57,49,34,0,0,0,0,1868,1522,1162,954
2026/02/05/16:05:31,6159.704847,0.895938,0.777928,0.895938,0.777928,69,57,49,34,0,0,0,0,1868,1522,1162,954
2026/02/05/16:05:32,6160.705330,0.895938,0.777928,0.895938,0.777928,69,57,49,34,0,0,0,0,1868,1522,1162,954
2026/02/05/16:05:33,6161.706211,0.895938,0.777928,0.895938,0.777928,69,57,49,34,0,0,0,0,1868,1522,1162,954
2026/02/05/16:05:34,6162.706764,0.895938,0.777928,0.895938,0.777928,69,57,49,34,0,0,0,0,1868,1522,1162,954
2026/02/05/16:05:35,6163.707601,0.887000,0.765968,0.887000,0.765968,67,57,49,34,0,0,0,0,1870,1522,1162,954
2026/02/05/16:05:36,6164.708252,0.887000,0.765968,0.887000,0.765968,67,57,49,34,0,0,0,0,1870,1522,1162,954
2026/02/05/16:05:37,6165.708993,0.904312,0.817296,0.913500,0.819607,67,58,53,35,0,1,0,0,1870,1522,1162,954
2026/02/05/16:05:38,6166.709718,0.895312,0.804072,0.904500,0.806384,65,58,53,35,0,1,0,0,1872,1522,1162,954
2026/02/05/16:05:39,6167.710288,0.895312,0.804072,0.904500,0.806384,65,58,53,35,0,1,0,0,1872,1522,1162,954
2026/02/05/16:05:40,6168.710967,0.895312,0.804072,0.904500,0.806384,65,58,53,35,0,1,0,0,1872,1522,1162,954
2026/02/05/16:05:41,6169.711585,0.895312,0.804072,0.904500,0.806384,65,58,53,35,0,1,0,0,1872,1522,1162,954
2026/02/05/16:05:42,6170.712163,0.887250,0.788463,0.896437,0.790774,65,58,51,35,0,1,0,0,1872,1522,1164,954
2026/02/05/16:05:43,6171.713145,0.882531,0.781805,0.891719,0.784117,65,58,50,35,0,1,0,0,1872,1522,1165,954
2026/02/05/16:05:44,6172.713653,0.882531,0.781805,0.891719,0.784117,65,58,50,35,0,1,0,0,1872,1522,1165,954
2026/02/05/16:05:45,6173.727273,0.908438,0.807424,0.917625,0.809735,65,64,50,38,0,1,0,0,1872,1522,1165,954
2026/02/05/16:05:46,6174.727777,0.908438,0.807424,0.917625,0.809735,65,64,50,38,0,1,0,0,1872,1522,1165,954
2026/02/05/16:05:48,6175.728416,0.927219,0.827137,0.936406,0.829448,68,66,52,38,0,1,0,0,1872,1522,1165,954
2026/02/05/16:05:49,6176.728987,0.920719,0.821027,0.929906,0.823338,68,64,52,37,0,1,0,0,1872,1524,1165,955
2026/02/05/16:05:50,6177.729694,0.912906,0.817865,0.922094,0.820176,68,64,50,37,0,1,0,0,1872,1524,1167,955
2026/02/05/16:05:51,6178.730172,0.899219,0.799201,0.911656,0.828336,65,65,50,35,0,3,0,0,1875,1524,1167,957
2026/02/05/16:05:52,6179.730719,0.941906,0.865454,0.941906,0.865454,65,75,53,37,0,0,0,0,1875,1524,1167,957
2026/02/05/16:05:53,6180.731314,0.950656,0.875066,0.950656,0.875066,65,76,53,39,0,0,0,0,1875,1524,1167,957
2026/02/05/16:05:54,6181.731858,0.945906,0.863747,0.945906,0.863747,65,74,53,39,0,0,0,0,1875,1526,1167,957
2026/02/05/16:05:55,6182.733204,0.944219,0.872871,0.952031,0.881020,69,69,52,40,0,1,0,1,1875,1532,1170,957
2026/02/05/16:05:56,6183.733798,0.945875,0.876786,1.007344,0.910296,69,69,52,41,3,3,3,2,1875,1532,1170,957
2026/02/05/16:05:57,6184.734207,0.941125,0.867757,1.011406,0.907731,69,69,52,39,3,2,5,3,1875,1533,1170,961
2026/02/05/16:05:58,6185.734698,0.942438,0.863347,0.999469,0.895827,69,69,53,37,1,2,4,3,1875,1533,1170,963
2026/02/05/16:05:59,6186.735274,0.947937,0.838412,0.990156,0.862269,67,67,55,38,1,2,2,2,1877,1535,1170,963
2026/02/05/16:06:00,6187.736044,0.938406,0.830216,0.956719,0.835594,67,66,56,35,1,0,1,0,1877,1536,1170,966
2026/02/05/16:06:01,6188.736642,0.925969,0.823310,0.938063,0.825236,67,66,54,35,1,0,0,0,1877,1536,1172,966
2026/02/05/16:06:02,6189.737281,0.912250,0.813128,0.912250,0.813128,67,61,54,35,0,0,0,0,1877,1541,1172,966
2026/02/05/16:06:03,6190.737972,0.912250,0.813128,0.912250,0.813128,67,61,54,35,0,0,0,0,1877,1541,1172,966
2026/02/05/16:06:04,6191.738718,0.903000,0.806288,0.903000,0.806288,67,61,52,35,0,0,0,0,1877,1541,1174,966
2026/02/05/16:06:05,6192.739504,0.903000,0.806288,0.903000,0.806288,67,61,52,35,0,0,0,0,1877,1541,1174,966
2026/02/05/16:06:06,6193.740265,0.894594,0.794475,0.894594,0.794475,66,61,52,35,0,0,0,0,1878,1541,1174,966
2026/02/05/16:06:07,6194.740936,0.919906,0.819962,0.919906,0.819962,70,63,54,36,0,0,0,0,1878,1541,1174,966
2026/02/05/16:06:08,6195.741620,0.936031,0.857667,0.943562,0.861030,76,63,54,37,0,0,1,0,1878,1541,1174,966
2026/02/05/16:06:09,6196.742138,0.936562,0.854031,0.936562,0.854031,75,63,53,37,0,0,0,0,1879,1541,1176,966
2026/02/05/16:06:10,6197.742824,0.933219,0.850616,0.933219,0.850616,75,63,53,36,0,0,0,0,1879,1541,1176,967
2026/02/05/16:06:11,6198.743567,0.921687,0.840312,0.921687,0.840312,75,61,52,36,0,0,0,0,1879,1543,1177,967
2026/02/05/16:06:12,6199.744426,0.905375,0.803336,0.905375,0.803336,69,61,52,36,0,0,0,0,1885,1543,1177,967
2026/02/05/16:06:13,6200.745053,0.905375,0.803336,0.905375,0.803336,69,61,52,36,0,0,0,0,1885,1543,1177,967
2026/02/05/16:06:14,6201.745577,0.899469,0.798245,0.899469,0.798245,66,61,52,36,0,0,0,0,1888,1543,1177,967
2026/02/05/16:06:15,6202.746154,0.899469,0.798245,0.899469,0.798245,66,61,52,36,0,0,0,0,1888,1543,1177,967
2026/02/05/16:06:16,6203.746789,0.899469,0.798245,0.899469,0.798245,66,61,52,36,0,0,0,0,1888,1543,1177,967
2026/02/05/16:06:17,6204.747485,0.899469,0.798245,0.899469,0.798245,66,61,52,36,0,0,0,0,1888,1543,1177,967
2026/02/05/16:06:18,6205.748106,0.866469,0.792851,0.866469,0.792851,63,61,52,36,0,0,0,0,1891,1543,1177,967
2026/02/05/16:06:19,6206.748672,0.858500,0.782911,0.858500,0.782911,63,58,52,36,0,0,0,0,1891,1546,1177,967
2026/02/05/16:06:20,6207.749472,0.854062,0.781176,0.854062,0.781176,63,57,52,36,0,0,0,0,1891,1547,1177,967
2026/02/05/16:06:21,6208.750200,0.854062,0.781176,0.854062,0.781176,63,57,52,36,0,0,0,0,1891,1547,1177,967
2026/02/05/16:06:22,6209.750867,0.854062,0.781176,0.854062,0.781176,63,57,52,36,0,0,0,0,1891,1547,1177,967
2026/02/05/16:06:23,6210.751548,0.854062,0.781176,0.854062,0.781176,63,57,52,36,0,0,0,0,1891,1547,1177,967
2026/02/05/16:06:24,6211.752421,0.854062,0.781176,0.854062,0.781176,63,57,52,36,0,0,0,0,1891,1547,1177,967
2026/02/05/16:06:25,6212.753126,0.854062,0.781176,0.854062,0.781176,63,57,52,36,0,0,0,0,1891,1547,1177,967
2026/02/05/16:06:26,6213.753866,0.854062,0.781176,0.854062,0.781176,63,57,52,36,0,0,0,0,1891,1547,1177,967
2026/02/05/16:06:27,6214.754347,0.854062,0.781176,0.854062,0.781176,63,57,52,36,0,0,0,0,1891,1547,1177,967
2026/02/05/16:06:28,6215.754915,0.854062,0.781176,0.854062,0.781176,63,57,52,36,0,0,0,0,1891,1547,1177,967
2026/02/05/16:06:29,6216.755711,0.862938,0.801305,0.862938,0.801305,65,57,54,36,0,0,0,0,1891,1547,1177,967
2026/02/05/16:06:30,6217.756317,0.862938,0.801305,0.862938,0.801305,65,57,54,36,0,0,0,0,1891,1547,1177,967
2026/02/05/16:06:31,6218.757067,0.857500,0.794092,0.857500,0.794092,63,57,54,36,0,0,0,0,1893,1547,1177,967
2026/02/05/16:06:32,6219.757954,0.851562,0.778711,0.851562,0.778711,63,56,52,36,0,0,0,0,1893,1548,1179,967
2026/02/05/16:06:33,6220.758544,0.860219,0.793710,0.862125,0.802451,64,59,52,36,1,0,0,0,1893,1548,1179,967
2026/02/05/16:06:34,6221.759237,0.849750,0.793470,0.849750,0.793470,65,59,52,33,0,0,0,0,1893,1548,1179,970
2026/02/05/16:06:35,6222.759909,0.858688,0.801362,0.858688,0.801362,65,61,52,33,0,0,0,0,1893,1548,1179,970
2026/02/05/16:06:36,6223.760522,0.858688,0.801362,0.858688,0.801362,65,61,52,33,0,0,0,0,1893,1548,1179,970
2026/02/05/16:06:37,6224.761099,0.857938,0.796586,0.857938,0.796586,66,59,52,33,0,0,0,0,1893,1550,1179,970
2026/02/05/16:06:38,6225.761769,0.865313,0.806860,0.865313,0.806860,66,59,54,33,0,0,0,0,1893,1550,1179,970
2026/02/05/16:06:39,6226.762550,0.867062,0.811610,0.867062,0.811610,67,59,54,33,0,0,0,0,1893,1550,1179,970
2026/02/05/16:06:40,6227.763228,0.874406,0.821804,0.874406,0.821804,68,61,54,33,0,0,0,0,1893,1550,1179,970
2026/02/05/16:06:41,6228.764085,0.891875,0.835302,0.896094,0.845153,68,64,54,33,0,1,0,0,1893,1550,1179,970
2026/02/05/16:06:42,6229.764976,0.891875,0.835302,0.896094,0.845153,68,64,54,33,0,1,0,0,1893,1550,1179,970
2026/02/05/16:06:43,6230.765703,0.886969,0.830129,0.886969,0.830129,67,65,52,33,0,0,0,0,1894,1550,1181,970
2026/02/05/16:06:44,6231.766484,0.886969,0.830129,0.886969,0.830129,67,65,52,33,0,0,0,0,1894,1550,1181,970
2026/02/05/16:06:45,6232.767164,0.871375,0.820158,0.871375,0.820158,66,63,52,33,0,0,0,0,1895,1552,1181,970
2026/02/05/16:06:46,6233.767994,0.871375,0.820158,0.871375,0.820158,66,63,52,33,0,0,0,0,1895,1552,1181,970
2026/02/05/16:06:47,6234.768790,0.862938,0.800455,0.862938,0.800455,66,61,52,33,0,0,0,0,1895,1554,1181,970
2026/02/05/16:06:48,6235.769557,0.860375,0.803194,0.860375,0.803194,65,61,55,33,0,0,0,0,1896,1554,1181,970
2026/02/05/16:06:49,6236.770207,0.872437,0.822558,0.872437,0.822558,70,61,55,34,0,0,0,0,1896,1554,1181,970
2026/02/05/16:06:50,6237.770719,0.868625,0.805077,0.868625,0.805077,68,61,55,34,0,0,0,0,1898,1554,1181,970
2026/02/05/16:06:51,6238.771411,0.866719,0.803353,0.866719,0.803353,68,61,55,33,0,0,0,0,1898,1554,1181,971
2026/02/05/16:06:52,6239.772249,0.861906,0.799587,0.861906,0.799587,66,61,55,33,0,0,0,0,1900,1554,1181,971
2026/02/05/16:06:53,6240.773056,0.861906,0.799587,0.861906,0.799587,66,61,55,33,0,0,0,0,1900,1554,1181,971
2026/02/05/16:06:54,6241.773885,0.856281,0.793732,0.856281,0.793732,66,61,52,33,0,0,0,0,1900,1554,1184,971
2026/02/05/16:06:55,6242.774404,0.856281,0.793732,0.856281,0.793732,66,61,52,33,0,0,0,0,1900,1554,1184,971
2026/02/05/16:06:56,6243.775050,0.856281,0.793732,0.856281,0.793732,66,61,52,33,0,0,0,0,1900,1554,1184,971
2026/02/05/16:06:57,6244.775811,0.856281,0.793732,0.856281,0.793732,66,61,52,33,0,0,0,0,1900,1554,1184,971
2026/02/05/16:06:58,6245.776575,0.856281,0.793732,0.856281,0.793732,66,61,52,33,0,0,0,0,1900,1554,1184,971
2026/02/05/16:06:59,6246.777334,0.856281,0.793732,0.856281,0.793732,66,61,52,33,0,0,0,0,1900,1554,1184,971
2026/02/05/16:07:00,6247.777897,0.856281,0.793732,0.856281,0.793732,66,61,52,33,0,0,0,0,1900,1554,1184,971
2026/02/05/16:07:01,6248.778466,0.859781,0.801652,0.859781,0.801652,68,61,52,33,0,0,0,0,1900,1554,1184,971
2026/02/05/16:07:02,6249.779284,0.859781,0.801652,0.859781,0.801652,68,61,52,33,0,0,0,0,1900,1554,1184,971
2026/02/05/16:07:03,6250.779950,0.854781,0.797783,0.854781,0.797783,68,59,52,33,0,0,0,0,1900,1556,1184,971
2026/02/05/16:07:04,6251.780704,0.854781,0.797783,0.854781,0.797783,68,59,52,33,0,0,0,0,1900,1556,1184,971
2026/02/05/16:07:05,6252.781419,0.854781,0.797783,0.854781,0.797783,68,59,52,33,0,0,0,0,1900,1556,1184,971
2026/02/05/16:07:06,6253.781979,0.854781,0.797783,0.854781,0.797783,68,59,52,33,0,0,0,0,1900,1556,1184,971
2026/02/05/16:07:07,6254.782537,0.854781,0.797783,0.854781,0.797783,68,59,52,33,0,0,0,0,1900,1556,1184,971
2026/02/05/16:07:08,6255.783234,0.854781,0.797783,0.854781,0.797783,68,59,52,33,0,0,0,0,1900,1556,1184,971
2026/02/05/16:07:09,6256.783776,0.852500,0.791491,0.852500,0.791491,68,58,52,33,0,0,0,0,1900,1557,1184,971
2026/02/05/16:07:10,6257.784441,0.852500,0.791491,0.852500,0.791491,68,58,52,33,0,0,0,0,1900,1557,1184,971
2026/02/05/16:07:11,6258.785357,0.852500,0.791491,0.852500,0.791491,68,58,52,33,0,0,0,0,1900,1557,1184,971
2026/02/05/16:07:12,6259.786230,0.879594,0.838097,0.879594,0.838097,76,59,52,36,0,0,0,0,1900,1557,1184,971
2026/02/05/16:07:13,6260.786703,0.879594,0.838097,0.879594,0.838097,76,59,52,36,0,0,0,0,1900,1557,1184,971
2026/02/05/16:07:14,6261.787288,0.879594,0.838097,0.879594,0.838097,76,59,52,36,0,0,0,0,1900,1557,1184,971
2026/02/05/16:07:15,6262.788119,0.872969,0.806111,0.872969,0.806111,74,59,50,36,0,0,0,0,1902,1557,1186,971
2026/02/05/16:07:16,6263.788849,0.872969,0.806111,0.872969,0.806111,74,59,50,36,0,0,0,0,1902,1557,1186,971
2026/02/05/16:07:17,6264.789609,0.872969,0.806111,0.872969,0.806111,74,59,50,36,0,0,0,0,1902,1557,1186,971
2026/02/05/16:07:18,6265.790273,0.872969,0.806111,0.872969,0.806111,74,59,50,36,0,0,0,0,1902,1557,1186,971
2026/02/05/16:07:19,6266.790948,0.872969,0.806111,0.872969,0.806111,74,59,50,36,0,0,0,0,1902,1557,1186,971
2026/02/05/16:07:20,6267.791610,0.865375,0.798449,0.865375,0.798449,71,59,50,36,0,0,0,0,1905,1557,1186,971
2026/02/05/16:07:21,6268.792224,0.862969,0.796681,0.862969,0.796681,71,59,49,36,0,0,0,0,1905,1557,1187,971
2026/02/05/16:07:22,6269.792779,0.858938,0.789292,0.858938,0.789292,71,59,48,35,0,0,0,0,1905,1557,1188,972
2026/02/05/16:07:23,6270.793633,0.858938,0.789292,0.858938,0.789292,71,59,48,35,0,0,0,0,1905,1557,1188,972
2026/02/05/16:07:24,6271.794331,0.851437,0.781059,0.851437,0.781059,71,59,45,35,0,0,0,0,1905,1557,1191,972
2026/02/05/16:07:25,6272.795151,0.885594,0.803935,0.908594,0.809197,73,59,50,35,0,0,2,0,1905,1557,1191,972
2026/02/05/16:07:26,6273.795769,0.889125,0.806298,0.912125,0.811560,73,59,51,35,0,0,2,0,1905,1557,1191,972
2026/02/05/16:07:27,6274.796310,0.889125,0.806298,0.912125,0.811560,73,59,51,35,0,0,2,0,1905,1557,1191,972
2026/02/05/16:07:28,6275.796931,0.873219,0.806613,0.924344,0.836837,73,60,48,35,3,2,2,0,1905,1557,1194,972
2026/02/05/16:07:29,6276.797765,0.879719,0.822847,0.924344,0.836837,76,60,48,35,0,2,2,0,1905,1557,1194,972
2026/02/05/16:07:30,6277.798224,0.874344,0.819226,0.960688,0.848449,73,60,47,36,3,2,2,0,1908,1557,1195,972
2026/02/05/16:07:31,6278.798869,0.868406,0.809168,0.910125,0.824400,71,59,47,36,3,0,0,0,1910,1558,1195,972
2026/02/05/16:07:32,6279.799698,0.862469,0.798294,0.904188,0.813527,69,59,47,36,3,0,0,0,1912,1558,1195,972
2026/02/05/16:07:33,6280.800379,0.857656,0.793864,0.899375,0.809096,69,59,47,35,3,0,0,0,1912,1558,1195,973
2026/02/05/16:07:34,6281.800988,0.857656,0.793864,0.857656,0.793864,69,59,47,35,0,0,0,0,1912,1558,1195,973
2026/02/05/16:07:35,6282.807234,0.857656,0.793864,0.857656,0.793864,69,59,47,35,0,0,0,0,1912,1558,1195,973
2026/02/05/16:07:36,6283.808110,0.875594,0.797319,0.875594,0.797319,69,59,47,37,0,0,0,0,1912,1558,1195,973
2026/02/05/16:07:37,6284.808919,0.890750,0.798643,0.902156,0.807541,68,65,47,37,0,0,0,1,1913,1558,1195,973
2026/02/05/16:07:38,6285.809563,0.886969,0.791655,0.898375,0.800553,68,64,47,37,0,0,0,1,1913,1559,1195,973
2026/02/05/16:07:39,6286.810281,0.886969,0.791655,0.898375,0.800553,68,64,47,37,0,0,0,1,1913,1559,1195,973
2026/02/05/16:07:40,6287.810939,0.871281,0.789252,0.906625,0.804534,70,64,47,35,0,0,2,1,1916,1559,1195,975
2026/02/05/16:07:41,6288.811766,0.871281,0.789252,0.906625,0.804534,70,64,47,35,0,0,2,1,1916,1559,1195,975
2026/02/05/16:07:42,6289.812546,0.871281,0.789252,0.906625,0.804534,70,64,47,35,0,0,2,1,1916,1559,1195,975
2026/02/05/16:07:43,6290.813165,0.866406,0.785482,0.901750,0.800765,70,64,47,34,0,0,2,1,1916,1559,1195,976
2026/02/05/16:07:44,6291.814125,0.866406,0.785482,0.901750,0.800765,70,64,47,34,0,0,2,1,1916,1559,1195,976
2026/02/05/16:07:45,6292.814709,0.861156,0.780895,0.896500,0.796177,68,64,47,34,0,0,2,1,1918,1559,1195,976
2026/02/05/16:07:46,6293.815307,0.850656,0.768853,0.886000,0.784136,65,61,47,34,0,0,2,1,1921,1562,1195,976
2026/02/05/16:07:47,6294.816043,0.850656,0.768853,0.886000,0.784136,65,61,47,34,0,0,2,1,1921,1562,1195,976
2026/02/05/16:07:48,6295.816749,0.850656,0.768853,0.886000,0.784136,65,61,47,34,0,0,2,1,1921,1562,1195,976
2026/02/05/16:07:49,6296.817489,0.850656,0.768853,0.886000,0.784136,65,61,47,34,0,0,2,1,1921,1562,1195,976
2026/02/05/16:07:50,6297.818333,0.850656,0.768853,0.886000,0.784136,65,61,47,34,0,0,2,1,1921,1562,1195,976
2026/02/05/16:07:51,6298.818878,0.850656,0.768853,0.886000,0.784136,65,61,47,34,0,0,2,1,1921,1562,1195,976
2026/02/05/16:07:52,6299.819705,0.852125,0.768594,0.876062,0.774978,65,59,47,35,0,0,2,0,1921,1564,1195,976
2026/02/05/16:07:53,6300.820316,0.852125,0.768594,0.876062,0.774978,65,59,47,35,0,0,2,0,1921,1564,1195,976
2026/02/05/16:07:54,6301.820997,0.852125,0.768594,0.876062,0.774978,65,59,47,35,0,0,2,0,1921,1564,1195,976
2026/02/05/16:07:55,6302.821553,0.852125,0.768594,0.876062,0.774978,65,59,47,35,0,0,2,0,1921,1564,1195,976
2026/02/05/16:07:56,6303.822033,0.846219,0.762244,0.870156,0.768629,65,56,47,35,0,0,2,0,1921,1567,1195,976
2026/02/05/16:07:57,6304.822501,0.846219,0.762244,0.870156,0.768629,65,56,47,35,0,0,2,0,1921,1567,1195,976
2026/02/05/16:07:58,6305.823082,0.846219,0.762244,0.870156,0.768629,65,56,47,35,0,0,2,0,1921,1567,1195,976
2026/02/05/16:07:59,6306.823910,0.846219,0.762244,0.846219,0.762244,65,56,47,35,0,0,0,0,1921,1567,1195,976
2026/02/05/16:08:00,6307.824501,0.846219,0.762244,0.846219,0.762244,65,56,47,35,0,0,0,0,1921,1567,1195,976
2026/02/05/16:08:01,6308.825054,0.846219,0.762244,0.846219,0.762244,65,56,47,35,0,0,0,0,1921,1567,1195,976
2026/02/05/16:08:02,6309.825674,0.846219,0.762244,0.846219,0.762244,65,56,47,35,0,0,0,0,1921,1567,1195,976
2026/02/05/16:08:03,6310.826160,0.846219,0.762244,0.846219,0.762244,65,56,47,35,0,0,0,0,1921,1567,1195,976
2026/02/05/16:08:04,6311.826932,0.848469,0.763964,0.848469,0.763964,66,56,47,35,0,0,0,0,1921,1567,1195,976
2026/02/05/16:08:05,6312.827478,0.848469,0.763964,0.848469,0.763964,66,56,47,35,0,0,0,0,1921,1567,1195,976
2026/02/05/16:08:06,6313.828236,0.848469,0.763964,0.848469,0.763964,66,56,47,35,0,0,0,0,1921,1567,1195,976
2026/02/05/16:08:07,6314.829175,0.848469,0.763964,0.848469,0.763964,66,56,47,35,0,0,0,0,1921,1567,1195,976
2026/02/05/16:08:08,6315.829678,0.848469,0.763964,0.848469,0.763964,66,56,47,35,0,0,0,0,1921,1567,1195,976
2026/02/05/16:08:09,6316.830301,0.848469,0.763964,0.848469,0.763964,66,56,47,35,0,0,0,0,1921,1567,1195,976
2026/02/05/16:08:10,6317.830906,0.848469,0.763964,0.848469,0.763964,66,56,47,35,0,0,0,0,1921,1567,1195,976
2026/02/05/16:08:11,6318.831672,0.848469,0.763964,0.848469,0.763964,66,56,47,35,0,0,0,0,1921,1567,1195,976
2026/02/05/16:08:12,6319.832358,0.874563,0.784509,0.874563,0.784509,66,59,50,35,0,0,0,0,1921,1567,1195,976
2026/02/05/16:08:13,6320.833024,0.874563,0.784509,0.874563,0.784509,66,59,50,35,0,0,0,0,1921,1567,1195,976
2026/02/05/16:08:14,6321.833704,0.874563,0.784509,0.874563,0.784509,66,59,50,35,0,0,0,0,1921,1567,1195,976
2026/02/05/16:08:15,6322.834413,0.863156,0.775611,0.863156,0.775611,66,59,50,34,0,0,0,0,1921,1567,1195,977
2026/02/05/16:08:16,6323.835163,0.839781,0.757507,0.839781,0.757507,66,57,47,34,0,0,0,0,1921,1569,1198,977
2026/02/05/16:08:17,6324.835775,0.839781,0.757507,0.839781,0.757507,66,57,47,34,0,0,0,0,1921,1569,1198,977
2026/02/05/16:08:18,6325.836461,0.833031,0.751249,0.833031,0.751249,66,54,47,34,0,0,0,0,1921,1572,1198,977
2026/02/05/16:08:19,6326.837359,0.833031,0.751249,0.833031,0.751249,66,54,47,34,0,0,0,0,1921,1572,1198,977
2026/02/05/16:08:20,6327.838030,0.833031,0.751249,0.833031,0.751249,66,54,47,34,0,0,0,0,1921,1572,1198,977
2026/02/05/16:08:21,6328.838807,0.833031,0.751249,0.833031,0.751249,66,54,47,34,0,0,0,0,1921,1572,1198,977
2026/02/05/16:08:22,6329.839424,0.856500,0.798646,0.856500,0.798646,69,56,49,35,0,0,0,0,1921,1572,1198,977
2026/02/05/16:08:23,6330.840273,0.856500,0.798646,0.856500,0.798646,69,56,49,35,0,0,0,0,1921,1572,1198,977
2026/02/05/16:08:24,6331.841008,0.852469,0.792608,0.852469,0.792608,68,56,49,35,0,0,0,0,1922,1572,1198,977
2026/02/05/16:08:25,6332.841650,0.843656,0.790575,0.843656,0.790575,67,56,49,35,0,0,0,0,1923,1572,1198,977
2026/02/05/16:08:26,6333.842488,0.843656,0.790575,0.843656,0.790575,67,56,49,35,0,0,0,0,1923,1572,1198,977
2026/02/05/16:08:27,6334.843310,0.843656,0.790575,0.843656,0.790575,67,56,49,35,0,0,0,0,1923,1572,1198,977
2026/02/05/16:08:28,6335.844113,0.838031,0.767932,0.838031,0.767932,67,56,49,32,0,0,0,0,1923,1572,1198,980
2026/02/05/16:08:29,6336.844799,0.838031,0.767932,0.838031,0.767932,67,56,49,32,0,0,0,0,1923,1572,1198,980
2026/02/05/16:08:30,6337.845598,0.838031,0.767932,0.838031,0.767932,67,56,49,32,0,0,0,0,1923,1572,1198,980
2026/02/05/16:08:31,6338.846325,0.838031,0.767932,0.838031,0.767932,67,56,49,32,0,0,0,0,1923,1572,1198,980
2026/02/05/16:08:32,6339.846918,0.838031,0.767932,0.838031,0.767932,67,56,49,32,0,0,0,0,1923,1572,1198,980
2026/02/05/16:08:33,6340.847535,0.834531,0.760012,0.834531,0.760012,65,56,49,32,0,0,0,0,1925,1572,1198,980
2026/02/05/16:08:34,6341.848167,0.834531,0.760012,0.834531,0.760012,65,56,49,32,0,0,0,0,1925,1572,1198,980
2026/02/05/16:08:35,6342.848897,0.834531,0.760012,0.834531,0.760012,65,56,49,32,0,0,0,0,1925,1572,1198,980
2026/02/05/16:08:36,6343.849754,0.834531,0.760012,0.834531,0.760012,65,56,49,32,0,0,0,0,1925,1572,1198,980
2026/02/05/16:08:37,6344.850425,0.834531,0.760012,0.834531,0.760012,65,56,49,32,0,0,0,0,1925,1572,1198,980
2026/02/05/16:08:38,6345.851185,0.834531,0.760012,0.834531,0.760012,65,56,49,32,0,0,0,0,1925,1572,1198,980
2026/02/05/16:08:39,6346.852029,0.834531,0.760012,0.834531,0.760012,65,56,49,32,0,0,0,0,1925,1572,1198,980
2026/02/05/16:08:40,6347.852775,0.841281,0.767299,0.868281,0.776202,68,56,49,32,2,0,0,0,1925,1572,1198,980
2026/02/05/16:08:41,6348.853323,0.855938,0.773518,0.882938,0.782421,68,56,50,34,2,0,0,0,1925,1572,1198,980
2026/02/05/16:08:42,6349.853880,0.888594,0.800989,0.915594,0.809892,68,59,53,34,2,0,0,0,1928,1572,1198,980
2026/02/05/16:08:43,6350.854357,0.865344,0.790870,0.892344,0.799772,68,59,51,32,2,0,0,0,1928,1572,1200,982
2026/02/05/16:08:44,6351.855151,0.861250,0.786530,0.888250,0.795433,68,58,50,32,2,0,0,0,1928,1573,1201,982
2026/02/05/16:08:45,6352.855869,0.861250,0.786530,0.888250,0.795433,68,58,50,32,2,0,0,0,1928,1573,1201,982
2026/02/05/16:08:46,6353.856576,0.869875,0.782649,0.883375,0.787100,67,58,50,32,1,0,0,0,1930,1573,1201,982
2026/02/05/16:08:47,6354.857218,0.869875,0.782649,0.883375,0.787100,67,58,50,32,1,0,0,0,1930,1573,1201,982
2026/02/05/16:08:48,6355.857827,0.868125,0.780994,0.881625,0.785445,67,57,50,32,1,0,0,0,1930,1574,1201,982
2026/02/05/16:08:49,6356.858462,0.868125,0.780994,0.881625,0.785445,67,57,50,32,1,0,0,0,1930,1574,1201,982
2026/02/05/16:08:50,6357.859265,0.868125,0.780994,0.881625,0.785445,67,57,50,32,1,0,0,0,1930,1574,1201,982
2026/02/05/16:08:51,6358.860056,0.868125,0.780994,0.881625,0.785445,67,57,50,32,1,0,0,0,1930,1574,1201,982
2026/02/05/16:08:52,6359.860721,0.868125,0.780994,0.881625,0.785445,67,57,50,32,1,0,0,0,1930,1574,1201,982
2026/02/05/16:08:53,6360.861418,0.866563,0.769802,0.880062,0.774253,67,57,50,31,1,0,0,0,1930,1574,1201,983
2026/02/05/16:08:54,6361.862179,0.866563,0.769802,0.880062,0.774253,67,57,50,31,1,0,0,0,1930,1574,1201,983
2026/02/05/16:08:55,6362.862820,0.866563,0.769802,0.880062,0.774253,67,57,50,31,1,0,0,0,1930,1574,1201,983
2026/02/05/16:08:56,6363.863445,0.866563,0.769802,0.880062,0.774253,67,57,50,31,1,0,0,0,1930,1574,1201,983
2026/02/05/16:08:57,6364.864156,0.861125,0.751999,0.861125,0.751999,65,57,50,31,0,0,0,0,1933,1574,1201,983
2026/02/05/16:08:58,6365.864776,0.861125,0.751999,0.861125,0.751999,65,57,50,31,0,0,0,0,1933,1574,1201,983
2026/02/05/16:08:59,6366.865540,0.861125,0.751999,0.861125,0.751999,65,57,50,31,0,0,0,0,1933,1574,1201,983
2026/02/05/16:09:00,6367.866219,0.861125,0.751999,0.861125,0.751999,65,57,50,31,0,0,0,0,1933,1574,1201,983
2026/02/05/16:09:01,6368.867031,0.861125,0.751999,0.861125,0.751999,65,57,50,31,0,0,0,0,1933,1574,1201,983
2026/02/05/16:09:02,6369.867671,0.863906,0.754810,0.863906,0.754810,65,57,50,32,0,0,0,0,1933,1574,1201,983
2026/02/05/16:09:03,6370.868451,0.863906,0.754810,0.863906,0.754810,65,57,50,32,0,0,0,0,1933,1574,1201,983
2026/02/05/16:09:04,6371.869136,0.871469,0.761421,0.871469,0.761421,66,57,50,34,0,0,0,0,1933,1574,1201,983
2026/02/05/16:09:05,6372.869826,0.876156,0.767657,0.876156,0.767657,69,57,50,34,0,0,0,0,1933,1574,1201,983
2026/02/05/16:09:06,6373.870524,0.871531,0.763133,0.875062,0.778298,69,57,50,32,0,1,0,0,1933,1574,1201,985
2026/02/05/16:09:07,6374.871255,0.871531,0.763133,0.875062,0.778298,69,57,50,32,0,1,0,0,1933,1574,1201,985
2026/02/05/16:09:08,6375.872030,0.871531,0.763133,0.871531,0.763133,69,57,50,32,0,0,0,0,1933,1574,1201,985
2026/02/05/16:09:09,6376.872772,0.871531,0.763133,0.871531,0.763133,69,57,50,32,0,0,0,0,1933,1574,1201,985
2026/02/05/16:09:10,6377.873411,0.871531,0.763133,0.871531,0.763133,69,57,50,32,0,0,0,0,1933,1574,1201,985
2026/02/05/16:09:11,6378.873956,0.871531,0.763133,0.871531,0.763133,69,57,50,32,0,0,0,0,1933,1574,1201,985
2026/02/05/16:09:12,6379.874788,0.868594,0.761046,0.868594,0.761046,68,57,50,32,0,0,0,0,1934,1574,1201,985
2026/02/05/16:09:13,6380.875528,0.861906,0.753044,0.861906,0.753044,65,56,50,32,0,0,0,0,1937,1575,1201,985
2026/02/05/16:09:14,6381.876170,0.861906,0.753044,0.861906,0.753044,65,56,50,32,0,0,0,0,1937,1575,1201,985
2026/02/05/16:09:15,6382.876823,0.887594,0.786689,0.902781,0.791679,70,57,52,32,0,0,0,1,1937,1575,1201,985
2026/02/05/16:09:16,6383.877635,0.890219,0.788831,0.905406,0.793821,70,58,52,32,0,0,0,1,1937,1575,1201,985
2026/02/05/16:09:17,6384.878249,0.890219,0.788831,0.905406,0.793821,70,58,52,32,0,0,0,1,1937,1575,1201,985
2026/02/05/16:09:18,6385.878861,0.890219,0.788831,0.905406,0.793821,70,58,52,32,0,0,0,1,1937,1575,1201,985
2026/02/05/16:09:19,6386.879858,0.898937,0.805146,0.917531,0.817304,70,60,52,33,0,1,0,1,1937,1575,1201,985
2026/02/05/16:09:20,6387.880517,0.898937,0.805146,0.902344,0.812314,70,60,52,33,0,1,0,0,1937,1575,1201,985
2026/02/05/16:09:21,6388.881063,0.898531,0.792143,0.898531,0.792143,70,61,50,33,0,0,0,0,1937,1575,1203,985
2026/02/05/16:09:22,6389.881804,0.909094,0.805521,0.909094,0.805521,73,61,50,33,0,0,0,0,1937,1576,1203,985
2026/02/05/16:09:23,6390.882509,0.900500,0.790069,0.900500,0.790069,73,60,48,32,0,0,0,0,1937,1577,1205,986
2026/02/05/16:09:24,6391.883188,0.898750,0.788476,0.898750,0.788476,72,60,48,32,0,0,0,0,1938,1577,1205,986
2026/02/05/16:09:25,6392.883766,0.902687,0.788199,0.902687,0.788199,72,59,50,32,0,0,0,0,1938,1578,1205,986
2026/02/05/16:09:26,6393.884231,0.902687,0.788199,0.902687,0.788199,72,59,50,32,0,0,0,0,1938,1578,1205,986
2026/02/05/16:09:27,6394.884955,0.902687,0.788199,0.902687,0.788199,72,59,50,32,0,0,0,0,1938,1578,1205,986
2026/02/05/16:09:28,6395.885699,0.880594,0.756919,0.880594,0.756919,71,56,48,32,0,0,0,0,1939,1581,1207,986
2026/02/05/16:09:29,6396.886445,0.880594,0.756919,0.880594,0.756919,71,56,48,32,0,0,0,0,1939,1581,1207,986
2026/02/05/16:09:30,6397.887014,0.889906,0.779584,0.889906,0.779584,72,60,48,32,0,0,0,0,1939,1581,1207,986
2026/02/05/16:09:31,6398.887609,0.894875,0.789600,0.894875,0.789600,72,63,48,32,0,0,0,0,1939,1581,1207,986
2026/02/05/16:09:32,6399.888210,0.899937,0.799875,0.899937,0.799875,72,63,48,35,0,0,0,0,1939,1581,1207,986
2026/02/05/16:09:33,6400.888813,0.899937,0.799875,0.899937,0.799875,72,63,48,35,0,0,0,0,1939,1581,1207,986
2026/02/05/16:09:34,6401.889617,0.894969,0.789859,0.894969,0.789859,72,60,48,35,0,0,0,0,1939,1584,1207,986
2026/02/05/16:09:35,6402.890157,0.916094,0.807756,0.920813,0.809496,80,60,48,35,1,0,0,0,1939,1584,1207,986
2026/02/05/16:09:36,6403.890680,0.912250,0.805405,0.912250,0.805405,79,60,48,35,0,0,0,0,1941,1584,1207,986
2026/02/05/16:09:37,6404.891487,0.898094,0.800185,0.898094,0.800185,76,60,48,35,0,0,0,0,1944,1584,1207,986
2026/02/05/16:09:38,6405.892221,0.898094,0.800185,0.898094,0.800185,76,60,48,35,0,0,0,0,1944,1584,1207,986
2026/02/05/16:09:39,6406.892844,0.893031,0.789910,0.893031,0.789910,76,60,48,32,0,0,0,0,1944,1584,1207,989
2026/02/05/16:09:40,6407.893432,0.893031,0.789910,0.893031,0.789910,76,60,48,32,0,0,0,0,1944,1584,1207,989
2026/02/05/16:09:41,6408.893945,0.893031,0.789910,0.893031,0.789910,76,60,48,32,0,0,0,0,1944,1584,1207,989
2026/02/05/16:09:42,6409.894589,0.893031,0.789910,0.893031,0.789910,76,60,48,32,0,0,0,0,1944,1584,1207,989
2026/02/05/16:09:43,6410.895305,0.888094,0.777041,0.888094,0.777041,74,60,48,32,0,0,0,0,1946,1584,1207,989
2026/02/05/16:09:44,6411.895857,0.888094,0.777041,0.888094,0.777041,74,60,48,32,0,0,0,0,1946,1584,1207,989
2026/02/05/16:09:45,6412.896602,0.916781,0.823036,0.937094,0.834196,75,62,51,35,1,0,1,1,1947,1584,1207,989
2026/02/05/16:09:46,6413.897166,0.919219,0.827669,0.950031,0.836314,75,62,52,35,1,0,0,2,1947,1584,1207,989
2026/02/05/16:09:47,6414.897660,0.919188,0.830161,0.945063,0.834397,76,62,52,34,0,0,0,2,1947,1584,1207,990
2026/02/05/16:09:48,6415.898216,0.902250,0.792078,0.928125,0.796314,73,62,52,32,0,0,0,2,1950,1584,1207,992
2026/02/05/16:09:49,6416.898796,0.898312,0.786247,0.924188,0.790483,71,62,52,32,0,0,0,2,1952,1584,1207,992
2026/02/05/16:09:50,6417.899610,0.898312,0.786247,0.924188,0.790483,71,62,52,32,0,0,0,2,1952,1584,1207,992
2026/02/05/16:09:51,6418.900279,0.889094,0.770370,0.889094,0.770370,71,62,49,31,0,0,0,0,1952,1584,1210,993
2026/02/05/16:09:52,6419.900824,0.889094,0.770370,0.889094,0.770370,71,62,49,31,0,0,0,0,1952,1584,1210,993
2026/02/05/16:09:53,6420.901532,0.927031,0.793408,0.927031,0.793408,71,66,52,37,0,0,0,0,1952,1584,1210,993
2026/02/05/16:09:54,6421.902221,0.927031,0.793408,0.927031,0.793408,71,66,52,37,0,0,0,0,1952,1584,1210,993
2026/02/05/16:09:55,6422.902869,0.920562,0.788420,0.920562,0.788420,71,63,52,37,0,0,0,0,1952,1587,1210,993
2026/02/05/16:09:56,6423.903634,0.902750,0.777449,0.902750,0.777449,71,63,49,34,0,0,0,0,1952,1587,1213,996
2026/02/05/16:09:57,6424.904285,0.902750,0.777449,0.902750,0.777449,71,63,49,34,0,0,0,0,1952,1587,1213,996
2026/02/05/16:09:58,6425.905147,0.902750,0.777449,0.902750,0.777449,71,63,49,34,0,0,0,0,1952,1587,1213,996
2026/02/05/16:09:59,6426.905906,0.902750,0.777449,0.902750,0.777449,71,63,49,34,0,0,0,0,1952,1587,1213,996
2026/02/05/16:10:00,6427.906643,0.900406,0.772778,0.900406,0.772778,71,62,49,34,0,0,0,0,1952,1588,1213,996
2026/02/05/16:10:01,6428.907468,0.900406,0.772778,0.900406,0.772778,71,62,49,34,0,0,0,0,1952,1588,1213,996
2026/02/05/16:10:02,6429.908266,0.900406,0.772778,0.900406,0.772778,71,62,49,34,0,0,0,0,1952,1588,1213,996
2026/02/05/16:10:03,6430.908802,0.894469,0.769111,0.894469,0.769111,71,62,47,34,0,0,0,0,1952,1588,1215,996
2026/02/05/16:10:04,6431.909683,0.894469,0.769111,0.894469,0.769111,71,62,47,34,0,0,0,0,1952,1588,1215,996
2026/02/05/16:10:05,6432.910396,0.891219,0.767326,0.891219,0.767326,71,61,47,34,0,0,0,0,1952,1589,1215,996
2026/02/05/16:10:06,6433.911115,0.891219,0.767326,0.891219,0.767326,71,61,47,34,0,0,0,0,1952,1589,1215,996
2026/02/05/16:10:07,6434.911679,0.891219,0.767326,0.891219,0.767326,71,61,47,34,0,0,0,0,1952,1589,1215,996
2026/02/05/16:10:08,6435.912109,0.891219,0.767326,0.891219,0.767326,71,61,47,34,0,0,0,0,1952,1589,1215,996
2026/02/05/16:10:09,6436.912843,0.891219,0.767326,0.891219,0.767326,71,61,47,34,0,0,0,0,1952,1589,1215,996
2026/02/05/16:10:10,6437.913384,0.891219,0.767326,0.891219,0.767326,71,61,47,34,0,0,0,0,1952,1589,1215,996
2026/02/05/16:10:11,6438.913978,0.891219,0.767326,0.891219,0.767326,71,61,47,34,0,0,0,0,1952,1589,1215,996
2026/02/05/16:10:12,6439.914680,0.891219,0.767326,0.891219,0.767326,71,61,47,34,0,0,0,0,1952,1589,1215,996
2026/02/05/16:10:13,6440.915402,0.894563,0.779022,0.894563,0.779022,71,61,50,32,0,0,0,0,1952,1590,1215,999
2026/02/05/16:10:14,6441.916124,0.910094,0.828532,0.910094,0.828532,74,61,54,32,0,0,0,0,1952,1590,1215,999
2026/02/05/16:10:15,6442.916832,0.901500,0.821072,0.901500,0.821072,74,60,54,31,0,0,0,0,1952,1591,1215,1000
2026/02/05/16:10:16,6443.917467,0.888750,0.808363,0.888750,0.808363,74,57,53,31,0,0,0,0,1952,1594,1218,1000
2026/02/05/16:10:17,6444.917998,0.914375,0.837685,0.914375,0.837685,77,58,56,34,0,0,0,0,1952,1594,1218,1000
2026/02/05/16:10:18,6445.918546,0.922219,0.816270,0.922219,0.816270,77,61,56,34,0,0,0,0,1955,1594,1218,1000
2026/02/05/16:10:19,6446.919129,0.916656,0.811139,0.916656,0.811139,77,61,54,34,0,0,0,0,1955,1594,1220,1000
2026/02/05/16:10:20,6447.919624,0.912656,0.806880,0.912656,0.806880,77,61,54,32,0,0,0,0,1955,1594,1220,1002
2026/02/05/16:10:21,6448.920116,0.911531,0.807701,0.911531,0.807701,77,59,54,34,0,0,0,0,1955,1596,1220,1002
2026/02/05/16:10:22,6449.920683,0.901125,0.793618,0.901125,0.793618,77,59,51,34,0,0,0,0,1955,1596,1223,1002
2026/02/05/16:10:23,6450.921416,0.898531,0.791912,0.898531,0.791912,77,59,51,33,0,0,0,0,1955,1596,1223,1003
2026/02/05/16:10:24,6451.922111,0.893969,0.785649,0.893969,0.785649,77,57,51,33,0,0,0,0,1955,1598,1223,1003
2026/02/05/16:10:25,6452.922784,0.893969,0.785649,0.893969,0.785649,77,57,51,33,0,0,0,0,1955,1598,1223,1003
2026/02/05/16:10:26,6453.923603,0.888906,0.778235,0.888906,0.778235,74,57,51,33,0,0,0,0,1958,1598,1223,1003
2026/02/05/16:10:27,6454.924383,0.888906,0.778235,0.888906,0.778235,74,57,51,33,0,0,0,0,1958,1598,1223,1003
2026/02/05/16:10:28,6455.925273,0.886125,0.774387,0.886125,0.774387,74,57,51,32,0,0,0,0,1958,1598,1223,1004
2026/02/05/16:10:29,6456.925940,0.886125,0.774387,0.886125,0.774387,74,57,51,32,0,0,0,0,1958,1598,1223,1004
2026/02/05/16:10:30,6457.926697,0.886125,0.774387,0.886125,0.774387,74,57,51,32,0,0,0,0,1958,1598,1223,1004
2026/02/05/16:10:31,6458.927391,0.886125,0.774387,0.886125,0.774387,74,57,51,32,0,0,0,0,1958,1598,1223,1004
2026/02/05/16:10:32,6459.928163,0.886125,0.774387,0.886125,0.774387,74,57,51,32,0,0,0,0,1958,1598,1223,1004
2026/02/05/16:10:33,6460.928722,0.886125,0.774387,0.886125,0.774387,74,57,51,32,0,0,0,0,1958,1598,1223,1004
2026/02/05/16:10:34,6461.929437,0.890938,0.780405,0.890938,0.780405,76,57,51,32,0,0,0,0,1958,1598,1223,1004
2026/02/05/16:10:35,6462.930252,0.890938,0.780405,0.890938,0.780405,76,57,51,32,0,0,0,0,1958,1598,1223,1004
2026/02/05/16:10:36,6463.930877,0.890938,0.780405,0.890938,0.780405,76,57,51,32,0,0,0,0,1958,1598,1223,1004
2026/02/05/16:10:37,6464.931491,0.890938,0.780405,0.890938,0.780405,76,57,51,32,0,0,0,0,1958,1598,1223,1004
2026/02/05/16:10:38,6465.932181,0.890938,0.780405,0.890938,0.780405,76,57,51,32,0,0,0,0,1958,1598,1223,1004
2026/02/05/16:10:39,6466.932964,0.890938,0.780405,0.890938,0.780405,76,57,51,32,0,0,0,0,1958,1598,1223,1004
2026/02/05/16:10:40,6467.933679,0.890938,0.780405,0.890938,0.780405,76,57,51,32,0,0,0,0,1958,1598,1223,1004
2026/02/05/16:10:41,6468.934412,0.890938,0.780405,0.890938,0.780405,76,57,51,32,0,0,0,0,1958,1598,1223,1004
2026/02/05/16:10:42,6469.935176,0.890938,0.780405,0.890938,0.780405,76,57,51,32,0,0,0,0,1958,1598,1223,1004
2026/02/05/16:10:43,6470.936003,0.890938,0.780405,0.890938,0.780405,76,57,51,32,0,0,0,0,1958,1598,1223,1004
2026/02/05/16:10:44,6471.936537,0.890938,0.780405,0.890938,0.780405,76,57,51,32,0,0,0,0,1958,1598,1223,1004
2026/02/05/16:10:45,6472.937294,0.890938,0.780405,0.890938,0.780405,76,57,51,32,0,0,0,0,1958,1598,1223,1004
2026/02/05/16:10:46,6473.937779,0.890938,0.780405,0.890938,0.780405,76,57,51,32,0,0,0,0,1958,1598,1223,1004
2026/02/05/16:10:47,6474.938439,0.890938,0.780405,0.890938,0.780405,76,57,51,32,0,0,0,0,1958,1598,1223,1004
2026/02/05/16:10:48,6475.939154,0.890938,0.780405,0.890938,0.780405,76,57,51,32,0,0,0,0,1958,1598,1223,1004
2026/02/05/16:10:49,6476.939840,0.890938,0.780405,0.890938,0.780405,76,57,51,32,0,0,0,0,1958,1598,1223,1004
2026/02/05/16:10:50,6477.940554,0.890938,0.780405,0.890938,0.780405,76,57,51,32,0,0,0,0,1958,1598,1223,1004
2026/02/05/16:10:51,6478.941324,0.890938,0.780405,0.890938,0.780405,76,57,51,32,0,0,0,0,1958,1598,1223,1004
2026/02/05/16:10:52,6479.942173,0.890938,0.780405,0.890938,0.780405,76,57,51,32,0,0,0,0,1958,1598,1223,1004
2026/02/05/16:10:53,6480.942911,0.890938,0.780405,0.890938,0.780405,76,57,51,32,0,0,0,0,1958,1598,1223,1004
2026/02/05/16:10:54,6481.943505,0.890938,0.780405,0.890938,0.780405,76,57,51,32,0,0,0,0,1958,1598,1223,1004
2026/02/05/16:10:55,6482.944281,0.890938,0.780405,0.890938,0.780405,76,57,51,32,0,0,0,0,1958,1598,1223,1004
2026/02/05/16:10:56,6483.944875,0.885750,0.773206,0.885750,0.773206,76,57,49,32,0,0,0,0,1958,1598,1225,1004
2026/02/05/16:10:57,6484.945323,0.885750,0.773206,0.885750,0.773206,76,57,49,32,0,0,0,0,1958,1598,1225,1004
2026/02/05/16:10:58,6485.945898,0.885750,0.773206,0.885750,0.773206,76,57,49,32,0,0,0,0,1958,1598,1225,1004
2026/02/05/16:10:59,6486.946560,0.880938,0.767188,0.880938,0.767188,74,57,49,32,0,0,0,0,1960,1598,1225,1004
2026/02/05/16:11:00,6487.947310,0.874250,0.752166,0.874250,0.752166,74,53,49,32,0,0,0,0,1960,1602,1225,1004
2026/02/05/16:11:01,6488.948047,0.874250,0.752166,0.874250,0.752166,74,53,49,32,0,0,0,0,1960,1602,1225,1004
2026/02/05/16:11:02,6489.948700,0.874250,0.752166,0.874250,0.752166,74,53,49,32,0,0,0,0,1960,1602,1225,1004
2026/02/05/16:11:03,6490.949165,0.859531,0.745708,0.859531,0.745708,74,53,46,32,0,0,0,0,1960,1602,1228,1004
2026/02/05/16:11:04,6491.949898,0.859531,0.745708,0.859531,0.745708,74,53,46,32,0,0,0,0,1960,1602,1228,1004
2026/02/05/16:11:05,6492.950580,0.859531,0.745708,0.859531,0.745708,74,53,46,32,0,0,0,0,1960,1602,1228,1004
2026/02/05/16:11:06,6493.976462,0.897188,0.770773,0.897188,0.770773,76,60,50,32,0,0,0,0,1960,1602,1228,1004
2026/02/05/16:11:07,6494.977162,0.900687,0.774261,0.900687,0.774261,76,60,52,32,0,0,0,0,1960,1602,1228,1004
2026/02/05/16:11:08,6495.977751,0.893437,0.766186,0.893437,0.766186,74,58,52,32,0,0,0,0,1962,1604,1228,1004
2026/02/05/16:11:09,6496.978361,0.888000,0.761143,0.888000,0.761143,71,58,52,32,0,0,0,0,1965,1604,1228,1004
2026/02/05/16:11:10,6497.978886,0.882750,0.755910,0.882750,0.755910,71,58,49,32,0,0,0,0,1965,1604,1231,1004
2026/02/05/16:11:11,6498.979582,0.876188,0.749034,0.876188,0.749034,71,55,49,32,0,0,0,0,1965,1607,1231,1004
2026/02/05/16:11:12,6499.980364,0.876188,0.749034,0.876188,0.749034,71,55,49,32,0,0,0,0,1965,1607,1231,1004
2026/02/05/16:11:13,6500.980998,0.854094,0.740665,0.854094,0.740665,71,53,46,32,0,0,0,0,1965,1609,1234,1004
2026/02/05/16:11:14,6501.981759,0.854094,0.740665,0.854094,0.740665,71,53,46,32,0,0,0,0,1965,1609,1234,1004
2026/02/05/16:11:15,6502.982471,0.854094,0.740665,0.854094,0.740665,71,53,46,32,0,0,0,0,1965,1609,1234,1004
2026/02/05/16:11:16,6503.983350,0.854094,0.740665,0.854094,0.740665,71,53,46,32,0,0,0,0,1965,1609,1234,1004
2026/02/05/16:11:17,6504.984001,0.854094,0.740665,0.854094,0.740665,71,53,46,32,0,0,0,0,1965,1609,1234,1004
2026/02/05/16:11:18,6505.984629,0.847906,0.724674,0.847906,0.724674,71,50,46,32,0,0,0,0,1965,1612,1234,1004
2026/02/05/16:11:19,6506.985258,0.847906,0.724674,0.847906,0.724674,71,50,46,32,0,0,0,0,1965,1612,1234,1004
2026/02/05/16:11:20,6507.985917,0.847906,0.724674,0.847906,0.724674,71,50,46,32,0,0,0,0,1965,1612,1234,1004
2026/02/05/16:11:21,6508.987016,0.847906,0.724674,0.847906,0.724674,71,50,46,32,0,0,0,0,1965,1612,1234,1004
2026/02/05/16:11:22,6509.987761,0.847906,0.724674,0.847906,0.724674,71,50,46,32,0,0,0,0,1965,1612,1234,1004
2026/02/05/16:11:23,6510.988389,0.847906,0.724674,0.847906,0.724674,71,50,46,32,0,0,0,0,1965,1612,1234,1004
2026/02/05/16:11:24,6511.989148,0.847906,0.724674,0.847906,0.724674,71,50,46,32,0,0,0,0,1965,1612,1234,1004
2026/02/05/16:11:25,6512.990029,0.847906,0.724674,0.847906,0.724674,71,50,46,32,0,0,0,0,1965,1612,1234,1004
2026/02/05/16:11:26,6513.990726,0.847906,0.724674,0.847906,0.724674,71,50,46,32,0,0,0,0,1965,1612,1234,1004
2026/02/05/16:11:27,6514.991314,0.847906,0.724674,0.847906,0.724674,71,50,46,32,0,0,0,0,1965,1612,1234,1004
2026/02/05/16:11:28,6515.992019,0.847906,0.724674,0.847906,0.724674,71,50,46,32,0,0,0,0,1965,1612,1234,1004
2026/02/05/16:11:29,6516.992985,0.847906,0.724674,0.847906,0.724674,71,50,46,32,0,0,0,0,1965,1612,1234,1004
2026/02/05/16:11:30,6517.993832,0.847906,0.724674,0.847906,0.724674,71,50,46,32,0,0,0,0,1965,1612,1234,1004
2026/02/05/16:11:31,6518.994446,0.847906,0.724674,0.847906,0.724674,71,50,46,32,0,0,0,0,1965,1612,1234,1004
2026/02/05/16:11:32,6519.995125,0.847906,0.724674,0.847906,0.724674,71,50,46,32,0,0,0,0,1965,1612,1234,1004
2026/02/05/16:11:33,6520.995640,0.847906,0.724674,0.847906,0.724674,71,50,46,32,0,0,0,0,1965,1612,1234,1004
2026/02/05/16:11:34,6521.996329,0.847906,0.724674,0.847906,0.724674,71,50,46,32,0,0,0,0,1965,1612,1234,1004
2026/02/05/16:11:35,6522.996884,0.847906,0.724674,0.847906,0.724674,71,50,46,32,0,0,0,0,1965,1612,1234,1004
2026/02/05/16:11:36,6523.997460,0.847906,0.724674,0.847906,0.724674,71,50,46,32,0,0,0,0,1965,1612,1234,1004
2026/02/05/16:11:37,6524.998077,0.847906,0.724674,0.887000,0.730169,71,50,46,32,0,3,0,0,1965,1612,1234,1004
2026/02/05/16:11:38,6525.998691,0.847906,0.724674,0.887000,0.730169,71,50,46,32,0,3,0,0,1965,1612,1234,1004
2026/02/05/16:11:39,6526.999348,0.847906,0.724674,0.887000,0.730169,71,50,46,32,0,3,0,0,1965,1612,1234,1004
2026/02/05/16:11:40,6528.000205,0.847906,0.724674,0.887000,0.730169,71,50,46,32,0,3,0,0,1965,1612,1234,1004
2026/02/05/16:11:41,6529.000890,0.847906,0.724674,0.887000,0.730169,71,50,46,32,0,3,0,0,1965,1612,1234,1004
2026/02/05/16:11:42,6530.001605,0.847906,0.724674,0.887000,0.730169,71,50,46,32,0,3,0,0,1965,1612,1234,1004
2026/02/05/16:11:43,6531.002308,0.847906,0.724674,0.887000,0.730169,71,50,46,32,0,3,0,0,1965,1612,1234,1004
2026/02/05/16:11:44,6532.002911,0.846969,0.719434,0.860000,0.721266,69,52,46,32,0,1,0,0,1967,1612,1234,1004
2026/02/05/16:11:45,6533.003549,0.846969,0.719434,0.860000,0.721266,69,52,46,32,0,1,0,0,1967,1612,1234,1004
2026/02/05/16:11:46,6534.004297,0.846969,0.719434,0.860000,0.721266,69,52,46,32,0,1,0,0,1967,1612,1234,1004
2026/02/05/16:11:47,6535.005145,0.846969,0.719434,0.860000,0.721266,69,52,46,32,0,1,0,0,1967,1612,1234,1004
2026/02/05/16:11:48,6536.005950,0.846969,0.719434,0.860000,0.721266,69,52,46,32,0,1,0,0,1967,1612,1234,1004
2026/02/05/16:11:49,6537.006707,0.846969,0.719434,0.860000,0.721266,69,52,46,32,0,1,0,0,1967,1612,1234,1004
2026/02/05/16:11:50,6538.007333,0.882531,0.746105,0.905406,0.750257,72,56,48,32,1,1,0,0,1967,1612,1234,1004
2026/02/05/16:11:51,6539.007759,0.894594,0.755529,0.917469,0.759681,74,56,50,32,1,1,0,0,1967,1612,1234,1004
2026/02/05/16:11:52,6540.008478,0.894594,0.755529,0.917469,0.759681,74,56,50,32,1,1,0,0,1967,1612,1234,1004
2026/02/05/16:11:53,6541.009193,0.888406,0.750928,0.911281,0.755080,72,56,50,32,1,1,0,0,1969,1612,1234,1004
2026/02/05/16:11:54,6542.010105,0.885312,0.748951,0.908188,0.753103,72,56,49,32,1,1,0,0,1969,1612,1235,1004
2026/02/05/16:11:55,6543.010760,0.888969,0.746548,0.902000,0.748380,71,56,49,32,0,1,0,0,1971,1612,1235,1004
2026/02/05/16:11:56,6544.011511,0.888969,0.746548,0.902000,0.748380,71,56,49,32,0,1,0,0,1971,1612,1235,1004
2026/02/05/16:11:57,6545.012306,0.876281,0.734135,0.889312,0.735967,71,53,49,32,0,1,0,0,1971,1615,1235,1004
2026/02/05/16:11:58,6546.015824,0.876281,0.734135,0.889312,0.735967,71,53,49,32,0,1,0,0,1971,1615,1235,1004
2026/02/05/16:11:59,6547.016672,0.876281,0.734135,0.889312,0.735967,71,53,49,32,0,1,0,0,1971,1615,1235,1004
2026/02/05/16:12:00,6548.017215,0.874406,0.732036,0.887437,0.733868,71,53,48,32,0,1,0,0,1971,1615,1236,1004
2026/02/05/16:12:01,6549.017903,0.874406,0.732036,0.887437,0.733868,71,53,48,32,0,1,0,0,1971,1615,1236,1004
2026/02/05/16:12:02,6550.018211,0.914000,0.782030,0.916156,0.792698,79,59,46,34,1,0,0,0,1971,1617,1238,1004
2026/02/05/16:12:03,6551.018613,0.929594,0.802107,0.951281,0.805905,82,59,47,34,1,0,0,1,1971,1617,1238,1004
2026/02/05/16:12:04,6552.019346,0.913875,0.813099,0.939312,0.817682,79,62,47,34,0,0,1,1,1980,1617,1238,1004
2026/02/05/16:12:05,6553.019968,0.897000,0.806468,0.912062,0.808402,77,61,47,36,0,0,0,1,1982,1618,1238,1005
2026/02/05/16:12:06,6554.020597,0.890531,0.774464,0.905594,0.776399,74,61,47,36,0,0,0,1,1985,1618,1238,1005
2026/02/05/16:12:07,6555.021250,0.892281,0.771108,0.907344,0.773043,74,61,46,37,0,0,0,1,1985,1618,1239,1005
2026/02/05/16:12:08,6556.022246,0.909656,0.777040,0.924719,0.778974,74,62,46,37,0,0,0,1,1985,1620,1239,1005
2026/02/05/16:12:09,6557.023037,0.899781,0.771497,0.914844,0.773431,72,62,46,36,0,0,0,1,1987,1620,1239,1006
2026/02/05/16:12:10,6558.023804,0.896312,0.769502,0.911375,0.771436,71,62,46,36,0,0,0,1,1988,1620,1239,1006
2026/02/05/16:12:11,6559.024390,0.904000,0.780937,0.919063,0.782872,74,63,47,35,0,0,0,1,1988,1620,1239,1007
2026/02/05/16:12:12,6560.025275,0.904000,0.780937,0.919063,0.782872,74,63,47,35,0,0,0,1,1988,1620,1239,1007
2026/02/05/16:12:13,6561.026025,0.904000,0.780937,0.919063,0.782872,74,63,47,35,0,0,0,1,1988,1620,1239,1007
2026/02/05/16:12:14,6562.026692,0.891406,0.773175,0.906469,0.775110,73,63,46,34,0,0,0,1,1989,1620,1240,1008
2026/02/05/16:12:15,6563.027331,0.889625,0.767364,0.904687,0.769299,73,62,46,34,0,0,0,1,1989,1621,1240,1008
2026/02/05/16:12:16,6564.028127,0.889625,0.767364,0.904687,0.769299,73,62,46,34,0,0,0,1,1989,1621,1240,1008
2026/02/05/16:12:17,6565.028830,0.889625,0.767364,0.904687,0.769299,73,62,46,34,0,0,0,1,1989,1621,1240,1008
2026/02/05/16:12:18,6566.029456,0.885938,0.760720,0.901000,0.762655,72,62,46,34,0,0,0,1,1990,1621,1240,1008
2026/02/05/16:12:19,6567.030227,0.885938,0.760720,0.901000,0.762655,72,62,46,34,0,0,0,1,1990,1621,1240,1008
2026/02/05/16:12:20,6568.031235,0.885938,0.760720,0.901000,0.762655,72,62,46,34,0,0,0,1,1990,1621,1240,1008
2026/02/05/16:12:21,6569.031888,0.885938,0.760720,0.901000,0.762655,72,62,46,34,0,0,0,1,1990,1621,1240,1008
2026/02/05/16:12:22,6570.032561,0.885938,0.760720,0.901000,0.762655,72,62,46,34,0,0,0,1,1990,1621,1240,1008
2026/02/05/16:12:23,6571.033286,0.885938,0.760720,0.901000,0.762655,72,62,46,34,0,0,0,1,1990,1621,1240,1008
2026/02/05/16:12:24,6572.034131,0.879938,0.751580,0.895000,0.753514,72,62,46,31,0,0,0,1,1990,1621,1240,1011
2026/02/05/16:12:25,6573.034838,0.879938,0.751580,0.895000,0.753514,72,62,46,31,0,0,0,1,1990,1621,1240,1011
2026/02/05/16:12:26,6574.035502,0.879938,0.751580,0.895000,0.753514,72,62,46,31,0,0,0,1,1990,1621,1240,1011
2026/02/05/16:12:27,6575.036149,0.879938,0.751580,0.895000,0.753514,72,62,46,31,0,0,0,1,1990,1621,1240,1011
2026/02/05/16:12:28,6576.036922,0.895375,0.786077,0.923375,0.790825,76,65,46,31,0,0,0,2,1990,1621,1240,1011
2026/02/05/16:12:29,6577.037567,0.895375,0.786077,0.923375,0.790825,76,65,46,31,0,0,0,2,1990,1621,1240,1011
2026/02/05/16:12:30,6578.038392,0.895375,0.786077,0.923375,0.790825,76,65,46,31,0,0,0,2,1990,1621,1240,1011
2026/02/05/16:12:31,6579.039364,0.895375,0.786077,0.923375,0.790825,76,65,46,31,0,0,0,2,1990,1621,1240,1011
2026/02/05/16:12:32,6580.039976,0.893281,0.770978,0.921281,0.775725,75,65,46,31,0,0,0,2,1991,1621,1240,1011
2026/02/05/16:12:33,6581.040455,0.893281,0.770978,0.921281,0.775725,75,65,46,31,0,0,0,2,1991,1621,1240,1011
2026/02/05/16:12:34,6582.041010,0.893281,0.770978,0.921281,0.775725,75,65,46,31,0,0,0,2,1991,1621,1240,1011
2026/02/05/16:12:35,6583.041849,0.893281,0.770978,0.921281,0.775725,75,65,46,31,0,0,0,2,1991,1621,1240,1011
2026/02/05/16:12:36,6584.042414,0.893281,0.770978,0.921281,0.775725,75,65,46,31,0,0,0,2,1991,1621,1240,1011
2026/02/05/16:12:37,6585.043157,0.893281,0.770978,0.908344,0.772912,75,65,46,31,0,0,0,1,1991,1621,1240,1011
2026/02/05/16:12:38,6586.043707,0.893281,0.770978,0.908344,0.772912,75,65,46,31,0,0,0,1,1991,1621,1240,1011
2026/02/05/16:12:39,6587.044286,0.891469,0.768295,0.906531,0.770230,74,65,46,31,0,0,0,1,1992,1621,1240,1011
2026/02/05/16:12:40,6588.044875,0.891469,0.768295,0.906531,0.770230,74,65,46,31,0,0,0,1,1992,1621,1240,1011
2026/02/05/16:12:41,6589.045273,0.891469,0.768295,0.906531,0.770230,74,65,46,31,0,0,0,1,1992,1621,1240,1011
2026/02/05/16:12:42,6590.045853,0.891469,0.768295,0.906531,0.770230,74,65,46,31,0,0,0,1,1992,1621,1240,1011
2026/02/05/16:12:43,6591.050006,0.891469,0.768295,0.906531,0.770230,74,65,46,31,0,0,0,1,1992,1621,1240,1011
2026/02/05/16:12:44,6592.050215,0.891469,0.768295,0.906531,0.770230,74,65,46,31,0,0,0,1,1992,1621,1240,1011
2026/02/05/16:12:45,6593.050568,0.906531,0.770230,0.906531,0.770230,74,65,46,32,0,0,0,0,1994,1621,1240,1011
2026/02/05/16:12:46,6594.051157,0.881469,0.751861,0.881469,0.751861,73,62,46,32,0,0,0,0,1995,1624,1240,1011
2026/02/05/16:12:47,6595.051798,0.881469,0.751861,0.881469,0.751861,73,62,46,32,0,0,0,0,1995,1624,1240,1011
2026/02/05/16:12:48,6596.052410,0.881469,0.751861,0.881469,0.751861,73,62,46,32,0,0,0,0,1995,1624,1240,1011
2026/02/05/16:12:49,6597.053132,0.879156,0.749149,0.879156,0.749149,72,62,46,32,0,0,0,0,1996,1624,1240,1011
2026/02/05/16:12:50,6598.053798,0.880125,0.750629,0.880125,0.750629,71,62,47,32,0,0,0,0,1997,1624,1240,1011
2026/02/05/16:12:51,6599.054316,0.882031,0.757418,0.882031,0.757418,72,62,47,32,0,0,0,0,1997,1624,1240,1011
2026/02/05/16:12:52,6600.055124,0.890844,0.767951,0.890844,0.767951,72,62,51,32,0,0,0,0,1997,1624,1240,1011
2026/02/05/16:12:53,6601.055882,0.890844,0.767951,0.890844,0.767951,72,62,51,32,0,0,0,0,1997,1624,1240,1011
2026/02/05/16:12:54,6602.056444,0.888125,0.763070,0.888125,0.763070,72,62,50,32,0,0,0,0,1997,1624,1241,1011
2026/02/05/16:12:55,6603.057256,0.888125,0.763070,0.888125,0.763070,72,62,50,32,0,0,0,0,1997,1624,1241,1011
2026/02/05/16:12:56,6604.057844,0.864125,0.747481,0.864125,0.747481,71,59,50,31,0,0,0,0,1998,1627,1241,1012
2026/02/05/16:12:57,6605.058484,0.860688,0.743817,0.860688,0.743817,71,59,48,31,0,0,0,0,1998,1627,1243,1012
2026/02/05/16:12:58,6606.059303,0.860688,0.743817,0.860688,0.743817,71,59,48,31,0,0,0,0,1998,1627,1243,1012
2026/02/05/16:12:59,6607.060131,0.860688,0.743817,0.860688,0.743817,71,59,48,31,0,0,0,0,1998,1627,1243,1012
2026/02/05/16:13:00,6608.060567,0.845469,0.741994,0.845469,0.741994,71,58,48,31,0,0,0,0,1998,1628,1243,1012
2026/02/05/16:13:01,6609.061199,0.845469,0.741994,0.845469,0.741994,71,58,48,31,0,0,0,0,1998,1628,1243,1012
2026/02/05/16:13:02,6610.061665,0.845469,0.741994,0.845469,0.741994,71,58,48,31,0,0,0,0,1998,1628,1243,1012
2026/02/05/16:13:03,6611.062287,0.845469,0.741994,0.845469,0.741994,71,58,48,31,0,0,0,0,1998,1628,1243,1012
2026/02/05/16:13:04,6612.063179,0.845469,0.741994,0.845469,0.741994,71,58,48,31,0,0,0,0,1998,1628,1243,1012
2026/02/05/16:13:05,6613.063886,0.845469,0.741994,0.845469,0.741994,71,58,48,31,0,0,0,0,1998,1628,1243,1012
2026/02/05/16:13:06,6614.064570,0.845469,0.741994,0.845469,0.741994,71,58,48,31,0,0,0,0,1998,1628,1243,1012
2026/02/05/16:13:07,6615.065355,0.845469,0.741994,0.845469,0.741994,71,58,48,31,0,0,0,0,1998,1628,1243,1012
2026/02/05/16:13:08,6616.066063,0.845469,0.741994,0.845469,0.741994,71,58,48,31,0,0,0,0,1998,1628,1243,1012
2026/02/05/16:13:09,6617.066838,0.845469,0.741994,0.845469,0.741994,71,58,48,31,0,0,0,0,1998,1628,1243,1012
2026/02/05/16:13:10,6618.067490,0.845469,0.741994,0.845469,0.741994,71,58,48,31,0,0,0,0,1998,1628,1243,1012
2026/02/05/16:13:11,6619.068191,0.845469,0.741994,0.845469,0.741994,71,58,48,31,0,0,0,0,1998,1628,1243,1012
2026/02/05/16:13:12,6620.068953,0.845469,0.741994,0.845469,0.741994,71,58,48,31,0,0,0,0,1998,1628,1243,1012
2026/02/05/16:13:13,6621.069665,0.845469,0.741994,0.845469,0.741994,71,58,48,31,0,0,0,0,1998,1628,1243,1012
2026/02/05/16:13:14,6622.070499,0.845469,0.741994,0.845469,0.741994,71,58,48,31,0,0,0,0,1998,1628,1243,1012
2026/02/05/16:13:15,6623.071019,0.897312,0.783906,0.901594,0.789917,76,62,50,32,0,1,0,0,1998,1630,1243,1012
2026/02/05/16:13:16,6624.071635,0.928281,0.836292,0.948344,0.844474,78,67,53,32,2,0,0,1,1998,1630,1243,1012
2026/02/05/16:13:17,6625.072311,0.928094,0.846624,0.947875,0.853631,77,65,53,36,1,0,1,0,2001,1632,1243,1012
2026/02/05/16:13:18,6626.073046,0.930312,0.868111,0.944375,0.876584,80,65,55,34,0,0,2,0,2001,1632,1243,1014
2026/02/05/16:13:19,6627.073568,0.914344,0.861316,0.931187,0.871405,77,63,56,34,0,0,3,0,2004,1635,1243,1014
2026/02/05/16:13:20,6628.074131,0.926719,0.854466,0.939781,0.860102,79,61,60,31,1,0,1,0,2004,1637,1243,1017
2026/02/05/16:13:21,6629.074937,0.933656,0.857852,0.941969,0.859737,79,61,62,31,0,0,1,0,2005,1637,1243,1017
2026/02/05/16:13:22,6630.075613,0.894469,0.817728,0.894469,0.817728,76,61,56,31,0,0,0,0,2008,1637,1249,1017
2026/02/05/16:13:23,6631.076230,0.884344,0.811156,0.884344,0.811156,76,58,56,31,0,0,0,0,2008,1640,1249,1017
2026/02/05/16:13:24,6632.076758,0.884344,0.811156,0.884344,0.811156,76,58,56,31,0,0,0,0,2008,1640,1249,1017
2026/02/05/16:13:25,6633.077136,0.903781,0.844526,0.903781,0.844526,83,61,54,29,0,0,0,0,2008,1640,1251,1020
2026/02/05/16:13:26,6634.077660,0.904531,0.847695,0.904531,0.847695,82,63,54,29,0,0,0,0,2009,1640,1251,1020
2026/02/05/16:13:27,6635.078182,0.887813,0.822887,0.887813,0.822887,81,59,54,29,0,0,0,0,2010,1644,1251,1020
2026/02/05/16:13:28,6636.078758,0.886125,0.820624,0.886125,0.820624,81,59,54,28,0,0,0,0,2010,1644,1251,1021
2026/02/05/16:13:29,6637.079218,0.867938,0.805666,0.867938,0.805666,78,59,54,28,0,0,0,0,2013,1644,1251,1021
2026/02/05/16:13:30,6638.079802,0.867938,0.805666,0.867938,0.805666,78,59,54,28,0,0,0,0,2013,1644,1251,1021
2026/02/05/16:13:31,6639.080291,0.861563,0.797109,0.861563,0.797109,76,59,54,28,0,0,0,0,2015,1644,1251,1021
2026/02/05/16:13:32,6640.081021,0.861563,0.797109,0.861563,0.797109,76,59,54,28,0,0,0,0,2015,1644,1251,1021
2026/02/05/16:13:33,6641.081410,0.861563,0.797109,0.861563,0.797109,76,59,54,28,0,0,0,0,2015,1644,1251,1021
2026/02/05/16:13:34,6642.082259,0.851688,0.774408,0.851688,0.774408,75,59,51,28,0,0,0,0,2016,1644,1254,1021
2026/02/05/16:13:35,6643.082944,0.851688,0.774408,0.851688,0.774408,75,59,51,28,0,0,0,0,2016,1644,1254,1021
2026/02/05/16:13:36,6644.083693,0.851688,0.774408,0.851688,0.774408,75,59,51,28,0,0,0,0,2016,1644,1254,1021
2026/02/05/16:13:37,6645.084399,0.851688,0.774408,0.851688,0.774408,75,59,51,28,0,0,0,0,2016,1644,1254,1021
2026/02/05/16:13:38,6646.085017,0.880687,0.791215,0.893250,0.793569,77,60,51,29,1,0,0,0,2016,1644,1254,1021
2026/02/05/16:13:39,6647.085759,0.880344,0.792203,0.892906,0.794557,78,60,51,28,1,0,0,0,2016,1644,1254,1022
2026/02/05/16:13:40,6648.086390,0.871844,0.796324,0.871844,0.796324,76,61,54,28,0,0,0,0,2018,1644,1254,1022
2026/02/05/16:13:41,6649.086901,0.880563,0.798138,0.880563,0.798138,76,60,58,27,0,0,0,0,2018,1646,1254,1023
2026/02/05/16:13:42,6650.087685,0.878625,0.792378,0.878625,0.792378,76,59,58,27,0,0,0,0,2018,1647,1254,1023
2026/02/05/16:13:43,6651.088377,0.872062,0.784869,0.872062,0.784869,76,59,55,27,0,0,0,0,2018,1647,1257,1023
2026/02/05/16:13:44,6652.089078,0.869969,0.782633,0.869969,0.782633,76,58,55,27,0,0,0,0,2018,1648,1257,1023
2026/02/05/16:13:45,6653.089849,0.869969,0.782633,0.869969,0.782633,76,58,55,27,0,0,0,0,2018,1648,1257,1023
2026/02/05/16:13:46,6654.090683,0.869969,0.782633,0.869969,0.782633,76,58,55,27,0,0,0,0,2018,1648,1257,1023
2026/02/05/16:13:47,6655.091503,0.869969,0.782633,0.869969,0.782633,76,58,55,27,0,0,0,0,2018,1648,1257,1023
2026/02/05/16:13:48,6656.092239,0.869969,0.782633,0.869969,0.782633,76,58,55,27,0,0,0,0,2018,1648,1257,1023
2026/02/05/16:13:49,6657.092959,0.869969,0.782633,0.869969,0.782633,76,58,55,27,0,0,0,0,2018,1648,1257,1023
2026/02/05/16:13:50,6658.093649,0.871719,0.784267,0.884813,0.792574,77,58,55,27,2,0,1,1,2018,1648,1257,1023
2026/02/05/16:13:51,6659.094206,0.903594,0.801367,0.903594,0.801367,82,58,57,29,0,0,0,0,2019,1648,1257,1023
2026/02/05/16:13:52,6660.094642,0.924562,0.823304,0.924562,0.823304,84,58,60,32,0,0,0,0,2019,1648,1257,1023
2026/02/05/16:13:53,6661.095159,0.929594,0.837307,0.937438,0.839204,84,59,62,30,1,0,0,0,2019,1648,1257,1025
2026/02/05/16:13:54,6662.095582,0.922344,0.845675,0.988938,0.866369,85,57,62,29,3,0,4,1,2019,1650,1257,1028
2026/02/05/16:13:55,6663.096306,0.931219,0.864379,0.990594,0.889514,82,59,64,33,1,1,4,1,2024,1650,1257,1028
2026/02/05/16:13:56,6664.096942,0.930688,0.865428,0.992031,0.889079,81,61,62,32,2,0,4,1,2026,1650,1259,1029
2026/02/05/16:13:57,6665.097652,0.928469,0.861612,0.989812,0.885264,80,61,62,32,2,0,4,1,2027,1650,1259,1029
2026/02/05/16:13:58,6666.098320,0.910906,0.826652,0.960656,0.836955,80,57,62,30,2,0,3,0,2027,1654,1259,1031
2026/02/05/16:13:59,6667.099034,0.908375,0.820908,0.958125,0.831211,80,56,62,30,2,0,3,0,2027,1655,1259,1031
2026/02/05/16:14:00,6668.099655,0.903687,0.807619,0.939688,0.812968,80,56,60,28,0,0,3,0,2029,1655,1261,1033
2026/02/05/16:14:01,6669.100172,0.899438,0.800842,0.935438,0.806192,80,56,60,26,0,0,3,0,2029,1655,1261,1035
2026/02/05/16:14:02,6670.100694,0.895062,0.790993,0.931063,0.796342,78,56,60,26,0,0,3,0,2031,1655,1261,1035
2026/02/05/16:14:03,6671.101168,0.886625,0.776186,0.922625,0.781536,78,56,57,26,0,0,3,0,2031,1655,1264,1035
2026/02/05/16:14:04,6672.101712,0.881250,0.769318,0.917250,0.774667,78,56,55,26,0,0,3,0,2031,1655,1266,1035
2026/02/05/16:14:05,6673.102531,0.879500,0.767684,0.915500,0.773034,77,56,55,26,0,0,3,0,2032,1655,1266,1035
2026/02/05/16:14:06,6674.103082,0.879500,0.767684,0.915500,0.773034,77,56,55,26,0,0,3,0,2032,1655,1266,1035
2026/02/05/16:14:07,6675.103762,0.873406,0.760980,0.909406,0.766330,77,56,52,26,0,0,3,0,2032,1655,1269,1035
2026/02/05/16:14:08,6676.104640,0.873406,0.760980,0.909406,0.766330,77,56,52,26,0,0,3,0,2032,1655,1269,1035
2026/02/05/16:14:09,6677.105136,0.873406,0.760980,0.909406,0.766330,77,56,52,26,0,0,3,0,2032,1655,1269,1035
2026/02/05/16:14:10,6678.105844,0.873406,0.760980,0.909406,0.766330,77,56,52,26,0,0,3,0,2032,1655,1269,1035
2026/02/05/16:14:11,6679.106660,0.877906,0.764801,0.913906,0.770151,77,56,54,26,0,0,3,0,2032,1655,1269,1035
2026/02/05/16:14:12,6680.107516,0.877906,0.764801,0.913906,0.770151,77,56,54,26,0,0,3,0,2032,1655,1269,1035
2026/02/05/16:14:13,6681.108428,0.877906,0.764801,0.913906,0.770151,77,56,54,26,0,0,3,0,2032,1655,1269,1035
2026/02/05/16:14:14,6682.109178,0.877906,0.764801,0.913906,0.770151,77,56,54,26,0,0,3,0,2032,1655,1269,1035
2026/02/05/16:14:15,6683.109775,0.877906,0.764801,0.913906,0.770151,77,56,54,26,0,0,3,0,2032,1655,1269,1035
2026/02/05/16:14:16,6684.110401,0.877906,0.764801,0.913906,0.770151,77,56,54,26,0,0,3,0,2032,1655,1269,1035
2026/02/05/16:14:17,6685.111152,0.877906,0.764801,0.913906,0.770151,77,56,54,26,0,0,3,0,2032,1655,1269,1035
2026/02/05/16:14:18,6686.111805,0.877906,0.764801,0.913906,0.770151,77,56,54,26,0,0,3,0,2032,1655,1269,1035
2026/02/05/16:14:19,6687.112551,0.877906,0.764801,0.913906,0.770151,77,56,54,26,0,0,3,0,2032,1655,1269,1035
2026/02/05/16:14:20,6688.113210,0.877906,0.764801,0.913906,0.770151,77,56,54,26,0,0,3,0,2032,1655,1269,1035
2026/02/05/16:14:21,6689.113771,0.877906,0.764801,0.913906,0.770151,77,56,54,26,0,0,3,0,2032,1655,1269,1035
2026/02/05/16:14:22,6690.114431,0.877906,0.764801,0.913906,0.770151,77,56,54,26,0,0,3,0,2032,1655,1269,1035
2026/02/05/16:14:23,6691.114936,0.877906,0.764801,0.913906,0.770151,77,56,54,26,0,0,3,0,2032,1655,1269,1035
2026/02/05/16:14:24,6692.115568,0.877906,0.764801,0.913906,0.770151,77,56,54,26,0,0,3,0,2032,1655,1269,1035
2026/02/05/16:14:25,6693.116306,0.877906,0.764801,0.913906,0.770151,77,56,54,26,0,0,3,0,2032,1655,1269,1035
2026/02/05/16:14:26,6694.117075,0.877906,0.764801,0.913906,0.770151,77,56,54,26,0,0,3,0,2032,1655,1269,1035
2026/02/05/16:14:27,6695.117814,0.877906,0.764801,0.913906,0.770151,77,56,54,26,0,0,3,0,2032,1655,1269,1035
2026/02/05/16:14:28,6696.118563,0.888844,0.774552,0.924844,0.779902,77,58,56,26,0,0,3,0,2032,1655,1269,1035
2026/02/05/16:14:29,6697.125417,0.888844,0.774552,0.924844,0.779902,77,58,56,26,0,0,3,0,2032,1655,1269,1035
2026/02/05/16:14:30,6698.125998,0.898344,0.779984,0.934344,0.785334,79,58,56,26,0,0,3,0,2032,1655,1269,1035
2026/02/05/16:14:31,6699.126558,0.899813,0.782070,0.985187,0.794346,79,59,56,26,0,0,5,2,2032,1657,1269,1035
2026/02/05/16:14:32,6700.127236,0.899813,0.782070,0.985187,0.794346,79,59,56,26,0,0,5,2,2032,1657,1269,1035
2026/02/05/16:14:33,6701.127717,0.885813,0.772818,0.971187,0.785094,77,59,54,26,0,0,5,2,2034,1657,1271,1035
2026/02/05/16:14:34,6702.128247,0.882531,0.769281,0.943469,0.778349,77,59,53,26,0,0,3,2,2034,1657,1272,1035
2026/02/05/16:14:35,6703.128715,0.882531,0.769281,0.943469,0.778349,77,59,53,26,0,0,3,2,2034,1657,1272,1035
2026/02/05/16:14:36,6704.129236,0.882531,0.769281,0.943469,0.778349,77,59,53,26,0,0,3,2,2034,1657,1272,1035
2026/02/05/16:14:37,6705.129758,0.882531,0.769281,0.943469,0.778349,77,59,53,26,0,0,3,2,2034,1657,1272,1035
2026/02/05/16:14:38,6706.130364,0.882531,0.769281,0.943469,0.778349,77,59,53,26,0,0,3,2,2034,1657,1272,1035
2026/02/05/16:14:39,6707.130920,0.877000,0.763592,0.937937,0.772659,77,56,53,26,0,0,3,2,2034,1660,1272,1035
2026/02/05/16:14:40,6708.131647,0.877000,0.763592,0.937937,0.772659,77,56,53,26,0,0,3,2,2034,1660,1272,1035
2026/02/05/16:14:41,6709.132207,0.877000,0.763592,0.937937,0.772659,77,56,53,26,0,0,3,2,2034,1660,1272,1035
2026/02/05/16:14:42,6710.132863,0.877000,0.763592,0.937937,0.772659,77,56,53,26,0,0,3,2,2034,1660,1272,1035
2026/02/05/16:14:43,6711.133427,0.877000,0.763592,0.937937,0.772659,77,56,53,26,0,0,3,2,2034,1660,1272,1035
2026/02/05/16:14:44,6712.134259,0.877000,0.763592,0.937937,0.772659,77,56,53,26,0,0,3,2,2034,1660,1272,1035
2026/02/05/16:14:45,6713.134832,0.877000,0.763592,0.937937,0.772659,77,56,53,26,0,0,3,2,2034,1660,1272,1035
2026/02/05/16:14:46,6714.135419,0.877000,0.763592,0.937937,0.772659,77,56,53,26,0,0,3,2,2034,1660,1272,1035
2026/02/05/16:14:47,6715.135846,0.887469,0.773327,0.985344,0.788309,80,58,53,26,0,3,3,2,2034,1660,1272,1035
2026/02/05/16:14:48,6716.136319,0.887469,0.773327,0.985344,0.788309,80,58,53,26,0,3,3,2,2034,1660,1272,1035
2026/02/05/16:14:49,6717.136871,0.887469,0.773327,0.948406,0.782394,80,58,53,26,0,0,3,2,2034,1660,1272,1035
2026/02/05/16:14:50,6718.137372,0.887469,0.773327,0.948406,0.782394,80,58,53,26,0,0,3,2,2034,1660,1272,1035
2026/02/05/16:14:51,6719.137913,0.887469,0.773327,0.948406,0.782394,80,58,53,26,0,0,3,2,2034,1660,1272,1035
2026/02/05/16:14:52,6720.138488,0.887469,0.773327,0.948406,0.782394,80,58,53,26,0,0,3,2,2034,1660,1272,1035
2026/02/05/16:14:53,6721.139173,0.887469,0.773327,0.948406,0.782394,80,58,53,26,0,0,3,2,2034,1660,1272,1035
2026/02/05/16:14:54,6722.139992,0.887469,0.773327,0.948406,0.782394,80,58,53,26,0,0,3,2,2034,1660,1272,1035
2026/02/05/16:14:55,6723.140740,0.880812,0.768119,0.941750,0.777186,77,58,53,26,0,0,3,2,2037,1660,1272,1035
2026/02/05/16:14:56,6724.141180,0.880812,0.768119,0.941750,0.777186,77,58,53,26,0,0,3,2,2037,1660,1272,1035
2026/02/05/16:14:57,6725.141793,0.880812,0.768119,0.941750,0.777186,77,58,53,26,0,0,3,2,2037,1660,1272,1035
2026/02/05/16:14:58,6726.142354,0.880812,0.768119,0.941750,0.777186,77,58,53,26,0,0,3,2,2037,1660,1272,1035
2026/02/05/16:14:59,6727.142908,0.880812,0.768119,0.905750,0.771837,77,58,53,26,0,0,0,2,2037,1660,1272,1035
2026/02/05/16:15:00,6728.143498,0.880812,0.768119,0.905750,0.771837,77,58,53,26,0,0,0,2,2037,1660,1272,1035
2026/02/05/16:15:01,6729.144286,0.880812,0.768119,0.905750,0.771837,77,58,53,26,0,0,0,2,2037,1660,1272,1035
2026/02/05/16:15:02,6730.144865,0.880812,0.768119,0.905750,0.771837,77,58,53,26,0,0,0,2,2037,1660,1272,1035
2026/02/05/16:15:03,6731.145540,0.880812,0.768119,0.905750,0.771837,77,58,53,26,0,0,0,2,2037,1660,1272,1035
2026/02/05/16:15:04,6732.146497,0.880812,0.768119,0.905750,0.771837,77,58,53,26,0,0,0,2,2037,1660,1272,1035
2026/02/05/16:15:05,6733.147299,0.874062,0.760320,0.899000,0.764038,77,58,51,26,0,0,0,2,2037,1660,1274,1035
2026/02/05/16:15:06,6734.147955,0.874062,0.760320,0.899000,0.764038,77,58,51,26,0,0,0,2,2037,1660,1274,1035
2026/02/05/16:15:07,6735.148552,0.874062,0.760320,0.899000,0.764038,77,58,51,26,0,0,0,2,2037,1660,1274,1035
2026/02/05/16:15:08,6736.149493,0.870687,0.758375,0.895625,0.762093,77,58,50,26,0,0,0,2,2037,1660,1275,1035
2026/02/05/16:15:09,6737.150256,0.870687,0.758375,0.895625,0.762093,77,58,50,26,0,0,0,2,2037,1660,1275,1035
2026/02/05/16:15:10,6738.151059,0.870687,0.758375,0.895625,0.762093,77,58,50,26,0,0,0,2,2037,1660,1275,1035
2026/02/05/16:15:11,6739.151616,0.870687,0.758375,0.895625,0.762093,77,58,50,26,0,0,0,2,2037,1660,1275,1035
2026/02/05/16:15:12,6740.152150,0.870687,0.758375,0.895625,0.762093,77,58,50,26,0,0,0,2,2037,1660,1275,1035
2026/02/05/16:15:13,6741.153039,0.886188,0.775591,0.911125,0.779309,77,59,50,29,0,0,0,2,2037,1660,1275,1035
2026/02/05/16:15:14,6742.153712,0.886188,0.775591,0.911125,0.779309,77,59,50,29,0,0,0,2,2037,1660,1275,1035
2026/02/05/16:15:15,6743.157478,0.875969,0.764118,0.900906,0.767836,77,59,50,26,0,0,0,2,2037,1660,1275,1038
2026/02/05/16:15:16,6744.158283,0.875969,0.764118,0.875969,0.764118,77,59,50,26,0,0,0,0,2037,1660,1275,1038
2026/02/05/16:15:17,6745.159055,0.875969,0.764118,0.875969,0.764118,77,59,50,26,0,0,0,0,2037,1660,1275,1038
2026/02/05/16:15:18,6746.159848,0.870687,0.758375,0.870687,0.758375,77,58,50,26,0,0,0,0,2037,1661,1275,1038
2026/02/05/16:15:19,6747.160681,0.870687,0.758375,0.870687,0.758375,77,58,50,26,0,0,0,0,2037,1661,1275,1038
2026/02/05/16:15:20,6748.161205,0.870687,0.758375,0.870687,0.758375,77,58,50,26,0,0,0,0,2037,1661,1275,1038
2026/02/05/16:15:21,6749.161810,0.875719,0.765510,0.875719,0.765510,78,60,50,26,0,0,0,0,2037,1661,1275,1038
2026/02/05/16:15:22,6750.162464,0.875719,0.765510,0.875719,0.765510,78,60,50,26,0,0,0,0,2037,1661,1275,1038
2026/02/05/16:15:23,6751.163045,0.903750,0.828805,0.911062,0.831014,84,65,50,26,0,1,0,0,2037,1661,1275,1038
2026/02/05/16:15:24,6752.163568,0.909969,0.851254,0.917281,0.853463,85,67,50,26,0,1,0,0,2038,1661,1275,1038
2026/02/05/16:15:25,6753.164124,0.911781,0.855631,0.919094,0.857841,86,67,50,26,0,1,0,0,2038,1661,1275,1038
2026/02/05/16:15:26,6754.164773,0.907781,0.833208,0.915094,0.835417,84,67,50,26,0,1,0,0,2040,1661,1275,1038
2026/02/05/16:15:27,6755.165503,0.904937,0.825207,0.912250,0.827416,83,67,50,26,0,1,0,0,2041,1661,1275,1038
2026/02/05/16:15:28,6756.166015,0.897625,0.822997,0.897625,0.822997,83,66,50,26,0,0,0,0,2041,1662,1275,1038
2026/02/05/16:15:29,6757.166700,0.895813,0.818620,0.895813,0.818620,82,66,50,26,0,0,0,0,2042,1662,1275,1038
2026/02/05/16:15:30,6758.167615,0.895813,0.818620,0.895813,0.818620,82,66,50,26,0,0,0,0,2042,1662,1275,1038
2026/02/05/16:15:31,6759.168349,0.895813,0.818620,0.895813,0.818620,82,66,50,26,0,0,0,0,2042,1662,1275,1038
2026/02/05/16:15:32,6760.169117,0.895813,0.818620,0.895813,0.818620,82,66,50,26,0,0,0,0,2042,1662,1275,1038
2026/02/05/16:15:33,6761.169642,0.895813,0.818620,0.895813,0.818620,82,66,50,26,0,0,0,0,2042,1662,1275,1038
2026/02/05/16:15:34,6762.170334,0.895813,0.818620,0.895813,0.818620,82,66,50,26,0,0,0,0,2042,1662,1275,1038
2026/02/05/16:15:35,6763.170956,0.882375,0.807656,0.882375,0.807656,80,64,50,26,0,0,0,0,2044,1664,1275,1038
2026/02/05/16:15:36,6764.171652,0.877750,0.793289,0.877750,0.793289,78,64,50,26,0,0,0,0,2046,1664,1275,1038
2026/02/05/16:15:37,6765.172263,0.875437,0.786105,0.875437,0.786105,77,64,50,26,0,0,0,0,2047,1664,1275,1038
2026/02/05/16:15:38,6766.172986,0.875437,0.786105,0.875437,0.786105,77,64,50,26,0,0,0,0,2047,1664,1275,1038
2026/02/05/16:15:39,6767.173587,0.879563,0.790659,0.879563,0.790659,79,64,50,26,0,0,0,0,2047,1664,1275,1038
2026/02/05/16:15:40,6768.174375,0.879563,0.790659,0.879563,0.790659,79,64,50,26,0,0,0,0,2047,1664,1275,1038
2026/02/05/16:15:41,6769.175162,0.874781,0.775938,0.874781,0.775938,79,61,50,26,0,0,0,0,2047,1667,1275,1038
2026/02/05/16:15:42,6770.175735,0.897938,0.813461,0.897938,0.813461,83,64,50,30,0,0,0,0,2047,1667,1275,1038
2026/02/05/16:15:43,6771.176460,0.924000,0.841421,0.953094,0.856631,86,67,53,30,3,1,0,0,2047,1667,1275,1038
2026/02/05/16:15:44,6772.177147,0.924000,0.841421,0.983656,0.866709,86,67,53,30,3,4,0,0,2047,1667,1275,1038
2026/02/05/16:15:45,6773.177634,0.923500,0.820549,0.969656,0.839979,83,68,53,27,2,3,0,0,2051,1667,1275,1041
2026/02/05/16:15:46,6774.178279,0.923500,0.820549,0.969656,0.839979,83,68,53,27,2,3,0,0,2051,1667,1275,1041
2026/02/05/16:15:47,6775.178913,0.923500,0.820549,0.969656,0.839979,83,68,53,27,2,3,0,0,2051,1667,1275,1041
2026/02/05/16:15:48,6776.179619,0.923500,0.820549,0.969656,0.839979,83,68,53,27,2,3,0,0,2051,1667,1275,1041
2026/02/05/16:15:49,6777.180229,0.923500,0.820549,0.969656,0.839979,83,68,53,27,2,3,0,0,2051,1667,1275,1041
2026/02/05/16:15:50,6778.180882,0.923500,0.820549,0.969656,0.839979,83,68,53,27,2,3,0,0,2051,1667,1275,1041
2026/02/05/16:15:51,6779.181499,0.923500,0.820549,0.969656,0.839979,83,68,53,27,2,3,0,0,2051,1667,1275,1041
2026/02/05/16:15:52,6780.182047,0.913844,0.815721,0.960000,0.835151,80,68,53,27,2,3,0,0,2054,1667,1275,1041
2026/02/05/16:15:53,6781.182947,0.913844,0.815721,0.960000,0.835151,80,68,53,27,2,3,0,0,2054,1667,1275,1041
2026/02/05/16:15:54,6782.183552,0.918250,0.817925,0.952656,0.829869,80,69,53,27,0,3,0,0,2055,1667,1275,1041
2026/02/05/16:15:55,6783.184282,0.918250,0.817925,0.952656,0.829869,80,69,53,27,0,3,0,0,2055,1667,1275,1041
2026/02/05/16:15:56,6784.185131,0.915000,0.814475,0.949406,0.826419,79,69,53,27,0,3,0,0,2056,1667,1275,1041
2026/02/05/16:15:57,6785.185692,0.915000,0.814475,0.949406,0.826419,79,69,53,27,0,3,0,0,2056,1667,1275,1041
2026/02/05/16:15:58,6786.186337,0.915000,0.814475,0.949406,0.826419,79,69,53,27,0,3,0,0,2056,1667,1275,1041
2026/02/05/16:15:59,6787.187022,0.915000,0.814475,0.949406,0.826419,79,69,53,27,0,3,0,0,2056,1667,1275,1041
2026/02/05/16:16:00,6788.187704,0.905531,0.802570,0.939937,0.814513,77,69,50,27,0,3,0,0,2058,1667,1278,1041
2026/02/05/16:16:01,6789.188355,0.905531,0.802570,0.939937,0.814513,77,69,50,27,0,3,0,0,2058,1667,1278,1041
2026/02/05/16:16:02,6790.189121,0.908656,0.826204,0.943063,0.838148,77,71,50,27,0,3,0,0,2058,1667,1278,1041
2026/02/05/16:16:03,6791.189692,0.908656,0.826204,0.943063,0.838148,77,71,50,27,0,3,0,0,2058,1667,1278,1041
2026/02/05/16:16:04,6792.190448,0.908656,0.826204,0.943063,0.838148,77,71,50,27,0,3,0,0,2058,1667,1278,1041
2026/02/05/16:16:05,6793.190984,0.912344,0.831601,0.977219,0.849378,75,71,54,27,0,6,0,0,2060,1667,1278,1041
2026/02/05/16:16:06,6794.191621,0.909219,0.807966,0.974094,0.825743,75,69,54,27,0,6,0,0,2060,1669,1278,1041
2026/02/05/16:16:07,6795.192293,0.909219,0.807966,0.974094,0.825743,75,69,54,27,0,6,0,0,2060,1669,1278,1041
2026/02/05/16:16:08,6796.192780,0.898062,0.786659,0.962938,0.804436,75,66,51,27,0,6,0,0,2060,1672,1281,1041
2026/02/05/16:16:09,6797.193630,0.891687,0.775656,0.942031,0.790945,75,66,48,27,0,5,0,0,2060,1672,1284,1041
2026/02/05/16:16:10,6798.194537,0.891687,0.775656,0.942031,0.790945,75,66,48,27,0,5,0,0,2060,1672,1284,1041
2026/02/05/16:16:11,6799.195168,0.898813,0.784621,1.014469,0.814240,75,68,48,27,0,8,2,0,2060,1672,1284,1041
2026/02/05/16:16:12,6800.195771,0.908438,0.794844,1.024094,0.824464,75,70,51,27,0,8,2,0,2060,1672,1284,1041
2026/02/05/16:16:13,6801.196333,0.901312,0.785880,1.016969,0.815499,75,68,51,27,0,8,2,0,2060,1674,1284,1041
2026/02/05/16:16:14,6802.196795,0.911312,0.801831,1.026969,0.831451,75,71,53,27,0,8,2,0,2060,1674,1284,1041
2026/02/05/16:16:15,6803.197260,0.919063,0.805835,1.034719,0.835454,77,71,53,27,0,8,2,0,2060,1674,1284,1041
2026/02/05/16:16:16,6804.197730,0.910906,0.795943,1.026563,0.825562,77,70,50,27,0,8,2,0,2060,1675,1287,1041
2026/02/05/16:16:17,6805.198343,0.903156,0.791940,1.018812,0.821559,75,70,50,27,0,8,2,0,2062,1675,1287,1041
2026/02/05/16:16:18,6806.198875,0.901281,0.790267,1.016938,0.819886,75,69,50,27,0,8,2,0,2062,1676,1287,1041
2026/02/05/16:16:19,6807.199544,0.901281,0.790267,1.016938,0.819886,75,69,50,27,0,8,2,0,2062,1676,1287,1041
2026/02/05/16:16:20,6808.200291,0.891500,0.766860,1.032750,0.807121,73,65,48,29,0,11,2,0,2064,1680,1289,1041
2026/02/05/16:16:21,6809.201065,0.899469,0.768533,1.032750,0.807121,73,66,48,29,0,10,2,0,2064,1680,1289,1041
2026/02/05/16:16:22,6810.201554,0.912719,0.811956,1.046000,0.850544,73,69,53,27,0,10,2,0,2064,1680,1289,1043
2026/02/05/16:16:23,6811.202153,0.919219,0.816601,1.026906,0.844548,73,71,53,27,0,7,2,0,2064,1680,1289,1043
2026/02/05/16:16:24,6812.202936,0.919219,0.816601,1.026906,0.844548,73,71,53,27,0,7,2,0,2064,1680,1289,1043
2026/02/05/16:16:25,6813.203449,0.921188,0.794178,1.049281,0.829601,73,71,52,27,1,7,4,0,2064,1680,1292,1043
2026/02/05/16:16:26,6814.203890,0.915969,0.780474,1.037937,0.813424,73,67,52,27,1,7,3,0,2064,1684,1293,1043
2026/02/05/16:16:27,6815.204445,0.913344,0.776582,1.007562,0.798996,72,65,53,27,1,7,0,0,2065,1686,1293,1043
2026/02/05/16:16:28,6816.204884,0.926438,0.794202,1.032031,0.821661,75,65,53,28,1,8,0,2,2065,1686,1294,1043
2026/02/05/16:16:29,6817.205297,0.919438,0.791827,1.013656,0.814241,75,66,50,30,1,7,0,0,2065,1686,1297,1043
2026/02/05/16:16:30,6818.206143,0.919438,0.791827,1.013656,0.814241,75,66,50,30,1,7,0,0,2065,1686,1297,1043
2026/02/05/16:16:31,6819.206808,0.914344,0.788373,1.008563,0.810787,75,65,49,30,1,7,0,0,2065,1687,1298,1043
2026/02/05/16:16:32,6820.207524,0.931312,0.804362,1.026687,0.828468,77,70,49,30,0,9,0,0,2065,1687,1298,1043
2026/02/05/16:16:33,6821.208143,0.931312,0.804362,1.026687,0.828468,77,70,49,30,0,9,0,0,2065,1687,1298,1043
2026/02/05/16:16:34,6822.208685,0.931312,0.804362,1.026687,0.828468,77,70,49,30,0,9,0,0,2065,1687,1298,1043
2026/02/05/16:16:35,6823.218598,0.918719,0.780447,1.039438,0.809492,75,70,48,28,1,10,1,0,2068,1689,1299,1045
2026/02/05/16:16:36,6824.219260,0.908156,0.775768,0.981781,0.796891,76,67,48,28,0,7,1,0,2068,1692,1299,1045
2026/02/05/16:16:37,6825.219946,0.908156,0.775768,0.958063,0.791459,76,67,48,28,0,4,1,0,2068,1692,1299,1045
2026/02/05/16:16:38,6826.220628,0.908156,0.775768,0.958063,0.791459,76,67,48,28,0,4,1,0,2068,1692,1299,1045
2026/02/05/16:16:39,6827.221441,0.903969,0.772424,0.953875,0.788115,74,67,48,28,0,4,1,0,2070,1692,1299,1045
2026/02/05/16:16:40,6828.222070,0.903969,0.772424,0.953875,0.788115,74,67,48,28,0,4,1,0,2070,1692,1299,1045
2026/02/05/16:16:41,6829.222727,0.897406,0.767502,0.931813,0.779446,74,68,45,28,0,3,0,0,2070,1692,1302,1045
2026/02/05/16:16:42,6830.223251,0.907344,0.774560,0.949250,0.790432,75,68,45,29,1,3,0,0,2070,1692,1302,1045
2026/02/05/16:16:43,6831.223866,0.900531,0.771252,0.942438,0.787123,73,68,45,29,1,3,0,0,2072,1692,1302,1045
2026/02/05/16:16:44,6832.224439,0.909719,0.775848,0.992344,0.800521,73,70,45,29,1,3,4,0,2072,1692,1302,1045
2026/02/05/16:16:45,6833.224931,0.934250,0.804913,1.021750,0.829341,75,72,49,30,1,3,4,0,2072,1693,1302,1045
2026/02/05/16:16:46,6834.225547,0.931813,0.801783,1.019313,0.826211,75,72,49,29,1,3,4,0,2072,1693,1302,1046
2026/02/05/16:16:47,6835.226335,0.932469,0.794454,1.012469,0.814955,74,72,48,29,0,3,4,0,2074,1693,1303,1046
2026/02/05/16:16:48,6836.226904,0.912687,0.783983,0.983281,0.802438,74,68,49,28,0,3,3,0,2074,1697,1303,1047
2026/02/05/16:16:49,6837.227760,0.912687,0.783983,0.983281,0.802438,74,68,49,28,0,3,3,0,2074,1697,1303,1047
2026/02/05/16:16:50,6838.228568,0.912687,0.783983,0.983281,0.802438,74,68,49,28,0,3,3,0,2074,1697,1303,1047
2026/02/05/16:16:51,6839.229175,0.889563,0.775732,0.960156,0.794187,74,66,47,28,0,3,3,0,2074,1699,1305,1047
2026/02/05/16:16:52,6840.229875,0.889563,0.775732,0.960156,0.794187,74,66,47,28,0,3,3,0,2074,1699,1305,1047
2026/02/05/16:16:53,6841.230690,0.889563,0.775732,0.960156,0.794187,74,66,47,28,0,3,3,0,2074,1699,1305,1047
2026/02/05/16:16:54,6842.231484,0.889563,0.775732,0.960156,0.794187,74,66,47,28,0,3,3,0,2074,1699,1305,1047
2026/02/05/16:16:55,6843.232282,0.875969,0.764703,0.946562,0.783158,74,63,47,28,0,3,3,0,2074,1702,1305,1047
2026/02/05/16:16:56,6844.232935,0.875969,0.764703,0.946562,0.783158,74,63,47,28,0,3,3,0,2074,1702,1305,1047
2026/02/05/16:16:57,6845.233679,0.873188,0.762879,0.943781,0.781334,74,63,47,27,0,3,3,0,2074,1702,1305,1048
2026/02/05/16:16:58,6846.234225,0.873188,0.762879,0.943781,0.781334,74,63,47,27,0,3,3,0,2074,1702,1305,1048
2026/02/05/16:16:59,6847.234897,0.873188,0.762879,0.943781,0.781334,74,63,47,27,0,3,3,0,2074,1702,1305,1048
2026/02/05/16:17:00,6848.235609,0.868656,0.760589,0.939250,0.779044,74,63,46,27,0,3,3,0,2074,1702,1306,1048
2026/02/05/16:17:01,6849.236300,0.868656,0.760589,0.939250,0.779044,74,63,46,27,0,3,3,0,2074,1702,1306,1048
2026/02/05/16:17:02,6850.237014,0.863625,0.725503,0.922156,0.741788,74,58,47,27,0,3,2,0,2074,1707,1306,1048
2026/02/05/16:17:03,6851.237794,0.863625,0.725503,0.922156,0.741788,74,58,47,27,0,3,2,0,2074,1707,1306,1048
2026/02/05/16:17:04,6852.238450,0.863625,0.725503,0.922156,0.741788,74,58,47,27,0,3,2,0,2074,1707,1306,1048
2026/02/05/16:17:05,6853.239160,0.863625,0.725503,0.922156,0.741788,74,58,47,27,0,3,2,0,2074,1707,1306,1048
2026/02/05/16:17:06,6854.240028,0.863625,0.725503,0.922156,0.741788,74,58,47,27,0,3,2,0,2074,1707,1306,1048
2026/02/05/16:17:07,6855.240721,0.863625,0.725503,0.922156,0.741788,74,58,47,27,0,3,2,0,2074,1707,1306,1048
2026/02/05/16:17:08,6856.241460,0.878219,0.735031,0.936750,0.751316,76,61,47,27,0,3,2,0,2074,1707,1306,1048
2026/02/05/16:17:09,6857.242204,0.878219,0.735031,0.946250,0.754896,76,61,47,27,0,3,3,0,2074,1707,1306,1048
2026/02/05/16:17:10,6858.242829,0.878219,0.735031,0.946250,0.754896,76,61,47,27,0,3,3,0,2074,1707,1306,1048
2026/02/05/16:17:11,6859.243453,0.883656,0.769741,0.942187,0.786026,76,64,47,27,0,3,2,0,2074,1707,1306,1048
2026/02/05/16:17:12,6860.244128,0.895719,0.779175,0.954250,0.795460,79,61,46,32,0,3,2,0,2074,1710,1307,1048
2026/02/05/16:17:13,6861.244794,0.895719,0.779175,0.954250,0.795460,79,61,46,32,0,3,2,0,2074,1710,1307,1048
2026/02/05/16:17:14,6862.245543,0.879250,0.766142,0.937781,0.782426,77,60,46,29,0,3,2,0,2076,1711,1307,1051
2026/02/05/16:17:15,6863.246301,0.879250,0.766142,0.937781,0.782426,77,60,46,29,0,3,2,0,2076,1711,1307,1051
2026/02/05/16:17:16,6864.246989,0.879250,0.766142,0.937781,0.782426,77,60,46,29,0,3,2,0,2076,1711,1307,1051
2026/02/05/16:17:17,6865.247650,0.873812,0.731432,0.932344,0.747717,77,57,46,29,0,3,2,0,2076,1714,1307,1051
2026/02/05/16:17:18,6866.248497,0.865812,0.724517,0.924344,0.740801,77,57,46,27,0,3,2,0,2076,1714,1307,1053
2026/02/05/16:17:19,6867.249055,0.901125,0.751741,0.959656,0.768026,86,58,47,27,0,3,2,0,2076,1714,1307,1053
2026/02/05/16:17:20,6868.249649,0.923562,0.777465,1.010250,0.800296,86,60,47,32,0,3,5,0,2076,1714,1307,1053
2026/02/05/16:17:21,6869.250330,0.926094,0.786921,1.040938,0.816298,83,65,46,33,0,3,8,0,2079,1714,1308,1053
2026/02/05/16:17:22,6870.250763,0.911031,0.778173,0.991062,0.797855,74,66,48,33,0,3,4,0,2088,1714,1308,1053
2026/02/05/16:17:23,6871.251439,0.897125,0.768817,0.955656,0.785102,74,66,46,32,0,3,2,0,2088,1714,1310,1054
2026/02/05/16:17:24,6872.252146,0.897125,0.768817,0.955656,0.785102,74,66,46,32,0,3,2,0,2088,1714,1310,1054
2026/02/05/16:17:25,6873.252904,0.892344,0.761886,0.950875,0.778171,74,63,46,32,0,3,2,0,2088,1717,1310,1054
2026/02/05/16:17:26,6874.253657,0.892344,0.761886,0.950875,0.778171,74,63,46,32,0,3,2,0,2088,1717,1310,1054
2026/02/05/16:17:27,6875.254553,0.892344,0.761886,0.950875,0.778171,74,63,46,32,0,3,2,0,2088,1717,1310,1054
2026/02/05/16:17:28,6876.255123,0.901656,0.768697,0.960187,0.784982,78,63,46,32,0,3,2,0,2088,1717,1310,1054
2026/02/05/16:17:29,6877.255634,0.899656,0.766030,0.958187,0.782314,78,62,46,32,0,3,2,0,2088,1718,1310,1054
2026/02/05/16:17:30,6878.256434,0.899656,0.766030,0.958187,0.782314,78,62,46,32,0,3,2,0,2088,1718,1310,1054
2026/02/05/16:17:31,6879.257019,0.909344,0.771184,0.967875,0.787469,78,64,46,32,0,3,2,0,2088,1718,1310,1054
2026/02/05/16:17:32,6880.257768,0.903906,0.762790,0.962437,0.779075,78,62,46,32,0,3,2,0,2088,1720,1310,1054
2026/02/05/16:17:33,6881.258348,0.903906,0.762790,0.962437,0.779075,78,62,46,32,0,3,2,0,2088,1720,1310,1054
2026/02/05/16:17:34,6882.259105,0.898406,0.759431,0.956937,0.775715,78,61,46,32,0,3,2,0,2088,1721,1310,1054
2026/02/05/16:17:35,6883.259767,0.884062,0.745565,0.942594,0.761850,75,60,44,32,0,3,2,0,2091,1722,1312,1054
2026/02/05/16:17:36,6884.260672,0.884062,0.745565,0.942594,0.761850,75,60,44,32,0,3,2,0,2091,1722,1312,1054
2026/02/05/16:17:37,6885.261380,0.884062,0.745565,0.942594,0.761850,75,60,44,32,0,3,2,0,2091,1722,1312,1054
2026/02/05/16:17:38,6886.262045,0.884062,0.745565,0.942594,0.761850,75,60,44,32,0,3,2,0,2091,1722,1312,1054
2026/02/05/16:17:39,6887.262617,0.884062,0.745565,0.942594,0.761850,75,60,44,32,0,3,2,0,2091,1722,1312,1054
2026/02/05/16:17:40,6888.263235,0.891469,0.750726,0.950000,0.767011,78,60,44,32,0,3,2,0,2091,1722,1312,1054
2026/02/05/16:17:41,6889.263776,0.891469,0.750726,0.950000,0.767011,78,60,44,32,0,3,2,0,2091,1722,1312,1054
2026/02/05/16:17:42,6890.264277,0.917625,0.792374,0.976156,0.808659,76,67,44,34,0,3,2,0,2094,1722,1312,1054
2026/02/05/16:17:43,6891.273719,0.933656,0.820056,0.998594,0.842453,82,67,46,34,1,3,2,0,2094,1722,1312,1054
2026/02/05/16:17:44,6892.274235,0.931219,0.816069,1.013875,0.846233,83,65,46,34,4,3,2,0,2094,1724,1312,1054
2026/02/05/16:17:45,6893.274717,0.933750,0.811940,1.036000,0.849271,83,67,44,34,4,3,5,0,2094,1724,1316,1054
2026/02/05/16:17:46,6894.275167,0.953656,0.823559,1.069562,0.867631,85,67,48,34,8,3,4,0,2097,1724,1316,1054
2026/02/05/16:17:47,6895.275639,0.960125,0.834030,1.081187,0.883781,85,69,48,34,9,3,4,0,2100,1724,1317,1054
2026/02/05/16:17:48,6896.276141,0.964594,0.838250,1.092031,0.891687,88,67,49,34,9,4,4,0,2100,1726,1317,1054
2026/02/05/16:17:49,6897.276598,0.955781,0.829701,1.072719,0.876553,91,64,46,34,8,3,4,0,2100,1730,1320,1054
2026/02/05/16:17:50,6898.277076,0.934219,0.807829,1.042344,0.850306,83,64,44,34,6,3,4,0,2108,1730,1322,1054
2026/02/05/16:17:51,6899.277562,0.931875,0.804621,1.034094,0.844509,82,64,44,34,5,3,4,0,2110,1730,1322,1054
2026/02/05/16:17:52,6900.278169,0.921344,0.798155,1.011719,0.826962,81,64,42,34,3,3,4,0,2112,1730,1324,1054
2026/02/05/16:17:53,6901.278722,0.928719,0.800903,1.011719,0.826962,81,64,43,34,3,3,3,0,2112,1730,1324,1054
2026/02/05/16:17:54,6902.279343,0.928719,0.800903,1.011719,0.826962,81,64,43,34,3,3,3,0,2112,1730,1324,1054
2026/02/05/16:17:55,6903.280068,0.928719,0.800903,1.011719,0.826962,81,64,43,34,3,3,3,0,2112,1730,1324,1054
2026/02/05/16:17:56,6904.280757,0.926125,0.796479,0.990563,0.815353,82,64,42,34,1,3,2,0,2113,1730,1325,1054
2026/02/05/16:17:57,6905.281305,0.926125,0.796479,0.990563,0.815353,82,64,42,34,1,3,2,0,2113,1730,1325,1054
2026/02/05/16:17:58,6906.281857,0.926281,0.793054,0.984812,0.809339,82,64,42,32,0,3,2,0,2114,1730,1325,1056
2026/02/05/16:17:59,6907.282499,0.926281,0.793054,0.984812,0.809339,82,64,42,32,0,3,2,0,2114,1730,1325,1056
2026/02/05/16:18:00,6908.283164,0.921219,0.791438,0.979750,0.807723,82,63,42,32,0,3,2,0,2114,1731,1325,1056
2026/02/05/16:18:01,6909.283638,0.915937,0.789591,0.974469,0.805876,81,63,42,32,0,3,2,0,2115,1731,1325,1056
2026/02/05/16:18:02,6910.284230,0.914281,0.784893,0.972812,0.801177,80,63,42,32,0,3,2,0,2116,1731,1325,1056
2026/02/05/16:18:03,6911.284708,0.914281,0.784893,0.972812,0.801177,80,63,42,32,0,3,2,0,2116,1731,1325,1056
2026/02/05/16:18:04,6912.285589,0.914281,0.784893,0.972812,0.801177,80,63,42,32,0,3,2,0,2116,1731,1325,1056
2026/02/05/16:18:05,6913.286550,0.914281,0.784893,0.972812,0.801177,80,63,42,32,0,3,2,0,2116,1731,1325,1056
2026/02/05/16:18:06,6914.287153,0.910469,0.780366,0.969000,0.796651,80,61,42,32,0,3,2,0,2116,1733,1325,1056
2026/02/05/16:18:07,6915.287793,0.910469,0.780366,0.969000,0.796651,80,61,42,32,0,3,2,0,2116,1733,1325,1056
2026/02/05/16:18:08,6916.288457,0.910469,0.780366,0.969000,0.796651,80,61,42,32,0,3,2,0,2116,1733,1325,1056
2026/02/05/16:18:09,6917.289244,0.926312,0.789796,0.984844,0.806080,83,61,42,32,0,3,2,0,2116,1733,1325,1056
2026/02/05/16:18:10,6918.289776,0.926312,0.789796,0.984844,0.806080,83,61,42,32,0,3,2,0,2116,1733,1325,1056
2026/02/05/16:18:11,6919.290390,0.928312,0.795392,1.024156,0.818389,83,62,42,32,3,3,2,0,2116,1733,1325,1056
2026/02/05/16:18:12,6920.290964,0.928312,0.795392,1.024156,0.818389,83,62,42,32,3,3,2,0,2116,1733,1325,1056
2026/02/05/16:18:13,6921.291498,0.928312,0.795392,1.024156,0.818389,83,62,42,32,3,3,2,0,2116,1733,1325,1056
2026/02/05/16:18:14,6922.292172,0.926656,0.793750,1.022500,0.816748,83,61,42,32,3,3,2,0,2116,1734,1325,1056
2026/02/05/16:18:15,6923.292958,0.910813,0.784321,1.017281,0.820238,80,61,42,32,3,4,2,0,2119,1734,1325,1056
2026/02/05/16:18:16,6924.293678,0.910813,0.784321,1.017281,0.820238,80,61,42,32,3,4,2,0,2119,1734,1325,1056
2026/02/05/16:18:17,6925.294254,0.934625,0.824407,1.043781,0.865467,82,61,49,33,3,4,3,0,2119,1734,1325,1056
2026/02/05/16:18:18,6926.294686,0.944125,0.846796,1.067187,0.894451,84,61,51,33,3,4,4,0,2119,1734,1325,1056
2026/02/05/16:18:19,6927.295271,0.949438,0.863336,1.093156,0.954209,83,62,52,35,4,7,3,2,2121,1734,1325,1057
2026/02/05/16:18:20,6928.295741,0.941875,0.845511,1.094000,0.897990,84,62,49,32,3,4,3,5,2122,1734,1329,1060
2026/02/05/16:18:21,6929.296170,0.931937,0.823490,1.084062,0.875969,84,62,45,32,3,4,3,5,2122,1734,1333,1060
2026/02/05/16:18:22,6930.296605,0.929906,0.819970,1.068125,0.865854,84,62,44,32,3,4,2,5,2123,1734,1334,1060
2026/02/05/16:18:23,6931.297302,0.929906,0.819970,1.054000,0.860915,84,62,44,32,3,4,2,3,2123,1734,1334,1060
2026/02/05/16:18:24,6932.297860,0.923594,0.806549,1.047688,0.847494,84,61,42,32,3,4,2,3,2123,1735,1336,1060
2026/02/05/16:18:25,6933.298421,0.923594,0.806549,1.047688,0.847494,84,61,42,32,3,4,2,3,2123,1735,1336,1060
2026/02/05/16:18:26,6934.299118,0.923594,0.806549,1.047688,0.847494,84,61,42,32,3,4,2,3,2123,1735,1336,1060
2026/02/05/16:18:27,6935.299829,0.923594,0.806549,1.047688,0.847494,84,61,42,32,3,4,2,3,2123,1735,1336,1060
2026/02/05/16:18:28,6936.300590,0.923594,0.806549,1.047688,0.847494,84,61,42,32,3,4,2,3,2123,1735,1336,1060
2026/02/05/16:18:29,6937.301315,0.923594,0.806549,1.047688,0.847494,84,61,42,32,3,4,2,3,2123,1735,1336,1060
2026/02/05/16:18:30,6938.301987,0.921969,0.802991,1.046062,0.843936,84,60,42,32,3,4,2,3,2123,1736,1336,1060
2026/02/05/16:18:31,6939.302686,0.921969,0.802991,1.046062,0.843936,84,60,42,32,3,4,2,3,2123,1736,1336,1060
2026/02/05/16:18:32,6940.303262,0.918531,0.792271,1.042625,0.833216,83,60,42,32,3,4,2,3,2124,1736,1336,1060
2026/02/05/16:18:33,6941.303821,0.918531,0.792271,1.042625,0.833216,83,60,42,32,3,4,2,3,2124,1736,1336,1060
2026/02/05/16:18:34,6942.304348,0.918531,0.792271,1.014375,0.815268,83,60,42,32,3,3,2,0,2124,1736,1336,1060
2026/02/05/16:18:35,6943.304893,0.918531,0.792271,1.014375,0.815268,83,60,42,32,3,3,2,0,2124,1736,1336,1060
2026/02/05/16:18:36,6944.305652,0.918531,0.792271,1.014375,0.815268,83,60,42,32,3,3,2,0,2124,1736,1336,1060
2026/02/05/16:18:37,6945.306287,0.918531,0.792271,1.014375,0.815268,83,60,42,32,3,3,2,0,2124,1736,1336,1060
2026/02/05/16:18:38,6946.306941,0.918531,0.792271,1.014375,0.815268,83,60,42,32,3,3,2,0,2124,1736,1336,1060
2026/02/05/16:18:39,6947.307782,0.912906,0.787027,1.008750,0.810024,80,60,42,32,3,3,2,0,2127,1736,1336,1060
2026/02/05/16:18:40,6948.308447,0.912906,0.787027,1.008750,0.810024,80,60,42,32,3,3,2,0,2127,1736,1336,1060
2026/02/05/16:18:41,6949.309164,0.912906,0.787027,1.008750,0.810024,80,60,42,32,3,3,2,0,2127,1736,1336,1060
2026/02/05/16:18:42,6950.309921,0.912906,0.787027,1.008750,0.810024,80,60,42,32,3,3,2,0,2127,1736,1336,1060
2026/02/05/16:18:43,6951.310555,0.914781,0.788943,1.018219,0.827016,80,61,42,32,4,3,2,0,2127,1736,1336,1060
2026/02/05/16:18:44,6952.311492,0.914781,0.788943,1.018219,0.827016,80,61,42,32,4,3,2,0,2127,1736,1336,1060
2026/02/05/16:18:45,6953.312158,0.914781,0.788943,1.018219,0.827016,80,61,42,32,4,3,2,0,2127,1736,1336,1060
2026/02/05/16:18:46,6954.312734,0.914781,0.788943,1.018219,0.827016,80,61,42,32,4,3,2,0,2127,1736,1336,1060
2026/02/05/16:18:47,6955.313607,0.914781,0.788943,1.018219,0.827016,80,61,42,32,4,3,2,0,2127,1736,1336,1060
2026/02/05/16:18:48,6956.314386,0.914781,0.788943,1.018219,0.827016,80,61,42,32,4,3,2,0,2127,1736,1336,1060
2026/02/05/16:18:49,6957.315168,0.914781,0.788943,1.018219,0.827016,80,61,42,32,4,3,2,0,2127,1736,1336,1060
2026/02/05/16:18:50,6958.315995,0.914781,0.788943,1.018219,0.827016,80,61,42,32,4,3,2,0,2127,1736,1336,1060
2026/02/05/16:18:51,6959.316781,0.914781,0.788943,1.018219,0.827016,80,61,42,32,4,3,2,0,2127,1736,1336,1060
2026/02/05/16:18:52,6960.317618,0.914781,0.788943,1.018219,0.827016,80,61,42,32,4,3,2,0,2127,1736,1336,1060
2026/02/05/16:18:53,6961.318147,0.914781,0.788943,1.018219,0.827016,80,61,42,32,4,3,2,0,2127,1736,1336,1060
2026/02/05/16:18:54,6962.318827,0.914781,0.788943,1.018219,0.827016,80,61,42,32,4,3,2,0,2127,1736,1336,1060
2026/02/05/16:18:55,6963.319416,0.914781,0.788943,1.018219,0.827016,80,61,42,32,4,3,2,0,2127,1736,1336,1060
2026/02/05/16:18:56,6964.320025,0.914781,0.788943,1.018219,0.827016,80,61,42,32,4,3,2,0,2127,1736,1336,1060
2026/02/05/16:18:57,6965.320575,0.914781,0.788943,1.018219,0.827016,80,61,42,32,4,3,2,0,2127,1736,1336,1060
2026/02/05/16:18:58,6966.321145,0.914781,0.788943,1.018219,0.827016,80,61,42,32,4,3,2,0,2127,1736,1336,1060
2026/02/05/16:18:59,6967.321760,0.909813,0.787238,1.013250,0.825311,79,61,42,32,4,3,2,0,2128,1736,1336,1060
2026/02/05/16:19:00,6968.322322,0.907937,0.785322,1.011375,0.823395,79,60,42,32,4,3,2,0,2128,1737,1336,1060
2026/02/05/16:19:01,6969.322782,0.907937,0.785322,1.011375,0.823395,79,60,42,32,4,3,2,0,2128,1737,1336,1060
2026/02/05/16:19:02,6970.323431,0.907937,0.785322,1.011375,0.823395,79,60,42,32,4,3,2,0,2128,1737,1336,1060
2026/02/05/16:19:03,6971.323914,0.907937,0.785322,1.011375,0.823395,79,60,42,32,4,3,2,0,2128,1737,1336,1060
2026/02/05/16:19:04,6972.324642,0.895188,0.780000,0.998625,0.818073,79,57,42,32,4,3,2,0,2128,1740,1336,1060
2026/02/05/16:19:05,6973.325221,0.895188,0.780000,0.998625,0.818073,79,57,42,32,4,3,2,0,2128,1740,1336,1060
2026/02/05/16:19:06,6974.325937,0.900406,0.781657,1.003844,0.819731,79,57,43,32,4,3,2,0,2128,1740,1336,1060
2026/02/05/16:19:07,6975.326584,0.900406,0.781657,1.003844,0.819731,79,57,43,32,4,3,2,0,2128,1740,1336,1060
2026/02/05/16:19:08,6976.327202,0.900406,0.781657,1.003844,0.819731,79,57,43,32,4,3,2,0,2128,1740,1336,1060
2026/02/05/16:19:09,6977.327870,0.900406,0.781657,1.003844,0.819731,79,57,43,32,4,3,2,0,2128,1740,1336,1060
2026/02/05/16:19:10,6978.328662,0.895188,0.780000,0.998625,0.818073,79,57,42,32,4,3,2,0,2128,1740,1337,1060
2026/02/05/16:19:11,6979.329568,0.895188,0.780000,0.998625,0.818073,79,57,42,32,4,3,2,0,2128,1740,1337,1060
2026/02/05/16:19:12,6980.330271,0.895188,0.780000,0.998625,0.818073,79,57,42,32,4,3,2,0,2128,1740,1337,1060
2026/02/05/16:19:13,6981.331045,0.895188,0.780000,0.964219,0.806129,79,57,42,32,4,0,2,0,2128,1740,1337,1060
2026/02/05/16:19:14,6982.332381,0.895188,0.780000,0.926906,0.799416,79,57,42,32,1,0,2,0,2128,1740,1337,1060
2026/02/05/16:19:15,6983.332973,0.895188,0.780000,0.926906,0.799416,79,57,42,32,1,0,2,0,2128,1740,1337,1060
2026/02/05/16:19:16,6984.333823,0.895188,0.780000,0.926906,0.799416,79,57,42,32,1,0,2,0,2128,1740,1337,1060
2026/02/05/16:19:17,6985.334533,0.895188,0.780000,0.926906,0.799416,79,57,42,32,1,0,2,0,2128,1740,1337,1060
2026/02/05/16:19:18,6986.335163,0.895188,0.780000,0.926906,0.799416,79,57,42,32,1,0,2,0,2128,1740,1337,1060
2026/02/05/16:19:19,6987.335737,0.895188,0.780000,0.926906,0.799416,79,57,42,32,1,0,2,0,2128,1740,1337,1060
2026/02/05/16:19:20,6988.336544,0.895188,0.780000,0.926906,0.799416,79,57,42,32,1,0,2,0,2128,1740,1337,1060
2026/02/05/16:19:21,6989.337130,0.895188,0.780000,0.926906,0.799416,79,57,42,32,1,0,2,0,2128,1740,1337,1060
2026/02/05/16:19:22,6990.337732,0.895188,0.780000,0.926906,0.799416,79,57,42,32,1,0,2,0,2128,1740,1337,1060
2026/02/05/16:19:23,6991.338389,0.895188,0.780000,0.926906,0.799416,79,57,42,32,1,0,2,0,2128,1740,1337,1060
2026/02/05/16:19:24,6992.339132,0.895188,0.780000,0.926906,0.799416,79,57,42,32,1,0,2,0,2128,1740,1337,1060
2026/02/05/16:19:25,6993.339717,0.900500,0.783916,0.932219,0.803333,79,57,44,32,1,0,2,0,2128,1740,1337,1060
2026/02/05/16:19:26,6994.340516,0.900500,0.783916,0.932219,0.803333,79,57,44,32,1,0,2,0,2128,1740,1337,1060
2026/02/05/16:19:27,6995.341210,0.908625,0.800901,0.945312,0.822326,83,57,44,32,1,0,2,1,2128,1740,1337,1060
2026/02/05/16:19:28,6996.341785,0.903656,0.803543,0.935375,0.822960,83,58,44,31,1,0,2,0,2128,1740,1337,1062
2026/02/05/16:19:29,6997.342634,0.896531,0.777986,0.928250,0.797402,85,55,44,31,1,0,2,0,2128,1743,1337,1062
2026/02/05/16:19:30,6998.343244,0.896531,0.777986,0.928250,0.797402,85,55,44,31,1,0,2,0,2128,1743,1337,1062
2026/02/05/16:19:31,6999.343782,0.906750,0.805423,0.938469,0.824839,84,55,47,32,1,0,2,0,2129,1743,1337,1062
2026/02/05/16:19:32,7000.344398,0.905000,0.800437,0.936719,0.819854,84,54,47,32,1,0,2,0,2129,1744,1337,1062
2026/02/05/16:19:33,7001.344872,0.905000,0.800437,0.936719,0.819854,84,54,47,32,1,0,2,0,2129,1744,1337,1062
2026/02/05/16:19:34,7002.345436,0.899687,0.796520,0.931406,0.815937,84,54,45,32,1,0,2,0,2129,1744,1339,1062
2026/02/05/16:19:35,7003.346032,0.899687,0.796520,0.931406,0.815937,84,54,45,32,1,0,2,0,2129,1744,1339,1062
2026/02/05/16:19:36,7004.346611,0.899687,0.796520,0.931406,0.815937,84,54,45,32,1,0,2,0,2129,1744,1339,1062
2026/02/05/16:19:37,7005.347533,0.899687,0.796520,0.931406,0.815937,84,54,45,32,1,0,2,0,2129,1744,1339,1062
2026/02/05/16:19:38,7006.348082,0.911188,0.808072,0.942906,0.827489,87,54,46,32,1,0,2,0,2129,1744,1339,1062
2026/02/05/16:19:39,7007.348632,0.911188,0.808072,0.942906,0.827489,87,54,46,32,1,0,2,0,2129,1744,1339,1062
2026/02/05/16:19:40,7008.349349,0.911188,0.808072,0.942906,0.827489,87,54,46,32,1,0,2,0,2129,1744,1339,1062
2026/02/05/16:19:41,7009.349872,0.911188,0.808072,0.942906,0.827489,87,54,46,32,1,0,2,0,2129,1744,1339,1062
2026/02/05/16:19:42,7010.350659,0.911188,0.808072,0.942906,0.827489,87,54,46,32,1,0,2,0,2129,1744,1339,1062
2026/02/05/16:19:43,7011.351258,0.911188,0.808072,0.942906,0.827489,87,54,46,32,1,0,2,0,2129,1744,1339,1062
2026/02/05/16:19:44,7012.351791,0.911188,0.808072,0.942906,0.827489,87,54,46,32,1,0,2,0,2129,1744,1339,1062
2026/02/05/16:19:45,7013.352399,0.919937,0.817441,0.951656,0.836858,87,54,46,34,1,0,2,0,2129,1744,1339,1063
2026/02/05/16:19:46,7014.353118,0.919937,0.817441,0.951656,0.836858,87,54,46,34,1,0,2,0,2129,1744,1339,1063
2026/02/05/16:19:47,7015.353753,0.906813,0.806078,0.938531,0.825494,87,54,46,31,1,0,2,0,2129,1744,1339,1066
2026/02/05/16:19:48,7016.354357,0.906813,0.806078,0.938531,0.825494,87,54,46,31,1,0,2,0,2129,1744,1339,1066
2026/02/05/16:19:49,7017.354913,0.896406,0.778352,0.928125,0.797769,87,54,43,31,1,0,2,0,2129,1744,1342,1066
2026/02/05/16:19:50,7018.355499,0.896406,0.778352,0.928125,0.797769,87,54,43,31,1,0,2,0,2129,1744,1342,1066
2026/02/05/16:19:51,7019.356300,0.896406,0.778352,0.928125,0.797769,87,54,43,31,1,0,2,0,2129,1744,1342,1066
2026/02/05/16:19:52,7020.357083,0.896406,0.778352,0.928125,0.797769,87,54,43,31,1,0,2,0,2129,1744,1342,1066
2026/02/05/16:19:53,7021.357878,0.896406,0.778352,0.928125,0.797769,87,54,43,31,1,0,2,0,2129,1744,1342,1066
2026/02/05/16:19:54,7022.358873,0.896406,0.778352,0.928125,0.797769,87,54,43,31,1,0,2,0,2129,1744,1342,1066
2026/02/05/16:19:55,7023.359550,0.896406,0.778352,0.928125,0.797769,87,54,43,31,1,0,2,0,2129,1744,1342,1066
2026/02/05/16:19:56,7024.360166,0.891375,0.776172,0.923094,0.795589,87,54,42,31,1,0,2,0,2129,1744,1343,1066
2026/02/05/16:19:57,7025.360961,0.893531,0.777781,0.930312,0.801973,88,54,42,31,4,0,2,0,2129,1744,1343,1066
2026/02/05/16:19:58,7026.361698,0.898594,0.782556,0.930312,0.801973,91,54,42,31,1,0,2,0,2129,1744,1343,1066
2026/02/05/16:19:59,7027.362453,0.898594,0.782556,0.930312,0.801973,91,54,42,31,1,0,2,0,2129,1744,1343,1066
2026/02/05/16:20:00,7028.363158,0.892500,0.768431,0.924219,0.787848,88,54,42,31,1,0,2,0,2132,1744,1343,1066
2026/02/05/16:20:01,7029.363642,0.892500,0.768431,0.924219,0.787848,88,54,42,31,1,0,2,0,2132,1744,1343,1066
2026/02/05/16:20:02,7030.364175,0.892500,0.768431,0.924219,0.787848,88,54,42,31,1,0,2,0,2132,1744,1343,1066
2026/02/05/16:20:03,7031.364755,0.892500,0.768431,0.924219,0.787848,88,54,42,31,1,0,2,0,2132,1744,1343,1066
2026/02/05/16:20:04,7032.365554,0.892500,0.768431,0.924219,0.787848,88,54,42,31,1,0,2,0,2132,1744,1343,1066
2026/02/05/16:20:05,7033.366161,0.883406,0.747038,0.915125,0.766455,88,51,42,31,1,0,2,0,2132,1747,1343,1066
2026/02/05/16:20:06,7034.366807,0.883406,0.747038,0.915125,0.766455,88,51,42,31,1,0,2,0,2132,1747,1343,1066
2026/02/05/16:20:07,7035.367537,0.869344,0.734694,0.901062,0.754111,85,51,42,31,1,0,2,0,2135,1747,1343,1066
2026/02/05/16:20:08,7036.368162,0.869344,0.734694,0.901062,0.754111,85,51,42,31,1,0,2,0,2135,1747,1343,1066
2026/02/05/16:20:09,7037.368814,0.869344,0.734694,0.901062,0.754111,85,51,42,31,1,0,2,0,2135,1747,1343,1066
2026/02/05/16:20:10,7038.369509,0.875906,0.749948,0.907625,0.769365,85,51,42,34,1,0,2,0,2135,1747,1343,1066
2026/02/05/16:20:11,7039.370301,0.875906,0.749948,0.907625,0.769365,85,51,42,34,1,0,2,0,2135,1747,1343,1066
2026/02/05/16:20:12,7040.370943,0.869906,0.743746,0.901625,0.763163,83,51,42,34,1,0,2,0,2137,1747,1343,1066
2026/02/05/16:20:13,7041.371609,0.869906,0.743746,0.901625,0.763163,83,51,42,34,1,0,2,0,2137,1747,1343,1066
2026/02/05/16:20:14,7042.372249,0.869906,0.743746,0.901625,0.763163,83,51,42,34,1,0,2,0,2137,1747,1343,1066
2026/02/05/16:20:15,7043.372928,0.863344,0.728493,0.895062,0.747910,83,51,42,31,1,0,2,0,2137,1747,1343,1069
2026/02/05/16:20:16,7044.373642,0.863344,0.728493,0.895062,0.747910,83,51,42,31,1,0,2,0,2137,1747,1343,1069
2026/02/05/16:20:17,7045.374224,0.886875,0.764194,0.918594,0.783611,85,51,42,40,1,0,2,0,2137,1747,1343,1069
2026/02/05/16:20:18,7046.374811,0.904344,0.777441,0.947000,0.811964,85,54,43,40,1,0,4,0,2137,1747,1343,1069
2026/02/05/16:20:19,7047.375266,0.899281,0.772665,0.941937,0.807188,82,54,43,40,1,0,4,0,2140,1747,1343,1069
2026/02/05/16:20:20,7048.375870,0.882094,0.750078,0.913813,0.769495,77,54,42,40,1,0,2,0,2145,1747,1344,1069
2026/02/05/16:20:21,7049.376568,0.882094,0.750078,0.913813,0.769495,77,54,42,40,1,0,2,0,2145,1747,1344,1069
2026/02/05/16:20:22,7050.377369,0.882094,0.750078,0.913813,0.769495,77,54,42,40,1,0,2,0,2145,1747,1344,1069
2026/02/05/16:20:23,7051.378183,0.870094,0.744384,0.901813,0.763801,77,51,42,40,1,0,2,0,2145,1750,1344,1069
2026/02/05/16:20:24,7052.378901,0.870094,0.744384,0.901813,0.763801,77,51,42,40,1,0,2,0,2145,1750,1344,1069
2026/02/05/16:20:25,7053.379451,0.863719,0.735403,0.895437,0.754819,77,51,42,37,1,0,2,0,2145,1750,1344,1072
2026/02/05/16:20:26,7054.380061,0.863719,0.735403,0.895437,0.754819,77,51,42,37,1,0,2,0,2145,1750,1344,1072
2026/02/05/16:20:27,7055.380919,0.863719,0.735403,0.895437,0.754819,77,51,42,37,1,0,2,0,2145,1750,1344,1072
2026/02/05/16:20:28,7056.381720,0.863719,0.735403,0.895437,0.754819,77,51,42,37,1,0,2,0,2145,1750,1344,1072
2026/02/05/16:20:29,7057.382404,0.863719,0.735403,0.895437,0.754819,77,51,42,37,1,0,2,0,2145,1750,1344,1072
2026/02/05/16:20:30,7058.383037,0.863719,0.735403,0.895437,0.754819,77,51,42,37,1,0,2,0,2145,1750,1344,1072
2026/02/05/16:20:31,7059.383539,0.863719,0.735403,0.895437,0.754819,77,51,42,37,1,0,2,0,2145,1750,1344,1072
2026/02/05/16:20:32,7060.384270,0.863719,0.735403,0.895437,0.754819,77,51,42,37,1,0,2,0,2145,1750,1344,1072
2026/02/05/16:20:33,7061.384668,0.863719,0.735403,0.895437,0.754819,77,51,42,37,1,0,2,0,2145,1750,1344,1072
2026/02/05/16:20:34,7062.385085,0.863719,0.735403,0.895437,0.754819,77,51,42,37,1,0,2,0,2145,1750,1344,1072
2026/02/05/16:20:35,7063.421135,0.863719,0.735403,0.895437,0.754819,77,51,42,37,1,0,2,0,2145,1750,1344,1072
2026/02/05/16:20:36,7064.604483,0.855469,0.719495,0.888563,0.752343,74,51,43,37,3,0,1,0,2148,1750,1344,1072
2026/02/05/16:20:37,7065.605147,0.889469,0.753248,0.889469,0.753248,78,51,43,37,0,0,0,0,2148,1750,1345,1072
2026/02/05/16:20:38,7066.605833,0.889469,0.753248,0.889469,0.753248,78,51,43,37,0,0,0,0,2148,1750,1345,1072
2026/02/05/16:20:39,7067.606574,0.874469,0.745393,0.874469,0.745393,76,51,43,37,0,0,0,0,2150,1750,1345,1072
2026/02/05/16:20:40,7068.607365,0.870281,0.743598,0.870281,0.743598,76,50,43,37,0,0,0,0,2150,1751,1345,1072
2026/02/05/16:20:41,7069.608042,0.884500,0.758518,0.884500,0.758518,78,53,43,37,0,0,0,0,2150,1751,1345,1072
2026/02/05/16:20:42,7070.608616,0.884500,0.758518,0.884500,0.758518,78,53,43,37,0,0,0,0,2150,1751,1345,1072
2026/02/05/16:20:43,7071.609434,0.884500,0.758518,0.891656,0.760115,78,53,43,37,1,0,0,0,2150,1751,1345,1072
2026/02/05/16:20:44,7072.610030,0.891656,0.760115,0.891656,0.760115,79,53,43,37,0,0,0,0,2150,1751,1345,1072
2026/02/05/16:20:45,7073.610640,0.891656,0.760115,0.891656,0.760115,79,53,43,37,0,0,0,0,2150,1751,1345,1072
2026/02/05/16:20:46,7074.611219,0.891656,0.760115,0.891656,0.760115,79,53,43,37,0,0,0,0,2150,1751,1345,1072
2026/02/05/16:20:47,7075.611824,0.891656,0.760115,0.891656,0.760115,79,53,43,37,0,0,0,0,2150,1751,1345,1072
2026/02/05/16:20:48,7076.612521,0.891656,0.760115,0.891656,0.760115,79,53,43,37,0,0,0,0,2150,1751,1345,1072
2026/02/05/16:20:49,7077.613196,0.891656,0.760115,0.891656,0.760115,79,53,43,37,0,0,0,0,2150,1751,1345,1072
2026/02/05/16:20:50,7078.613851,0.891656,0.760115,0.891656,0.760115,79,53,43,37,0,0,0,0,2150,1751,1345,1072
2026/02/05/16:20:51,7079.614604,0.885750,0.752062,0.885750,0.752062,79,50,43,37,0,0,0,0,2150,1754,1345,1072
2026/02/05/16:20:52,7080.615370,0.877437,0.745195,0.877437,0.745195,77,50,43,37,0,0,0,0,2152,1754,1345,1072
2026/02/05/16:20:53,7081.616113,0.885531,0.755326,0.885531,0.755326,78,50,46,37,0,0,0,0,2152,1754,1345,1072
2026/02/05/16:20:54,7082.616714,0.885531,0.755326,0.885531,0.755326,78,50,46,37,0,0,0,0,2152,1754,1345,1072
2026/02/05/16:20:55,7083.617451,0.885531,0.755326,0.885531,0.755326,78,50,46,37,0,0,0,0,2152,1754,1345,1072
2026/02/05/16:20:56,7084.618220,0.883750,0.752458,0.883750,0.752458,77,50,46,37,0,0,0,0,2153,1754,1345,1072
2026/02/05/16:20:57,7085.618839,0.883750,0.752458,0.883750,0.752458,77,50,46,37,0,0,0,0,2153,1754,1345,1072
2026/02/05/16:20:58,7086.619380,0.893687,0.768596,0.898656,0.776664,79,50,46,37,1,0,0,0,2153,1754,1345,1072
2026/02/05/16:20:59,7087.619869,0.903156,0.782905,0.903156,0.782905,80,51,46,37,0,0,0,0,2153,1754,1345,1072
2026/02/05/16:21:00,7088.620435,0.903156,0.782905,0.903156,0.782905,80,51,46,37,0,0,0,0,2153,1754,1345,1072
2026/02/05/16:21:01,7089.621007,0.899156,0.778893,0.899156,0.778893,80,51,44,37,0,0,0,0,2153,1754,1347,1072
2026/02/05/16:21:02,7090.621597,0.919281,0.832816,0.934781,0.841038,81,54,45,40,0,2,0,0,2153,1754,1347,1072
2026/02/05/16:21:03,7091.621981,0.919281,0.832816,0.934781,0.841038,81,54,45,40,0,2,0,0,2153,1754,1347,1072
2026/02/05/16:21:04,7092.622783,0.914656,0.827596,0.914656,0.827596,80,54,44,40,0,0,0,0,2154,1754,1348,1072
2026/02/05/16:21:05,7093.623360,0.914656,0.827596,0.914656,0.827596,80,54,44,40,0,0,0,0,2154,1754,1348,1072
2026/02/05/16:21:06,7094.624011,0.914656,0.827596,0.914656,0.827596,80,54,44,40,0,0,0,0,2154,1754,1348,1072
2026/02/05/16:21:07,7095.624600,0.914656,0.827596,0.914656,0.827596,80,54,44,40,0,0,0,0,2154,1754,1348,1072
2026/02/05/16:21:08,7096.625223,0.914656,0.827596,0.914656,0.827596,80,54,44,40,0,0,0,0,2154,1754,1348,1072
2026/02/05/16:21:09,7097.626076,0.912969,0.824349,0.912969,0.824349,80,54,43,40,0,0,0,0,2154,1754,1349,1072
2026/02/05/16:21:10,7098.626800,0.912969,0.824349,0.912969,0.824349,80,54,43,40,0,0,0,0,2154,1754,1349,1072
2026/02/05/16:21:11,7099.627651,0.925063,0.830062,0.928031,0.841312,82,54,43,41,1,0,0,0,2154,1754,1349,1072
2026/02/05/16:21:12,7100.628415,0.925063,0.830062,0.928031,0.841312,82,54,43,41,1,0,0,0,2154,1754,1349,1072
2026/02/05/16:21:13,7101.629173,0.925063,0.830062,0.925063,0.830062,82,54,43,41,0,0,0,0,2154,1754,1349,1072
2026/02/05/16:21:14,7102.629902,0.918000,0.826862,0.918000,0.826862,80,54,43,41,0,0,0,0,2156,1754,1349,1072
2026/02/05/16:21:15,7103.630681,0.918000,0.826862,0.918000,0.826862,80,54,43,41,0,0,0,0,2156,1754,1349,1072
2026/02/05/16:21:16,7104.631341,0.916000,0.824260,0.916000,0.824260,80,53,43,41,0,0,0,0,2156,1755,1349,1072
2026/02/05/16:21:17,7105.632121,0.916000,0.824260,0.916000,0.824260,80,53,43,41,0,0,0,0,2156,1755,1349,1072
2026/02/05/16:21:18,7106.632729,0.916000,0.824260,0.916000,0.824260,80,53,43,41,0,0,0,0,2156,1755,1349,1072
2026/02/05/16:21:19,7107.633424,0.916000,0.824260,0.916000,0.824260,80,53,43,41,0,0,0,0,2156,1755,1349,1072
2026/02/05/16:21:20,7108.634100,0.916000,0.824260,0.916000,0.824260,80,53,43,41,0,0,0,0,2156,1755,1349,1072
2026/02/05/16:21:21,7109.634832,0.916000,0.824260,0.916000,0.824260,80,53,43,41,0,0,0,0,2156,1755,1349,1072
2026/02/05/16:21:22,7110.635423,0.910000,0.798875,0.910000,0.798875,80,53,43,38,0,0,0,0,2156,1755,1349,1075
2026/02/05/16:21:23,7111.636117,0.910000,0.798875,0.910000,0.798875,80,53,43,38,0,0,0,0,2156,1755,1349,1075
2026/02/05/16:21:24,7112.636830,0.905500,0.792635,0.905500,0.792635,80,52,43,38,0,0,0,0,2156,1756,1349,1075
2026/02/05/16:21:25,7113.637443,0.905500,0.792635,0.905500,0.792635,80,52,43,38,0,0,0,0,2156,1756,1349,1075
2026/02/05/16:21:26,7114.638068,0.911687,0.801490,0.911687,0.801490,80,55,43,38,0,0,0,0,2156,1756,1349,1075
2026/02/05/16:21:27,7115.638701,0.921531,0.811859,0.972187,0.842795,80,55,43,42,1,5,1,0,2156,1756,1349,1075
2026/02/05/16:21:28,7116.639264,0.931750,0.830798,1.003812,0.866413,80,56,47,42,3,5,1,0,2156,1756,1349,1075
2026/02/05/16:21:29,7117.640079,0.940937,0.840553,1.051656,0.874369,82,56,49,42,6,5,1,0,2156,1756,1349,1075
2026/02/05/16:21:30,7118.640806,0.934562,0.832319,1.045281,0.866135,82,56,46,42,6,5,1,0,2156,1756,1352,1075
2026/02/05/16:21:31,7119.641564,0.934562,0.832319,1.030563,0.852389,82,56,46,42,6,2,1,0,2156,1756,1352,1075
2026/02/05/16:21:32,7120.642399,0.929125,0.824748,1.016469,0.842994,82,56,46,39,6,2,0,0,2156,1756,1352,1078
2026/02/05/16:21:33,7121.642970,0.944469,0.845229,1.010031,0.867514,85,56,46,39,3,2,0,2,2157,1756,1355,1078
2026/02/05/16:21:34,7122.643373,0.957406,0.860629,1.043156,0.892094,92,55,46,39,4,4,0,3,2158,1757,1355,1078
2026/02/05/16:21:35,7123.644104,0.962406,0.865284,1.036687,0.886060,92,55,43,44,4,4,0,0,2158,1757,1358,1078
2026/02/05/16:21:36,7124.644711,0.956500,0.860435,1.030781,0.881211,92,55,43,41,4,4,0,0,2158,1757,1358,1081
2026/02/05/16:21:37,7125.645314,0.948375,0.839715,1.010719,0.855167,92,53,43,41,4,2,0,0,2158,1759,1358,1081
2026/02/05/16:21:38,7126.646129,0.945719,0.830890,1.001781,0.844102,91,53,43,41,3,2,0,0,2159,1759,1358,1081
2026/02/05/16:21:39,7127.646996,0.945719,0.830890,0.968031,0.838115,91,53,43,41,0,2,0,0,2159,1759,1358,1081
2026/02/05/16:21:40,7128.647687,0.937094,0.821073,0.959406,0.828299,88,53,43,41,0,2,0,0,2162,1759,1358,1081
2026/02/05/16:21:41,7129.648456,0.937094,0.821073,0.959406,0.828299,88,53,43,41,0,2,0,0,2162,1759,1358,1081
2026/02/05/16:21:42,7130.649116,0.937094,0.821073,0.959406,0.828299,88,53,43,41,0,2,0,0,2162,1759,1358,1081
2026/02/05/16:21:43,7131.649727,0.937094,0.821073,0.959406,0.828299,88,53,43,41,0,2,0,0,2162,1759,1358,1081
2026/02/05/16:21:44,7132.650431,0.937094,0.821073,0.959406,0.828299,88,53,43,41,0,2,0,0,2162,1759,1358,1081
2026/02/05/16:21:45,7133.650943,0.930906,0.812217,0.953219,0.819443,88,50,43,41,0,2,0,0,2162,1762,1358,1081
2026/02/05/16:21:46,7134.651801,0.932813,0.814401,0.955125,0.821627,88,50,44,41,0,2,0,0,2162,1762,1358,1081
2026/02/05/16:21:47,7135.652401,0.959125,0.854178,1.002250,0.871577,90,53,47,42,1,2,1,1,2162,1762,1358,1081
2026/02/05/16:21:48,7136.652996,0.959125,0.854178,1.002250,0.871577,90,53,47,42,1,2,1,1,2162,1762,1358,1081
2026/02/05/16:21:49,7137.653462,0.955250,0.850551,0.998375,0.867950,90,53,45,42,1,2,1,1,2162,1762,1360,1081
2026/02/05/16:21:50,7138.654067,0.946281,0.839229,0.982406,0.848313,87,53,46,42,0,2,0,1,2165,1762,1360,1081
2026/02/05/16:21:51,7139.654812,0.935969,0.826486,0.972094,0.835571,84,53,46,42,0,2,0,1,2168,1762,1360,1081
2026/02/05/16:21:52,7140.655444,0.935969,0.826486,0.972094,0.835571,84,53,46,42,0,2,0,1,2168,1762,1360,1081
2026/02/05/16:21:53,7141.656080,0.930438,0.814324,0.966562,0.823408,84,53,46,39,0,2,0,1,2168,1762,1360,1084
2026/02/05/16:21:54,7142.656684,0.930438,0.814324,0.966562,0.823408,84,53,46,39,0,2,0,1,2168,1762,1360,1084
2026/02/05/16:21:55,7143.657445,0.930438,0.814324,0.966562,0.823408,84,53,46,39,0,2,0,1,2168,1762,1360,1084
2026/02/05/16:21:56,7144.658158,0.930438,0.814324,0.966562,0.823408,84,53,46,39,0,2,0,1,2168,1762,1360,1084
2026/02/05/16:21:57,7145.658864,0.930438,0.814324,0.966562,0.823408,84,53,46,39,0,2,0,1,2168,1762,1360,1084
2026/02/05/16:21:58,7146.659584,0.930438,0.814324,0.966562,0.823408,84,53,46,39,0,2,0,1,2168,1762,1360,1084
2026/02/05/16:21:59,7147.660430,0.930438,0.814324,0.966562,0.823408,84,53,46,39,0,2,0,1,2168,1762,1360,1084
2026/02/05/16:22:00,7148.661129,0.930438,0.814324,0.966562,0.823408,84,53,46,39,0,2,0,1,2168,1762,1360,1084
2026/02/05/16:22:01,7149.661811,0.930438,0.814324,0.966562,0.823408,84,53,46,39,0,2,0,1,2168,1762,1360,1084
2026/02/05/16:22:02,7150.662455,0.930438,0.814324,0.966562,0.823408,84,53,46,39,0,2,0,1,2168,1762,1360,1084
2026/02/05/16:22:03,7151.663019,0.930438,0.814324,0.966562,0.823408,84,53,46,39,0,2,0,1,2168,1762,1360,1084
2026/02/05/16:22:04,7152.663582,0.921344,0.794710,0.957469,0.803795,84,50,46,39,0,2,0,1,2168,1765,1360,1084
2026/02/05/16:22:05,7153.664356,0.921344,0.794710,0.957469,0.803795,84,50,46,39,0,2,0,1,2168,1765,1360,1084
2026/02/05/16:22:06,7154.665012,0.921344,0.794710,0.957469,0.803795,84,50,46,39,0,2,0,1,2168,1765,1360,1084
2026/02/05/16:22:07,7155.665584,0.921344,0.794710,0.957469,0.803795,84,50,46,39,0,2,0,1,2168,1765,1360,1084
2026/02/05/16:22:08,7156.666156,0.910000,0.790063,0.946125,0.799147,84,50,46,37,0,2,0,1,2168,1765,1360,1086
2026/02/05/16:22:09,7157.666953,0.910000,0.790063,0.946125,0.799147,84,50,46,37,0,2,0,1,2168,1765,1360,1086
2026/02/05/16:22:10,7158.667893,0.910000,0.790063,0.946125,0.799147,84,50,46,37,0,2,0,1,2168,1765,1360,1086
2026/02/05/16:22:11,7159.668719,0.910000,0.790063,0.946125,0.799147,84,50,46,37,0,2,0,1,2168,1765,1360,1086
2026/02/05/16:22:12,7160.669527,0.910000,0.790063,0.946125,0.799147,84,50,46,37,0,2,0,1,2168,1765,1360,1086
2026/02/05/16:22:13,7161.670312,0.910000,0.790063,0.946125,0.799147,84,50,46,37,0,2,0,1,2168,1765,1360,1086
2026/02/05/16:22:14,7162.670902,0.910000,0.790063,0.946125,0.799147,84,50,46,37,0,2,0,1,2168,1765,1360,1086
2026/02/05/16:22:15,7163.671704,0.910000,0.790063,0.946125,0.799147,84,50,46,37,0,2,0,1,2168,1765,1360,1086
2026/02/05/16:22:16,7164.672290,0.931219,0.810965,0.998656,0.840763,87,50,47,38,1,5,0,2,2168,1765,1360,1086
2026/02/05/16:22:17,7165.672984,0.927656,0.802162,1.023594,0.861080,87,49,47,37,3,5,0,4,2168,1766,1360,1087
2026/02/05/16:22:18,7166.673868,0.927656,0.802162,1.023594,0.861080,87,49,47,37,3,5,0,4,2168,1766,1360,1087
2026/02/05/16:22:19,7167.674573,0.924375,0.790796,1.020312,0.849713,87,49,46,37,3,5,0,4,2168,1766,1361,1087
2026/02/05/16:22:20,7168.675294,0.924375,0.790796,1.020312,0.849713,87,49,46,37,3,5,0,4,2168,1766,1361,1087
2026/02/05/16:22:21,7169.676168,0.927375,0.791073,1.011937,0.845889,87,51,46,35,3,3,0,4,2168,1766,1361,1089
2026/02/05/16:22:22,7170.676843,0.927375,0.791073,1.011937,0.845889,87,51,46,35,3,3,0,4,2168,1766,1361,1089
2026/02/05/16:22:23,7171.677460,0.927375,0.791073,0.988406,0.807094,87,51,46,35,3,3,0,1,2168,1766,1361,1089
2026/02/05/16:22:24,7172.678164,0.927375,0.791073,0.966094,0.799869,87,51,46,35,3,1,0,1,2168,1766,1361,1089
2026/02/05/16:22:25,7173.678846,0.927375,0.791073,0.946875,0.794983,87,51,46,35,0,1,0,1,2168,1766,1361,1089
2026/02/05/16:22:26,7174.679497,0.927375,0.791073,0.946875,0.794983,87,51,46,35,0,1,0,1,2168,1766,1361,1089
2026/02/05/16:22:27,7175.680192,0.927375,0.791073,0.946875,0.794983,87,51,46,35,0,1,0,1,2168,1766,1361,1089
2026/02/05/16:22:28,7176.680914,0.927375,0.791073,0.946875,0.794983,87,51,46,35,0,1,0,1,2168,1766,1361,1089
2026/02/05/16:22:29,7177.681612,0.922687,0.780916,0.942187,0.784826,84,51,46,35,0,1,0,1,2171,1766,1361,1089
2026/02/05/16:22:30,7178.682352,0.922687,0.780916,0.942187,0.784826,84,51,46,35,0,1,0,1,2171,1766,1361,1089
2026/02/05/16:22:31,7179.683038,0.911312,0.776814,0.925125,0.778673,84,49,46,35,0,0,0,1,2171,1768,1361,1089
2026/02/05/16:22:32,7180.683842,0.911312,0.776814,0.925125,0.778673,84,49,46,35,0,0,0,1,2171,1768,1361,1089
2026/02/05/16:22:33,7181.684512,0.911312,0.776814,0.925125,0.778673,84,49,46,35,0,0,0,1,2171,1768,1361,1089
2026/02/05/16:22:34,7182.685163,0.900750,0.770629,0.914562,0.772487,82,49,46,35,0,0,0,1,2173,1768,1361,1089
2026/02/05/16:22:35,7183.685802,0.896125,0.765095,0.909937,0.766954,80,49,46,35,0,0,0,1,2175,1768,1361,1089
2026/02/05/16:22:36,7184.686535,0.896125,0.765095,0.909937,0.766954,80,49,46,35,0,0,0,1,2175,1768,1361,1089
2026/02/05/16:22:37,7185.687294,0.921469,0.794652,0.935281,0.796510,83,52,47,37,0,0,0,1,2175,1768,1361,1089
2026/02/05/16:22:38,7186.687857,0.921469,0.794652,0.935281,0.796510,83,52,47,37,0,0,0,1,2175,1768,1361,1089
2026/02/05/16:22:39,7187.688374,0.919063,0.792917,0.932875,0.794776,82,52,47,37,0,0,0,1,2176,1768,1361,1089
2026/02/05/16:22:40,7188.689013,0.916031,0.790587,0.929844,0.792445,82,52,46,37,0,0,0,1,2176,1768,1362,1089
2026/02/05/16:22:41,7189.689643,0.916031,0.790587,0.929844,0.792445,82,52,46,37,0,0,0,1,2176,1768,1362,1089
2026/02/05/16:22:42,7190.690383,0.916031,0.790587,0.929844,0.792445,82,52,46,37,0,0,0,1,2176,1768,1362,1089
2026/02/05/16:22:43,7191.691137,0.907344,0.787101,0.921156,0.788959,82,50,46,37,0,0,0,1,2176,1770,1362,1089
2026/02/05/16:22:44,7192.691739,0.902469,0.772262,0.916281,0.774121,79,50,46,37,0,0,0,1,2179,1770,1362,1089
2026/02/05/16:22:45,7193.692580,0.902469,0.772262,0.916281,0.774121,79,50,46,37,0,0,0,1,2179,1770,1362,1089
2026/02/05/16:22:46,7194.693366,0.902469,0.772262,0.916281,0.774121,79,50,46,37,0,0,0,1,2179,1770,1362,1089
2026/02/05/16:22:47,7195.694043,0.902469,0.772262,0.916281,0.774121,79,50,46,37,0,0,0,1,2179,1770,1362,1089
2026/02/05/16:22:48,7196.694838,0.902469,0.772262,0.916281,0.774121,79,50,46,37,0,0,0,1,2179,1770,1362,1089
2026/02/05/16:22:49,7197.695324,0.902469,0.772262,0.916281,0.774121,79,50,46,37,0,0,0,1,2179,1770,1362,1089
2026/02/05/16:22:50,7198.695935,0.902469,0.772262,0.916281,0.774121,79,50,46,37,0,0,0,1,2179,1770,1362,1089
2026/02/05/16:22:51,7199.696824,0.902469,0.772262,0.916281,0.774121,79,50,46,37,0,0,0,1,2179,1770,1362,1089
2026/02/05/16:22:52,7200.697509,0.902469,0.772262,0.916281,0.774121,79,50,46,37,0,0,0,1,2179,1770,1362,1089
2026/02/05/16:22:53,7201.698097,0.902469,0.772262,0.916281,0.774121,79,50,46,37,0,0,0,1,2179,1770,1362,1089
2026/02/05/16:22:54,7202.698666,0.902469,0.772262,0.916281,0.774121,79,50,46,37,0,0,0,1,2179,1770,1362,1089
